0 0.71015625 0.78125 0.04375 0.21796875
0 0.92265625 0.41796875 0.03671875 0.18203125
0 0.92109375 0.2921875 0.0421875 0.17734375
0 0.259375 0.7859375 0.053125 0.21171875
0 0.265625 0.54375 0.03984375 0.18671875
0 0.32109375 0.521875 0.04453125 0.19765625
0 0.4390625 0.4953125 0.05234375 0.19765625
0 0.34296875 0.4078125 0.040625 0.18671875
0 0.4203125 0.45859375 0.03828125 0.18203125
0 0.50625 0.47578125 0.03046875 0.20234375
0 0.503125 0.4484375 0.0515625 0.18984375
0 0.465625 0.3109375 0.04609375 0.17109375
2 0.1265625 0.328125 0.0375 0.17734375
1 0.559375 0.3875 0.0515625 0.18515625