0 0.21796875 0.315625 0.02421875 0.10859375
0 0.2703125 0.4484375 0.03828125 0.109375
0 0.31484375 0.45859375 0.02890625 0.09453125
0 0.70390625 0.284375 0.02734375 0.08203125
0 0.65390625 0.27109375 0.03203125 0.08671875
0 0.56875 0.34609375 0.03671875 0.1015625
0 0.56015625 0.346875 0.040625 0.07890625
0 0.40703125 0.41328125 0.0359375 0.1046875
0 0.37734375 0.3875 0.034375 0.06953125
0 0.50625 0.38203125 0.0390625 0.1
0 0.409375 0.359375 0.0296875 0.08046875
0 0.43125 0.39921875 0.04140625 0.09921875
0 0.44453125 0.371875 0.03046875 0.07421875
0 0.4609375 0.403125 0.0390625 0.0703125
0 0.47109375 0.36171875 0.03046875 0.05390625
0 0.4828125 0.33828125 0.02734375 0.0609375
0 0.50625 0.3359375 0.03203125 0.05078125
0 0.52890625 0.365625 0.04375 0.07890625
1 0.18828125 0.28359375 0.03046875 0.0953125
1 0.8109375 0.21640625 0.0234375 0.07734375