1 0.25390625 0.2453125 0.03125 0.08671875
1 0.61875 0.25234375 0.0234375 0.08515625
1 0.81953125 0.271875 0.01953125 0.084375
1 0.65 0.815625 0.034375 0.1765625
0 0.4703125 0.678125 0.03828125 0.18046875
0 0.51875 0.6109375 0.03984375 0.16953125
0 0.56953125 0.56640625 0.0359375 0.1546875
0 0.621875 0.490625 0.0390625 0.13984375
0 0.6953125 0.4328125 0.03203125 0.13046875
0 0.72265625 0.41640625 0.0265625 0.12734375
0 0.69375 0.39296875 0.025 0.11640625
0 0.77265625 0.34609375 0.021875 0.1046875
0 0.7734375 0.31640625 0.01875 0.10234375
0 0.78984375 0.296875 0.02109375 0.09609375
0 0.91015625 0.29921875 0.02265625 0.09609375
0 0.8953125 0.33515625 0.0234375 0.08984375
0 0.89296875 0.43515625 0.02578125 0.12109375
0 0.84765625 0.35625 0.02734375 0.10546875
0 0.8265625 0.46015625 0.03125 0.12890625
0 0.80703125 0.42109375 0.025 0.12109375
0 0.7796875 0.51328125 0.02890625 0.14453125
0 0.72421875 0.59765625 0.03046875 0.13984375
0 0.69375 0.75078125 0.03125 0.175
0 0.6859375 0.66953125 0.04296875 0.16640625