0 0.57109375 0.40625 0.0171875 0.05234375
0 0.55 0.50078125 0.01796875 0.05078125
0 0.5140625 0.71328125 0.0265625 0.0984375
0 0.4390625 0.7140625 0.028125 0.103125
0 0.50625 0.4046875 0.0203125 0.05859375
0 0.41484375 0.50703125 0.03125 0.06953125
0 0.4015625 0.45 0.0171875 0.05390625
0 0.39296875 0.5390625 0.03359375 0.05703125
0 0.3734375 0.57578125 0.03046875 0.04609375
0 0.36640625 0.5609375 0.03203125 0.04453125
0 0.3671875 0.52578125 0.028125 0.04140625
0 0.353125 0.51328125 0.0203125 0.05703125
0 0.3421875 0.53125 0.015625 0.05703125
0 0.3734375 0.49140625 0.025 0.04453125
0 0.35390625 0.44765625 0.0140625 0.04921875
0 0.34453125 0.4828125 0.0171875 0.03984375
0 0.33359375 0.50234375 0.0109375 0.06640625
0 0.31953125 0.5046875 0.02109375 0.06796875
0 0.32890625 0.40703125 0.01875 0.06171875
0 0.22109375 0.5125 0.01640625 0.08359375
1 0.80546875 0.34140625 0.02265625 0.05859375
1 0.39765625 0.334375 0.0203125 0.04765625
1 0.06328125 0.45703125 0.02265625 0.08359375
1 0.2296875 0.88984375 0.03046875 0.08125