0 0.55078125 0.52265625 0.06484375 0.1203125
0 0.50234375 0.43984375 0.03984375 0.11953125
0 0.3703125 0.3453125 0.0375 0.1265625
0 0.63515625 0.5125 0.0265625 0.1078125
0 0.4078125 0.4890625 0.03359375 0.11015625
0 0.79453125 0.840625 0.0390625 0.17109375
0 0.60625 0.56328125 0.02890625 0.14296875
0 0.86328125 0.88125 0.04453125 0.171875
0 0.36484375 0.52265625 0.0421875 0.125
0 0.28828125 0.4796875 0.025 0.14921875
0 0.12578125 0.46171875 0.02421875 0.14765625
0 0.47421875 0.434375 0.03046875 0.13203125
0 0.16171875 0.39453125 0.03046875 0.13984375
0 0.3578125 0.45 0.0390625 0.0703125
0 0.1390625 0.42734375 0.0171875 0.1421875
0 0.2859375 0.4484375 0.02265625 0.115625
0 0.4546875 0.16875 0.0265625 0.121875
0 0.40546875 0.1390625 0.03828125 0.1203125
0 0.39921875 0.51015625 0.05234375 0.11875
1 0.96796875 0.05390625 0.0203125 0.09453125
1 0.32265625 0.03203125 0.0234375 0.0640625
1 0.44375 0.9734375 0.0390625 0.053125