0 0.9873046875 0.375 0.0244140625 0.0595703125
1 0.6953125 0.279296875 0.029296875 0.0693359375
0 0.5244140625 0.4892578125 0.06640625 0.05078125
0 0.4609375 0.4228515625 0.046875 0.0751953125
0 0.8203125 0.5234375 0.0419921875 0.0771484375
0 0.2626953125 0.4892578125 0.0546875 0.091796875
0 0.5986328125 0.6767578125 0.04296875 0.109375
0 0.373046875 0.458984375 0.0390625 0.076171875
0 0.5712890625 0.45703125 0.0458984375 0.08203125
0 0.6142578125 0.4609375 0.0458984375 0.0771484375
0 0.6513671875 0.669921875 0.044921875 0.1005859375
0 0.974609375 0.6064453125 0.0478515625 0.0986328125
0 0.2041015625 0.484375 0.0546875 0.072265625
1 0.109375 0.3955078125 0.0390625 0.0751953125
0 0.27734375 0.60546875 0.0400390625 0.0888671875
0 0.412109375 0.4853515625 0.05859375 0.07421875
0 0.4853515625 0.4794921875 0.060546875 0.060546875