0 0.548828125 0.474609375 0.0361328125 0.0732421875
0 0.49609375 0.4033203125 0.0302734375 0.037109375
0 0.59765625 0.4892578125 0.046875 0.06640625
1 0.2685546875 0.2685546875 0.02734375 0.0595703125
0 0.44921875 0.416015625 0.0439453125 0.0673828125
0 0.650390625 0.4482421875 0.0302734375 0.07421875
0 0.61328125 0.50390625 0.03125 0.0791015625
0 0.4638671875 0.4638671875 0.056640625 0.0654296875
0 0.0146484375 0.3671875 0.029296875 0.0634765625
0 0.2880859375 0.4248046875 0.0361328125 0.0693359375
0 0.185546875 0.578125 0.0517578125 0.078125
0 0.51953125 0.48046875 0.0498046875 0.0791015625
0 0.1630859375 0.3564453125 0.0546875 0.05859375
0 0.1708984375 0.7451171875 0.0634765625 0.072265625
1 0.806640625 0.384765625 0.0244140625 0.072265625
0 0.3369140625 0.5654296875 0.046875 0.0791015625
0 0.568359375 0.4228515625 0.041015625 0.0654296875
0 0.375 0.5595703125 0.0498046875 0.0751953125
0 0.4287109375 0.560546875 0.046875 0.072265625