0 0.2412109375 0.4541015625 0.03515625 0.0625
0 0.9853515625 0.607421875 0.0283203125 0.0712890625
0 0.0966796875 0.451171875 0.068359375 0.080078125
0 0.740234375 0.5126953125 0.037109375 0.0791015625
0 0.7197265625 0.50390625 0.0400390625 0.0654296875
0 0.1748046875 0.423828125 0.05078125 0.072265625
0 0.2509765625 0.4765625 0.044921875 0.078125
1 0.376953125 0.2705078125 0.0263671875 0.0595703125
0 0.3173828125 0.4482421875 0.0439453125 0.06640625
0 0.7275390625 0.3662109375 0.0380859375 0.06640625
0 0.2255859375 0.431640625 0.0419921875 0.060546875
0 0.6259765625 0.4404296875 0.05078125 0.0703125
0 0.765625 0.5400390625 0.048828125 0.0673828125
0 0.2861328125 0.4814453125 0.04296875 0.076171875
0 0.455078125 0.5458984375 0.0478515625 0.0712890625
0 0.373046875 0.4169921875 0.0322265625 0.06640625
0 0.9013671875 0.6015625 0.0400390625 0.0791015625
0 0.8203125 0.3740234375 0.0458984375 0.056640625