0 0.80078125 0.55078125 0.072265625 0.1416015625
0 0.79296875 0.4580078125 0.04296875 0.0869140625
0 0.640625 0.5625 0.0634765625 0.134765625
0 0.4326171875 0.458984375 0.060546875 0.0986328125
0 0.8935546875 0.462890625 0.05859375 0.103515625
0 0.97265625 0.6845703125 0.0546875 0.103515625
0 0.6552734375 0.4423828125 0.05859375 0.111328125
0 0.6923828125 0.5400390625 0.0595703125 0.1259765625
0 0.6064453125 0.5498046875 0.076171875 0.134765625
0 0.9462890625 0.4404296875 0.0595703125 0.1396484375
0 0.59375 0.4404296875 0.064453125 0.11328125
0 0.7587890625 0.4833984375 0.0595703125 0.12890625
0 0.8671875 0.517578125 0.0595703125 0.1357421875
0 0.5263671875 0.44921875 0.072265625 0.130859375
0 0.517578125 0.646484375 0.0732421875 0.1044921875
0 0.482421875 0.6279296875 0.072265625 0.130859375
0 0.3896484375 0.45703125 0.0712890625 0.12109375
0 0.927734375 0.5810546875 0.080078125 0.1396484375
0 0.31640625 0.4833984375 0.0830078125 0.119140625
0 0.6669921875 0.6337890625 0.08984375 0.1328125
0 0.46484375 0.4970703125 0.0791015625 0.123046875