0 0.451171875 0.478515625 0.0576171875 0.076171875
0 0.5234375 0.4501953125 0.0556640625 0.0712890625
0 0.626953125 0.423828125 0.0791015625 0.0654296875
0 0.62109375 0.453125 0.0888671875 0.07421875
0 0.8271484375 0.4462890625 0.0546875 0.1044921875
0 0.9853515625 0.3466796875 0.029296875 0.08984375
0 0.4609375 0.4208984375 0.0556640625 0.0576171875
0 0.58984375 0.4873046875 0.06640625 0.078125
0 0.1474609375 0.427734375 0.05078125 0.09765625
0 0.416015625 0.5048828125 0.0576171875 0.083984375
0 0.6318359375 0.380859375 0.06640625 0.0810546875
0 0.5458984375 0.53125 0.0634765625 0.0966796875
0 0.564453125 0.34765625 0.0576171875 0.0888671875
0 0.662109375 0.642578125 0.04296875 0.125
0 0.259765625 0.458984375 0.052734375 0.0966796875
0 0.81640625 0.494140625 0.0576171875 0.1015625
0 0.353515625 0.634765625 0.091796875 0.123046875