0 0.638671875 0.353515625 0.0341796875 0.052734375
0 0.6533203125 0.3818359375 0.0400390625 0.0419921875
0 0.701171875 0.3583984375 0.0390625 0.0419921875
1 0.4853515625 0.248046875 0.0263671875 0.0576171875
0 0.5751953125 0.431640625 0.0341796875 0.037109375
0 0.5859375 0.4736328125 0.04296875 0.05859375
0 0.107421875 0.4599609375 0.0390625 0.0703125
0 0.791015625 0.3828125 0.03125 0.05859375
0 0.783203125 0.4404296875 0.0419921875 0.07421875
0 0.603515625 0.392578125 0.0478515625 0.0634765625
0 0.552734375 0.4833984375 0.03515625 0.0791015625
0 0.09375 0.37109375 0.037109375 0.0634765625
0 0.498046875 0.3310546875 0.0576171875 0.05859375
0 0.642578125 0.427734375 0.0478515625 0.0732421875
0 0.2548828125 0.318359375 0.0400390625 0.060546875
0 0.666015625 0.4453125 0.052734375 0.0810546875
0 0.619140625 0.51171875 0.052734375 0.0634765625
0 0.291015625 0.537109375 0.0546875 0.076171875