0 0.4287109375 0.3544921875 0.03125 0.03515625
0 0.494140625 0.3671875 0.03515625 0.041015625
0 0.51953125 0.4326171875 0.064453125 0.0439453125
0 0.576171875 0.3466796875 0.0234375 0.0654296875
0 0.306640625 0.376953125 0.0419921875 0.064453125
0 0.2900390625 0.3984375 0.0341796875 0.0615234375
0 0.5029296875 0.3974609375 0.0478515625 0.037109375
0 0.40625 0.40234375 0.044921875 0.0634765625
0 0.53515625 0.4580078125 0.0595703125 0.0546875
0 0.4287109375 0.427734375 0.041015625 0.0517578125
0 0.4931640625 0.3359375 0.0595703125 0.0478515625
0 0.4169921875 0.2861328125 0.02734375 0.052734375
0 0.4873046875 0.2861328125 0.025390625 0.0517578125
0 0.8291015625 0.4658203125 0.0380859375 0.0791015625
0 0.6513671875 0.404296875 0.03125 0.0625
0 0.736328125 0.3466796875 0.0380859375 0.0595703125
0 0.4013671875 0.34765625 0.03515625 0.0576171875
0 0.40234375 0.505859375 0.0478515625 0.0693359375
0 0.4287109375 0.6123046875 0.0576171875 0.076171875
0 0.5546875 0.6142578125 0.0419921875 0.0751953125