0 0.408203125 0.345703125 0.0341796875 0.0703125
0 0.609375 0.435546875 0.0400390625 0.08984375
0 0.533203125 0.4150390625 0.05078125 0.076171875
0 0.3701171875 0.326171875 0.03125 0.07421875
0 0.615234375 0.369140625 0.037109375 0.0869140625
0 0.4912109375 0.4072265625 0.05078125 0.076171875
0 0.3076171875 0.3447265625 0.046875 0.0634765625
0 0.736328125 0.4033203125 0.029296875 0.0810546875
0 0.0224609375 0.494140625 0.044921875 0.08984375
0 0.2216796875 0.4921875 0.0498046875 0.083984375
0 0.177734375 0.3857421875 0.0322265625 0.083984375
0 0.232421875 0.6171875 0.0732421875 0.1181640625
0 0.1474609375 0.626953125 0.0888671875 0.1015625
0 0.435546875 0.3974609375 0.0419921875 0.0791015625
0 0.5810546875 0.451171875 0.0625 0.0810546875
0 0.3681640625 0.4970703125 0.0576171875 0.0869140625
0 0.298828125 0.5078125 0.044921875 0.083984375