0 0.486328125 0.4765625 0.044921875 0.05859375
0 0.548828125 0.466796875 0.0546875 0.0419921875
0 0.9853515625 0.388671875 0.029296875 0.08984375
0 0.4462890625 0.5 0.0546875 0.04296875
1 0.4609375 0.26171875 0.0341796875 0.0791015625
0 0.4443359375 0.3837890625 0.0419921875 0.076171875
0 0.4375 0.5478515625 0.05859375 0.0732421875
0 0.435546875 0.431640625 0.0478515625 0.0341796875
0 0.431640625 0.4619140625 0.0546875 0.0478515625
0 0.5908203125 0.560546875 0.0654296875 0.0791015625
0 0.4794921875 0.53125 0.0556640625 0.068359375
0 0.7451171875 0.533203125 0.04296875 0.1025390625
0 0.5556640625 0.44140625 0.0546875 0.0390625
0 0.357421875 0.4052734375 0.029296875 0.0791015625
0 0.8173828125 0.3544921875 0.0341796875 0.078125
0 0.5498046875 0.392578125 0.037109375 0.068359375
0 0.705078125 0.462890625 0.044921875 0.0791015625
0 0.11328125 0.478515625 0.044921875 0.0869140625