1 0.0126953125 0.41015625 0.0244140625 0.0615234375
0 0.583984375 0.4736328125 0.0546875 0.0498046875
0 0.4130859375 0.5205078125 0.04296875 0.0537109375
0 0.5009765625 0.482421875 0.044921875 0.060546875
0 0.5810546875 0.4423828125 0.0556640625 0.04296875
0 0.54296875 0.5703125 0.044921875 0.0771484375
0 0.544921875 0.529296875 0.068359375 0.052734375
0 0.5556640625 0.48828125 0.05859375 0.048828125
0 0.791015625 0.4453125 0.0419921875 0.07421875
0 0.6884765625 0.5537109375 0.0458984375 0.0751953125
0 0.685546875 0.49609375 0.0419921875 0.0634765625
0 0.271484375 0.46875 0.0400390625 0.0693359375
0 0.384765625 0.57421875 0.0537109375 0.087890625
0 0.4609375 0.5400390625 0.056640625 0.0859375
0 0.6220703125 0.36328125 0.033203125 0.0595703125
0 0.77734375 0.658203125 0.0556640625 0.0888671875
0 0.5361328125 0.3544921875 0.046875 0.0703125