0 0.5087890625 0.5576171875 0.103515625 0.109375
0 0.4609375 0.5654296875 0.08203125 0.0615234375
0 0.6416015625 0.4716796875 0.0712890625 0.1640625
0 0.5546875 0.525390625 0.1015625 0.1826171875
0 0.8994140625 0.3203125 0.0966796875 0.1796875
0 0.296875 0.4326171875 0.091796875 0.181640625
0 0.6494140625 0.6171875 0.09765625 0.20703125
0 0.6708984375 0.419921875 0.056640625 0.19140625
0 0.955078125 0.466796875 0.078125 0.1962890625
0 0.390625 0.529296875 0.087890625 0.203125
0 0.203125 0.453125 0.1298828125 0.1962890625
0 0.5849609375 0.3896484375 0.0791015625 0.1826171875
1 0.0859375 0.669921875 0.0830078125 0.11328125