0 0.4638671875 0.4970703125 0.0556640625 0.1044921875
0 0.59765625 0.5 0.052734375 0.1162109375
0 0.560546875 0.2919921875 0.0341796875 0.1015625
0 0.625 0.509765625 0.05859375 0.115234375
0 0.33984375 0.453125 0.05078125 0.119140625
0 0.537109375 0.455078125 0.046875 0.109375
1 0.6875 0.2578125 0.0380859375 0.0771484375
0 0.4951171875 0.521484375 0.0478515625 0.126953125
0 0.3896484375 0.5546875 0.0546875 0.140625
1 0.94921875 0.404296875 0.048828125 0.11328125
0 0.720703125 0.4814453125 0.0751953125 0.0947265625
0 0.517578125 0.5810546875 0.0546875 0.14453125
0 0.8046875 0.408203125 0.041015625 0.12109375
0 0.412109375 0.7041015625 0.060546875 0.13671875
0 0.21875 0.521484375 0.0400390625 0.1259765625