0 0.974609375 0.548828125 0.05078125 0.091796875
0 0.4267578125 0.396484375 0.046875 0.0712890625
0 0.919921875 0.3623046875 0.0419921875 0.0712890625
0 0.4755859375 0.4541015625 0.0478515625 0.0888671875
0 0.404296875 0.3955078125 0.0498046875 0.0869140625
0 0.439453125 0.513671875 0.06640625 0.1025390625
0 0.466796875 0.38671875 0.03515625 0.0634765625
1 0.544921875 0.25390625 0.0400390625 0.0703125
0 0.376953125 0.521484375 0.0634765625 0.099609375
0 0.7275390625 0.58984375 0.0576171875 0.1171875
0 0.330078125 0.580078125 0.0556640625 0.1181640625
0 0.341796875 0.3935546875 0.0419921875 0.08984375
0 0.267578125 0.435546875 0.0576171875 0.09765625
0 0.517578125 0.3720703125 0.0390625 0.0869140625
0 0.7265625 0.443359375 0.04296875 0.0947265625