0 0.4599609375 0.490234375 0.046875 0.0986328125
1 0.6943359375 0.2451171875 0.0302734375 0.05078125
0 0.64453125 0.498046875 0.0458984375 0.11328125
0 0.5380859375 0.279296875 0.0458984375 0.1044921875
0 0.5595703125 0.294921875 0.033203125 0.09375
0 0.498046875 0.513671875 0.0576171875 0.126953125
0 0.392578125 0.47265625 0.0478515625 0.07421875
0 0.5263671875 0.4482421875 0.041015625 0.1015625
0 0.974609375 0.3837890625 0.05078125 0.103515625
0 0.3173828125 0.4501953125 0.0390625 0.111328125
0 0.4833984375 0.5771484375 0.0654296875 0.1328125
0 0.3740234375 0.544921875 0.05859375 0.140625
0 0.22265625 0.513671875 0.0380859375 0.125
0 0.7958984375 0.404296875 0.0390625 0.1201171875
0 0.71484375 0.484375 0.0625 0.0908203125
0 0.3857421875 0.703125 0.044921875 0.1416015625