0 0.052734375 0.427734375 0.048828125 0.0654296875
0 0.2919921875 0.455078125 0.0546875 0.087890625
0 0.6865234375 0.6533203125 0.052734375 0.107421875
0 0.6669921875 0.69140625 0.0556640625 0.087890625
0 0.24609375 0.529296875 0.0751953125 0.1201171875
0 0.7490234375 0.607421875 0.064453125 0.1162109375
0 0.2529296875 0.470703125 0.056640625 0.060546875
0 0.7470703125 0.716796875 0.05078125 0.041015625
0 0.1298828125 0.37890625 0.07421875 0.0517578125
0 0.0380859375 0.501953125 0.068359375 0.1142578125
0 0.3857421875 0.42578125 0.080078125 0.099609375