0 0.43203125 0.62734375 0.02109375 0.06328125
0 0.390625 0.76953125 0.021875 0.0890625
0 0.37265625 0.66015625 0.0171875 0.0703125
0 0.26875 0.65546875 0.0171875 0.0625
0 0.19375 0.73046875 0.0234375 0.084375
0 0.246875 0.63203125 0.01640625 0.05703125
0 0.2234375 0.73515625 0.0234375 0.05625
0 0.17265625 0.69453125 0.01640625 0.0796875
0 0.2265625 0.68359375 0.01484375 0.07578125
0 0.2671875 0.721875 0.01640625 0.07890625
0 0.2484375 0.73828125 0.0296875 0.05078125
0 0.36328125 0.73359375 0.0171875 0.08671875
0 0.33203125 0.7078125 0.01640625 0.071875
0 0.39609375 0.65546875 0.01328125 0.07421875
0 0.284375 0.7234375 0.01875 0.0890625
0 0.31328125 0.68046875 0.01875 0.04765625
0 0.19296875 0.69375 0.0140625 0.06171875
0 0.3109375 0.73046875 0.0171875 0.08125
0 0.22890625 0.653125 0.0203125 0.0609375
0 0.353125 0.70234375 0.0171875 0.06171875
0 0.34140625 0.6890625 0.01484375 0.07265625
2 0.33828125 0.8375 0.021875 0.103125
1 0.50703125 0.79609375 0.02890625 0.08671875
1 0.4046875 0.69375 0.021875 0.07734375
1 0.13828125 0.71953125 0.0296875 0.0859375
1 0.209375 0.57890625 0.01875 0.0546875
1 0.709375 0.5859375 0.01953125 0.06484375
1 0.77890625 0.60859375 0.0203125 0.06484375