0 0.79765625 0.53046875 0.01796875 0.0734375
0 0.62578125 0.7109375 0.0234375 0.0828125
0 0.71328125 0.5375 0.02890625 0.059375
0 0.559375 0.58828125 0.02265625 0.06953125
0 0.678125 0.70546875 0.0265625 0.0890625
0 0.56328125 0.47578125 0.02421875 0.0515625
0 0.66484375 0.5390625 0.0265625 0.05859375
0 0.4109375 0.47109375 0.03359375 0.0546875
0 0.55078125 0.42265625 0.01328125 0.05078125
0 0.4921875 0.42265625 0.01484375 0.0453125
0 0.64375 0.4265625 0.0140625 0.0546875
0 0.6203125 0.515625 0.01796875 0.059375
0 0.634375 0.5296875 0.01640625 0.06015625
0 0.69921875 0.49453125 0.01328125 0.04375
0 0.66171875 0.4953125 0.0171875 0.0328125
0 0.63046875 0.48671875 0.01484375 0.02578125
0 0.6953125 0.54140625 0.01953125 0.0625
0 0.671875 0.52109375 0.01484375 0.05859375
0 0.68515625 0.5359375 0.01796875 0.05390625
0 0.68671875 0.49375 0.01015625 0.05703125
0 0.6453125 0.528125 0.01796875 0.06328125
1 0.0625 0.559375 0.03046875 0.08359375
1 0.0859375 0.97578125 0.0234375 0.0484375
1 0.27734375 0.39375 0.02265625 0.05546875
1 0.5890625 0.3953125 0.0171875 0.0546875
1 0.99140625 0.57734375 0.0171875 0.0796875
1 0.9015625 0.9390625 0.03515625 0.09375
2 0.9046875 0.4953125 0.021875 0.0765625