0 0.32421875 0.427734375 0.0478515625 0.08203125
0 0.29296875 0.4560546875 0.0419921875 0.08984375
0 0.314453125 0.3916015625 0.0400390625 0.05078125
0 0.380859375 0.30859375 0.0546875 0.0732421875
0 0.138671875 0.4267578125 0.060546875 0.083984375
0 0.353515625 0.3671875 0.0625 0.0556640625
0 0.294921875 0.3828125 0.0576171875 0.07421875
0 0.7353515625 0.388671875 0.0390625 0.1025390625
0 0.4384765625 0.349609375 0.0791015625 0.0810546875
0 0.259765625 0.462890625 0.0546875 0.0869140625
0 0.7001953125 0.478515625 0.046875 0.1181640625
0 0.2021484375 0.537109375 0.0732421875 0.0859375
0 0.2265625 0.560546875 0.05859375 0.109375
0 0.76953125 0.4208984375 0.0390625 0.1015625
0 0.3291015625 0.5048828125 0.0791015625 0.099609375
0 0.431640625 0.400390625 0.08203125 0.068359375
0 0.537109375 0.576171875 0.0478515625 0.1025390625
0 0.73828125 0.30859375 0.0478515625 0.0791015625
0 0.408203125 0.4521484375 0.0791015625 0.0888671875
0 0.6484375 0.638671875 0.0498046875 0.09765625