0 0.642578125 0.458984375 0.052734375 0.046875
0 0.6064453125 0.4189453125 0.0498046875 0.0498046875
0 0.580078125 0.435546875 0.0654296875 0.0556640625
0 0.15625 0.4287109375 0.0244140625 0.0791015625
0 0.802734375 0.453125 0.03515625 0.083984375
0 0.6455078125 0.501953125 0.0498046875 0.0654296875
0 0.5498046875 0.6240234375 0.052734375 0.091796875
0 0.494140625 0.458984375 0.02734375 0.0810546875
0 0.822265625 0.4892578125 0.0400390625 0.07421875
0 0.693359375 0.2880859375 0.02734375 0.06640625
0 0.1474609375 0.580078125 0.0390625 0.0947265625
0 0.748046875 0.291015625 0.046875 0.0634765625
0 0.5927734375 0.3466796875 0.029296875 0.0712890625
0 0.732421875 0.357421875 0.0341796875 0.0703125
0 0.673828125 0.4443359375 0.0419921875 0.060546875
0 0.6953125 0.423828125 0.0498046875 0.0634765625
0 0.6044921875 0.5244140625 0.0556640625 0.091796875
0 0.455078125 0.421875 0.037109375 0.07421875
0 0.53515625 0.513671875 0.0634765625 0.078125
0 0.3837890625 0.5048828125 0.0419921875 0.083984375