0 0.521484375 0.548828125 0.0419921875 0.0810546875
0 0.490234375 0.37890625 0.044921875 0.076171875
0 0.7060546875 0.4765625 0.0654296875 0.083984375
0 0.4853515625 0.431640625 0.05078125 0.0390625
0 0.546875 0.4111328125 0.046875 0.078125
1 0.1474609375 0.455078125 0.0322265625 0.091796875
0 0.400390625 0.4619140625 0.0419921875 0.076171875
0 0.7734375 0.4599609375 0.037109375 0.076171875
0 0.4794921875 0.5703125 0.068359375 0.0869140625
0 0.640625 0.4716796875 0.0556640625 0.0869140625
0 0.58203125 0.5341796875 0.06640625 0.083984375
0 0.2431640625 0.365234375 0.0390625 0.068359375
0 0.2890625 0.525390625 0.0625 0.0791015625
0 0.1123046875 0.583984375 0.052734375 0.09375
0 0.2841796875 0.4150390625 0.046875 0.0703125