0 0.517578125 0.412109375 0.0390625 0.02734375
0 0.513671875 0.4755859375 0.0546875 0.044921875
0 0.521484375 0.439453125 0.0400390625 0.0400390625
0 0.63671875 0.3994140625 0.029296875 0.05078125
0 0.515625 0.505859375 0.0400390625 0.068359375
0 0.4990234375 0.404296875 0.0419921875 0.037109375
0 0.556640625 0.4580078125 0.0400390625 0.046875
0 0.2880859375 0.458984375 0.03515625 0.0634765625
0 0.66015625 0.41796875 0.03515625 0.060546875
0 0.587890625 0.4755859375 0.05078125 0.05078125
0 0.462890625 0.443359375 0.0478515625 0.0498046875
1 0.8583984375 0.322265625 0.029296875 0.068359375
1 0.1943359375 0.44921875 0.0234375 0.0703125
0 0.330078125 0.4306640625 0.03515625 0.060546875
0 0.115234375 0.3046875 0.03125 0.0498046875
0 0.3583984375 0.4755859375 0.0419921875 0.0634765625
0 0.408203125 0.388671875 0.0400390625 0.052734375
0 0.703125 0.4267578125 0.0341796875 0.0654296875
0 0.353515625 0.2861328125 0.044921875 0.052734375
0 0.7275390625 0.6015625 0.0576171875 0.0625
0 0.435546875 0.416015625 0.04296875 0.0478515625
0 0.572265625 0.396484375 0.0341796875 0.060546875
0 0.3291015625 0.361328125 0.0390625 0.0576171875
0 0.4521484375 0.62109375 0.0390625 0.076171875