0 0.505859375 0.4140625 0.037109375 0.0400390625
0 0.548828125 0.5185546875 0.0556640625 0.052734375
0 0.564453125 0.44140625 0.044921875 0.0322265625
0 0.560546875 0.5439453125 0.0400390625 0.078125
0 0.5380859375 0.4287109375 0.044921875 0.044921875
0 0.5654296875 0.4736328125 0.046875 0.04296875
0 0.6943359375 0.4248046875 0.03515625 0.05859375
1 0.1845703125 0.5 0.0244140625 0.078125
1 0.880859375 0.330078125 0.0322265625 0.07421875
0 0.6044921875 0.4970703125 0.046875 0.046875
0 0.37890625 0.455078125 0.0390625 0.06640625
0 0.7763671875 0.466796875 0.037109375 0.0654296875
0 0.3984375 0.400390625 0.0400390625 0.0625
0 0.720703125 0.447265625 0.0419921875 0.0703125
0 0.466796875 0.3232421875 0.02734375 0.052734375
0 0.50390625 0.4814453125 0.060546875 0.0498046875
0 0.470703125 0.44140625 0.0556640625 0.0478515625
0 0.302734375 0.3310546875 0.0244140625 0.0556640625
0 0.634765625 0.51953125 0.05078125 0.0546875
0 0.33984375 0.52734375 0.044921875 0.0732421875
0 0.404296875 0.509765625 0.0390625 0.0732421875
0 0.7529296875 0.607421875 0.0654296875 0.0712890625
0 0.255859375 0.42578125 0.0390625 0.0634765625
0 0.31640625 0.6328125 0.0419921875 0.078125