0 0.501953125 0.478515625 0.060546875 0.0576171875
0 0.576171875 0.275390625 0.03515625 0.076171875
0 0.2314453125 0.482421875 0.0400390625 0.0546875
0 0.4345703125 0.50390625 0.0400390625 0.0859375
0 0.396484375 0.486328125 0.046875 0.0576171875
0 0.4951171875 0.5068359375 0.0654296875 0.06640625
0 0.498046875 0.548828125 0.07421875 0.08203125
0 0.345703125 0.294921875 0.044921875 0.0712890625
0 0.591796875 0.392578125 0.0341796875 0.083984375
0 0.240234375 0.5205078125 0.05078125 0.0810546875
0 0.39453125 0.55078125 0.0576171875 0.0947265625
0 0.3583984375 0.330078125 0.044921875 0.07421875
0 0.615234375 0.455078125 0.0390625 0.0859375
0 0.6455078125 0.521484375 0.0341796875 0.09375
1 0.732421875 0.513671875 0.046875 0.076171875
0 0.7958984375 0.3349609375 0.03515625 0.08203125
0 0.421875 0.3095703125 0.05859375 0.07421875
0 0.521484375 0.302734375 0.0400390625 0.0703125