0 0.4521484375 0.3251953125 0.0263671875 0.0400390625
0 0.501953125 0.296875 0.0322265625 0.037109375
0 0.763671875 0.498046875 0.0380859375 0.0546875
0 0.9013671875 0.51171875 0.025390625 0.0712890625
0 0.4853515625 0.4267578125 0.017578125 0.03515625
0 0.4365234375 0.4228515625 0.0244140625 0.037109375
0 0.6005859375 0.62890625 0.03515625 0.05859375
0 0.2978515625 0.671875 0.0419921875 0.060546875
0 0.7607421875 0.560546875 0.03515625 0.06640625
1 0.533203125 0.5068359375 0.0283203125 0.0625
0 0.4345703125 0.33203125 0.029296875 0.0400390625
0 0.154296875 0.474609375 0.0322265625 0.0419921875
0 0.55859375 0.62890625 0.04296875 0.060546875
0 0.4521484375 0.5546875 0.02734375 0.0595703125