0 0.578125 0.6953125 0.0400390625 0.0498046875
0 0.3408203125 0.47265625 0.04296875 0.0791015625
0 0.8623046875 0.3271484375 0.046875 0.0703125
0 0.287109375 0.45703125 0.046875 0.0576171875
0 0.388671875 0.466796875 0.0654296875 0.0732421875
0 0.2421875 0.4296875 0.0498046875 0.07421875
0 0.81640625 0.3291015625 0.0419921875 0.0703125
0 0.8759765625 0.419921875 0.0546875 0.0625
0 0.271484375 0.5205078125 0.0400390625 0.0810546875
0 0.3037109375 0.5283203125 0.0390625 0.0966796875
0 0.9365234375 0.4208984375 0.0546875 0.0546875
0 0.21484375 0.474609375 0.060546875 0.078125
0 0.1484375 0.4775390625 0.052734375 0.0888671875
1 0.5771484375 0.4765625 0.03515625 0.078125