0 0.765625 0.46875 0.03125 0.0517578125
0 0.7509765625 0.51953125 0.02734375 0.064453125
0 0.6552734375 0.62109375 0.0361328125 0.0498046875
0 0.6806640625 0.55859375 0.0458984375 0.0595703125
0 0.6787109375 0.470703125 0.03515625 0.0380859375
0 0.7744140625 0.54296875 0.0400390625 0.0654296875
0 0.6572265625 0.521484375 0.0400390625 0.06640625
0 0.8896484375 0.50390625 0.037109375 0.076171875
1 0.4462890625 0.517578125 0.0283203125 0.060546875
0 0.69140625 0.27734375 0.0341796875 0.0439453125
0 0.673828125 0.39453125 0.033203125 0.0498046875
0 0.5126953125 0.3974609375 0.0283203125 0.0478515625
0 0.7587890625 0.6728515625 0.0419921875 0.060546875
0 0.6103515625 0.34765625 0.02734375 0.0478515625
0 0.6171875 0.279296875 0.0263671875 0.048828125
0 0.658203125 0.677734375 0.0400390625 0.068359375
0 0.26171875 0.490234375 0.029296875 0.0615234375
0 0.6669921875 0.33984375 0.03515625 0.052734375
0 0.49609375 0.6396484375 0.03515625 0.064453125