0 0.5966796875 0.59375 0.05859375 0.068359375
0 0.583984375 0.4853515625 0.03515625 0.0634765625
0 0.9755859375 0.3017578125 0.0390625 0.0625
0 0.5888671875 0.4423828125 0.03125 0.052734375
0 0.337890625 0.548828125 0.04296875 0.0712890625
0 0.6015625 0.2451171875 0.03125 0.052734375
0 0.2890625 0.52734375 0.04296875 0.0732421875
0 0.9833984375 0.5107421875 0.0322265625 0.0712890625
0 0.4052734375 0.3701171875 0.0390625 0.0556640625
0 0.576171875 0.3837890625 0.0400390625 0.0634765625
0 0.298828125 0.4443359375 0.0419921875 0.0703125
0 0.1875 0.580078125 0.037109375 0.060546875
0 0.388671875 0.4560546875 0.05078125 0.07421875
0 0.509765625 0.548828125 0.03125 0.06640625
0 0.4404296875 0.4228515625 0.0498046875 0.0546875
0 0.1630859375 0.478515625 0.044921875 0.068359375