0 0.35546875 0.46484375 0.033203125 0.037109375
0 0.3525390625 0.443359375 0.0341796875 0.052734375
0 0.3896484375 0.5498046875 0.0478515625 0.0673828125
0 0.3779296875 0.353515625 0.04296875 0.048828125
0 0.427734375 0.4853515625 0.044921875 0.052734375
0 0.310546875 0.5341796875 0.0458984375 0.072265625
0 0.5869140625 0.443359375 0.0244140625 0.0673828125
0 0.4189453125 0.267578125 0.041015625 0.0478515625
0 0.16796875 0.4189453125 0.0283203125 0.064453125
1 0.6689453125 0.478515625 0.0263671875 0.0771484375
0 0.435546875 0.5302734375 0.0654296875 0.05078125
0 0.4404296875 0.447265625 0.0517578125 0.0478515625
0 0.8115234375 0.3662109375 0.0322265625 0.0556640625
0 0.708984375 0.2744140625 0.0283203125 0.0546875
0 0.7763671875 0.568359375 0.0341796875 0.072265625
0 0.216796875 0.48828125 0.0419921875 0.07421875
0 0.689453125 0.66796875 0.0361328125 0.06640625
0 0.3271484375 0.65234375 0.06640625 0.0693359375
0 0.5791015625 0.3701171875 0.029296875 0.05859375
0 0.5166015625 0.5732421875 0.0380859375 0.0751953125
0 0.3095703125 0.59375 0.0498046875 0.06640625