0 0.5927734375 0.5087890625 0.044921875 0.0576171875
0 0.63671875 0.4990234375 0.0322265625 0.08203125
0 0.7587890625 0.462890625 0.0234375 0.078125
0 0.521484375 0.4990234375 0.044921875 0.05078125
0 0.5419921875 0.466796875 0.046875 0.0478515625
0 0.6328125 0.4248046875 0.0341796875 0.04296875
0 0.5576171875 0.42578125 0.052734375 0.0478515625
0 0.435546875 0.4365234375 0.021484375 0.0732421875
0 0.404296875 0.482421875 0.029296875 0.078125
0 0.5048828125 0.5244140625 0.0498046875 0.0703125
0 0.0859375 0.4921875 0.0341796875 0.068359375
1 0.341796875 0.4638671875 0.037109375 0.05859375
0 0.470703125 0.373046875 0.029296875 0.0546875
0 0.671875 0.267578125 0.0400390625 0.0634765625
0 0.4169921875 0.3271484375 0.03125 0.0576171875
0 0.580078125 0.2724609375 0.03125 0.0576171875
0 0.703125 0.3388671875 0.0400390625 0.05859375
0 0.4345703125 0.6357421875 0.04296875 0.0712890625
0 0.7958984375 0.4501953125 0.0390625 0.0712890625
0 0.5556640625 0.630859375 0.0576171875 0.0791015625