0 0.421875 0.44140625 0.02734375 0.0703125
0 0.4111328125 0.3974609375 0.0400390625 0.029296875
0 0.357421875 0.427734375 0.0390625 0.044921875
0 0.330078125 0.4541015625 0.037109375 0.05078125
1 0.0947265625 0.38671875 0.029296875 0.0576171875
0 0.212890625 0.4150390625 0.029296875 0.076171875
1 0.5712890625 0.412109375 0.0263671875 0.060546875
0 0.5224609375 0.3916015625 0.0234375 0.06640625
0 0.3955078125 0.263671875 0.021484375 0.0556640625
0 0.482421875 0.333984375 0.037109375 0.05859375
0 0.552734375 0.2607421875 0.0185546875 0.05859375
0 0.3466796875 0.2724609375 0.037109375 0.0576171875
0 0.283203125 0.2666015625 0.03515625 0.05078125
0 0.501953125 0.4287109375 0.021484375 0.0703125
0 0.65234375 0.5078125 0.0263671875 0.0712890625
0 0.2763671875 0.533203125 0.04296875 0.0654296875
0 0.7490234375 0.369140625 0.029296875 0.0654296875
0 0.419921875 0.6298828125 0.03515625 0.068359375
0 0.3291015625 0.6337890625 0.0576171875 0.0732421875