0 0.3759765625 0.498046875 0.0478515625 0.0498046875
0 0.3564453125 0.5185546875 0.03125 0.052734375
0 0.35546875 0.47265625 0.0390625 0.0390625
0 0.36328125 0.4443359375 0.03515625 0.03515625
0 0.330078125 0.529296875 0.0390625 0.0478515625
0 0.43359375 0.5322265625 0.0576171875 0.05078125
0 0.4345703125 0.4892578125 0.046875 0.046875
0 0.4140625 0.5537109375 0.052734375 0.06640625
0 0.1787109375 0.4677734375 0.0234375 0.0732421875
0 0.775390625 0.568359375 0.03515625 0.0732421875
0 0.5869140625 0.470703125 0.029296875 0.078125
0 0.4140625 0.26171875 0.037109375 0.0546875
0 0.220703125 0.482421875 0.03125 0.0810546875
1 0.6669921875 0.4833984375 0.03125 0.0732421875
0 0.4453125 0.4501953125 0.052734375 0.04296875
0 0.80859375 0.36328125 0.0322265625 0.0576171875
0 0.6806640625 0.666015625 0.03515625 0.0712890625
0 0.572265625 0.3740234375 0.0322265625 0.060546875
0 0.708984375 0.2744140625 0.02734375 0.0576171875
0 0.3203125 0.64453125 0.052734375 0.0859375
0 0.3642578125 0.34765625 0.037109375 0.060546875
0 0.296875 0.5849609375 0.046875 0.076171875
0 0.517578125 0.5732421875 0.037109375 0.0712890625