0 0.341796875 0.4140625 0.0390625 0.0400390625
0 0.365234375 0.439453125 0.03515625 0.044921875
0 0.4111328125 0.435546875 0.04296875 0.03515625
0 0.548828125 0.275390625 0.029296875 0.0546875
0 0.419921875 0.466796875 0.0478515625 0.04296875
1 0.576171875 0.4326171875 0.03125 0.0498046875
0 0.40234375 0.2783203125 0.0263671875 0.0498046875
0 0.3369140625 0.46875 0.0390625 0.052734375
0 0.3525390625 0.28515625 0.03515625 0.0576171875
0 0.419921875 0.4169921875 0.0419921875 0.04296875
0 0.4296875 0.37109375 0.03125 0.0546875
0 0.2880859375 0.2783203125 0.03515625 0.052734375
0 0.2177734375 0.427734375 0.029296875 0.076171875
0 0.529296875 0.408203125 0.0263671875 0.0625
0 0.423828125 0.6513671875 0.0390625 0.05859375
0 0.501953125 0.4345703125 0.02734375 0.068359375
0 0.7412109375 0.37109375 0.0234375 0.0703125
0 0.6669921875 0.501953125 0.02734375 0.078125
0 0.2822265625 0.462890625 0.0263671875 0.068359375
0 0.333984375 0.6494140625 0.05859375 0.0732421875