0 0.6328125 0.44921875 0.046875 0.0634765625
0 0.689453125 0.400390625 0.037109375 0.0576171875
0 0.177734375 0.3232421875 0.03125 0.0625
0 0.5400390625 0.4638671875 0.05078125 0.0556640625
0 0.716796875 0.486328125 0.04296875 0.060546875
0 0.396484375 0.2626953125 0.05078125 0.0625
0 0.5986328125 0.291015625 0.0341796875 0.0576171875
0 0.8408203125 0.455078125 0.0498046875 0.076171875
0 0.685546875 0.6162109375 0.05078125 0.0703125
0 0.69140625 0.275390625 0.029296875 0.0546875
1 0.42578125 0.466796875 0.0322265625 0.0703125
0 0.44140625 0.615234375 0.03515625 0.078125
0 0.1064453125 0.4970703125 0.04296875 0.068359375
0 0.458984375 0.384765625 0.03515625 0.060546875
0 0.72265625 0.408203125 0.044921875 0.0654296875