0 0.2509765625 0.4423828125 0.0390625 0.0341796875
0 0.33203125 0.4775390625 0.0390625 0.0419921875
0 0.7861328125 0.52734375 0.03125 0.0634765625
0 0.4130859375 0.501953125 0.0322265625 0.068359375
0 0.3115234375 0.44921875 0.044921875 0.0419921875
0 0.1123046875 0.453125 0.02734375 0.0712890625
0 0.3466796875 0.5078125 0.0556640625 0.046875
0 0.412109375 0.4501953125 0.0322265625 0.052734375
0 0.2109375 0.3212890625 0.0341796875 0.060546875
0 0.4482421875 0.31640625 0.0244140625 0.05078125
0 0.3046875 0.40234375 0.037109375 0.0478515625
0 0.427734375 0.4013671875 0.03125 0.0556640625
0 0.212890625 0.501953125 0.0419921875 0.05859375
0 0.6123046875 0.623046875 0.037109375 0.0712890625
0 0.08984375 0.439453125 0.03515625 0.060546875
0 0.2001953125 0.373046875 0.037109375 0.060546875
1 0.4833984375 0.4443359375 0.0322265625 0.060546875
0 0.6328125 0.3837890625 0.03125 0.060546875
0 0.2822265625 0.626953125 0.05078125 0.0732421875