0 0.4208984375 0.4931640625 0.05078125 0.1142578125
0 0.3681640625 0.46875 0.05859375 0.0751953125
0 0.4306640625 0.3984375 0.0546875 0.072265625
0 0.6943359375 0.3046875 0.0751953125 0.0556640625
0 0.34375 0.5361328125 0.0556640625 0.109375
0 0.779296875 0.3134765625 0.0546875 0.078125
0 0.466796875 0.501953125 0.083984375 0.119140625
0 0.15234375 0.462890625 0.0576171875 0.10546875
0 0.353515625 0.4267578125 0.0986328125 0.1025390625
0 0.583984375 0.54296875 0.0546875 0.1103515625
0 0.6259765625 0.49609375 0.0703125 0.11328125
0 0.39453125 0.544921875 0.0693359375 0.125
0 0.251953125 0.53125 0.0498046875 0.11328125