1 0.2275390625 0.7109375 0.0419921875 0.10546875
0 0.58984375 0.4765625 0.03125 0.0849609375
0 0.734375 0.474609375 0.0546875 0.09765625
0 0.607421875 0.517578125 0.04296875 0.0732421875
0 0.3818359375 0.4375 0.04296875 0.07421875
0 0.1513671875 0.412109375 0.0419921875 0.0673828125
0 0.5478515625 0.6376953125 0.05078125 0.0908203125
0 0.6953125 0.4482421875 0.0595703125 0.06640625
1 0.337890625 0.31640625 0.0400390625 0.0595703125
0 0.3896484375 0.5068359375 0.03515625 0.08984375
0 0.3447265625 0.453125 0.04296875 0.0751953125
0 0.298828125 0.4775390625 0.0478515625 0.076171875
0 0.595703125 0.626953125 0.0546875 0.08203125
0 0.55078125 0.521484375 0.046875 0.07421875
0 0.4697265625 0.4619140625 0.052734375 0.0751953125
0 0.634765625 0.4775390625 0.06640625 0.0771484375