1 0.23046875 0.7119140625 0.041015625 0.10546875
0 0.6220703125 0.46484375 0.029296875 0.0595703125
0 0.552734375 0.4716796875 0.0400390625 0.0791015625
0 0.5625 0.61328125 0.0458984375 0.078125
0 0.498046875 0.611328125 0.0498046875 0.07421875
0 0.62109375 0.5107421875 0.05859375 0.0849609375
0 0.7333984375 0.45703125 0.041015625 0.076171875
0 0.7724609375 0.4306640625 0.0419921875 0.07421875
0 0.57421875 0.5107421875 0.046875 0.078125
0 0.3525390625 0.4541015625 0.0478515625 0.0810546875
1 0.341796875 0.31640625 0.0380859375 0.0595703125
0 0.39453125 0.4365234375 0.041015625 0.0751953125
0 0.1279296875 0.4140625 0.046875 0.0595703125
0 0.3095703125 0.478515625 0.0390625 0.078125
0 0.46875 0.5234375 0.0615234375 0.0859375