0 0.263671875 0.52734375 0.0390625 0.0517578125
0 0.220703125 0.2568359375 0.0390625 0.0634765625
0 0.255859375 0.5029296875 0.046875 0.0712890625
0 0.3515625 0.443359375 0.06640625 0.0693359375
1 0.552734375 0.2978515625 0.029296875 0.083984375
0 0.150390625 0.259765625 0.0595703125 0.072265625
0 0.1396484375 0.5537109375 0.0458984375 0.0947265625
0 0.0859375 0.31640625 0.04296875 0.08203125
0 0.890625 0.251953125 0.048828125 0.0654296875
0 0.37890625 0.501953125 0.0693359375 0.078125
0 0.6025390625 0.37109375 0.0654296875 0.0859375
0 0.583984375 0.50390625 0.06640625 0.087890625