0 0.4287109375 0.41015625 0.0419921875 0.087890625
0 0.23828125 0.3642578125 0.03515625 0.06640625
0 0.3896484375 0.44140625 0.0537109375 0.1044921875
0 0.53125 0.400390625 0.0615234375 0.0869140625
0 0.50390625 0.330078125 0.0693359375 0.0703125
0 0.6181640625 0.662109375 0.0546875 0.052734375
1 0.9296875 0.3984375 0.0390625 0.0947265625
0 0.671875 0.439453125 0.0390625 0.0947265625
0 0.478515625 0.4462890625 0.0634765625 0.087890625
0 0.240234375 0.42578125 0.0439453125 0.0830078125
0 0.9638671875 0.3037109375 0.0498046875 0.08203125
0 0.5673828125 0.3623046875 0.0751953125 0.0810546875
0 0.6572265625 0.3125 0.037109375 0.08203125
0 0.7294921875 0.595703125 0.041015625 0.0966796875
0 0.87890625 0.50390625 0.04296875 0.09765625
0 0.7646484375 0.37890625 0.04296875 0.087890625
0 0.322265625 0.65234375 0.072265625 0.0732421875
0 0.43359375 0.5234375 0.072265625 0.08203125