1 0.7275390625 0.2431640625 0.048828125 0.046875
0 0.6748046875 0.5703125 0.0390625 0.08984375
0 0.150390625 0.6396484375 0.0634765625 0.0859375
0 0.5859375 0.51171875 0.041015625 0.0966796875
0 0.556640625 0.6259765625 0.0439453125 0.109375
0 0.494140625 0.2783203125 0.0341796875 0.0625
0 0.701171875 0.6103515625 0.046875 0.099609375
0 0.1337890625 0.4013671875 0.0400390625 0.0791015625
0 0.3662109375 0.455078125 0.04296875 0.07421875
0 0.3154296875 0.6279296875 0.046875 0.109375
0 0.7890625 0.50390625 0.041015625 0.0859375
0 0.3740234375 0.357421875 0.03515625 0.0703125
0 0.2919921875 0.2958984375 0.0400390625 0.0703125
0 0.294921875 0.44921875 0.0390625 0.0849609375
0 0.337890625 0.552734375 0.0400390625 0.095703125
0 0.609375 0.5673828125 0.048828125 0.09765625
0 0.857421875 0.5458984375 0.048828125 0.09375
0 0.0712890625 0.5439453125 0.0458984375 0.09765625
0 0.302734375 0.3623046875 0.05078125 0.0634765625
0 0.728515625 0.4833984375 0.0419921875 0.08984375
1 0.267578125 0.546875 0.04296875 0.0830078125