0 0.541015625 0.43359375 0.05078125 0.0478515625
0 0.5302734375 0.3779296875 0.0390625 0.0341796875
0 0.4541015625 0.4189453125 0.0478515625 0.05859375
0 0.4443359375 0.357421875 0.0419921875 0.0341796875
0 0.5078125 0.353515625 0.0400390625 0.0390625
1 0.759765625 0.3759765625 0.0263671875 0.076171875
0 0.5986328125 0.599609375 0.03125 0.0859375
0 0.6357421875 0.369140625 0.037109375 0.0546875
0 0.673828125 0.4140625 0.03515625 0.0556640625
0 0.30859375 0.376953125 0.0419921875 0.0859375
0 0.4052734375 0.349609375 0.0390625 0.0546875
0 0.8369140625 0.501953125 0.0390625 0.0732421875
0 0.6943359375 0.3486328125 0.029296875 0.0625
0 0.5673828125 0.328125 0.03125 0.0556640625
0 0.3857421875 0.509765625 0.052734375 0.0712890625
1 0.0546875 0.353515625 0.0244140625 0.0732421875
0 0.623046875 0.4892578125 0.04296875 0.07421875
0 0.4833984375 0.5966796875 0.0576171875 0.083984375