1 0.9794921875 0.3115234375 0.0341796875 0.0791015625
0 0.517578125 0.44921875 0.05078125 0.0546875
0 0.4091796875 0.310546875 0.037109375 0.06640625
0 0.5390625 0.41796875 0.04296875 0.0419921875
0 0.5654296875 0.482421875 0.0556640625 0.0576171875
1 0.9375 0.4638671875 0.04296875 0.0810546875
0 0.4296875 0.41015625 0.068359375 0.05078125
0 0.451171875 0.462890625 0.0634765625 0.0546875
0 0.525390625 0.302734375 0.0419921875 0.068359375
1 0.158203125 0.4326171875 0.02734375 0.0869140625
0 0.109375 0.314453125 0.02734375 0.07421875
0 0.4580078125 0.501953125 0.0712890625 0.0546875
0 0.31640625 0.453125 0.0390625 0.0810546875
0 0.36328125 0.3984375 0.0390625 0.0810546875
0 0.7265625 0.4296875 0.04296875 0.08984375
0 0.470703125 0.306640625 0.044921875 0.06640625