0 0.564453125 0.412109375 0.0341796875 0.068359375
0 0.5869140625 0.466796875 0.0322265625 0.044921875
0 0.623046875 0.5205078125 0.046875 0.0712890625
0 0.6162109375 0.474609375 0.03515625 0.0478515625
0 0.5546875 0.4462890625 0.0400390625 0.0703125
0 0.427734375 0.3759765625 0.0419921875 0.0546875
0 0.5849609375 0.54296875 0.0576171875 0.0859375
0 0.455078125 0.6064453125 0.0390625 0.068359375
0 0.515625 0.458984375 0.0498046875 0.0869140625
1 0.857421875 0.2978515625 0.0322265625 0.0703125
0 0.017578125 0.296875 0.03515625 0.05859375
0 0.3095703125 0.2919921875 0.037109375 0.05859375
0 0.55078125 0.51953125 0.0576171875 0.0791015625
0 0.771484375 0.4638671875 0.0576171875 0.068359375
0 0.2548828125 0.376953125 0.0341796875 0.052734375
0 0.5 0.5966796875 0.0625 0.07421875
0 0.681640625 0.45703125 0.0712890625 0.08203125
0 0.3994140625 0.4580078125 0.0322265625 0.0712890625
0 0.4453125 0.5068359375 0.04296875 0.076171875
0 0.28125 0.5458984375 0.0654296875 0.08203125