0 0.580078125 0.4677734375 0.037109375 0.0419921875
1 0.408203125 0.251953125 0.0341796875 0.046875
0 0.6318359375 0.4853515625 0.0322265625 0.0478515625
0 0.59375 0.447265625 0.0341796875 0.044921875
0 0.5546875 0.525390625 0.0625 0.05859375
0 0.4306640625 0.517578125 0.0419921875 0.0654296875
0 0.640625 0.5302734375 0.04296875 0.060546875
0 0.5341796875 0.484375 0.0556640625 0.0625
1 0.8974609375 0.333984375 0.029296875 0.068359375
0 0.58203125 0.392578125 0.0390625 0.05078125
0 0.3798828125 0.404296875 0.03125 0.0576171875
0 0.177734375 0.3310546875 0.02734375 0.052734375
0 0.572265625 0.552734375 0.05859375 0.068359375
0 0.4072265625 0.474609375 0.0322265625 0.0634765625
0 0.8388671875 0.474609375 0.037109375 0.068359375
0 0.4853515625 0.326171875 0.0419921875 0.0546875
0 0.734375 0.490234375 0.046875 0.0556640625
0 0.69140625 0.6181640625 0.06640625 0.060546875
0 0.2685546875 0.5537109375 0.037109375 0.0791015625
0 0.5029296875 0.439453125 0.0556640625 0.0625
0 0.5849609375 0.6298828125 0.0419921875 0.07421875