0 0.599609375 0.404296875 0.0390625 0.0322265625
0 0.642578125 0.376953125 0.04296875 0.0546875
0 0.55859375 0.384765625 0.044921875 0.0478515625
0 0.580078125 0.34765625 0.0400390625 0.0390625
0 0.51953125 0.4453125 0.044921875 0.04296875
0 0.6083984375 0.44921875 0.044921875 0.0732421875
0 0.49609375 0.4794921875 0.0546875 0.068359375
0 0.6279296875 0.3974609375 0.04296875 0.0478515625
0 0.53515625 0.4189453125 0.044921875 0.046875
0 0.0244140625 0.4287109375 0.0322265625 0.0732421875
0 0.775390625 0.3896484375 0.0341796875 0.06640625
0 0.751953125 0.4072265625 0.0478515625 0.0791015625
0 0.169921875 0.6044921875 0.03125 0.0966796875
0 0.3779296875 0.2724609375 0.0244140625 0.060546875
0 0.6982421875 0.287109375 0.046875 0.0576171875
0 0.427734375 0.3974609375 0.0322265625 0.0703125
0 0.3095703125 0.3564453125 0.046875 0.0556640625
0 0.478515625 0.6591796875 0.0654296875 0.08984375
0 0.33203125 0.513671875 0.0390625 0.07421875
0 0.591796875 0.5244140625 0.05078125 0.0791015625