0 0.3857421875 0.3798828125 0.03125 0.052734375
0 0.44921875 0.6474609375 0.03515625 0.0419921875
0 0.4384765625 0.427734375 0.0478515625 0.0654296875
0 0.501953125 0.4716796875 0.0400390625 0.0654296875
0 0.646484375 0.3544921875 0.0322265625 0.0498046875
1 0.55859375 0.244140625 0.0234375 0.05078125
0 0.595703125 0.3408203125 0.0341796875 0.0498046875
0 0.52734375 0.490234375 0.0390625 0.078125
0 0.4638671875 0.41796875 0.046875 0.0703125
0 0.642578125 0.4921875 0.0341796875 0.078125
1 0.0166015625 0.33203125 0.0322265625 0.06640625
0 0.5703125 0.5556640625 0.052734375 0.0634765625
0 0.5478515625 0.3515625 0.029296875 0.052734375
0 0.5615234375 0.642578125 0.076171875 0.0546875
0 0.3544921875 0.3720703125 0.037109375 0.05859375
0 0.6435546875 0.4052734375 0.03125 0.0703125
0 0.3203125 0.349609375 0.0244140625 0.0654296875
0 0.2705078125 0.40234375 0.02734375 0.06640625
0 0.3671875 0.4345703125 0.046875 0.07421875
0 0.509765625 0.5595703125 0.044921875 0.05859375