0 0.498046875 0.416015625 0.05078125 0.0390625
0 0.578125 0.4560546875 0.052734375 0.04296875
0 0.3408203125 0.462890625 0.04296875 0.078125
0 0.4716796875 0.470703125 0.068359375 0.076171875
0 0.623046875 0.4091796875 0.05859375 0.0654296875
0 0.3583984375 0.42578125 0.0390625 0.091796875
0 0.638671875 0.392578125 0.0654296875 0.0634765625
0 0.53125 0.4453125 0.052734375 0.05859375
0 0.498046875 0.3955078125 0.0498046875 0.0400390625
0 0.5732421875 0.517578125 0.07421875 0.0712890625
0 0.48828125 0.498046875 0.060546875 0.068359375
0 0.6630859375 0.689453125 0.044921875 0.0732421875
0 0.29296875 0.6875 0.0732421875 0.083984375
1 0.0302734375 0.37109375 0.0419921875 0.0791015625
0 0.921875 0.3408203125 0.0556640625 0.068359375
0 0.8984375 0.533203125 0.052734375 0.08984375
0 0.546875 0.333984375 0.068359375 0.0654296875
0 0.3740234375 0.544921875 0.060546875 0.0869140625