0 0.56640625 0.3955078125 0.05078125 0.08984375
0 0.4560546875 0.369140625 0.03125 0.09375
0 0.4404296875 0.30859375 0.0341796875 0.08203125
0 0.544921875 0.404296875 0.0390625 0.0947265625
0 0.521484375 0.4296875 0.0712890625 0.09375
0 0.43359375 0.4033203125 0.0546875 0.099609375
0 0.3857421875 0.462890625 0.0712890625 0.0556640625
0 0.326171875 0.517578125 0.060546875 0.107421875
0 0.4697265625 0.443359375 0.0634765625 0.052734375
0 0.775390625 0.38671875 0.0419921875 0.107421875
0 0.6298828125 0.365234375 0.046875 0.1044921875
0 0.509765625 0.5322265625 0.037109375 0.1171875