0 0.576171875 0.53515625 0.046875 0.0546875
0 0.5234375 0.4892578125 0.037109375 0.052734375
0 0.5859375 0.4814453125 0.0400390625 0.037109375
0 0.4951171875 0.5185546875 0.04296875 0.037109375
0 0.390625 0.501953125 0.0341796875 0.0556640625
0 0.537109375 0.6865234375 0.068359375 0.0791015625
0 0.3720703125 0.525390625 0.037109375 0.0634765625
0 0.4365234375 0.6875 0.044921875 0.0712890625
0 0.587890625 0.6025390625 0.060546875 0.06640625
0 0.5078125 0.46875 0.03125 0.0498046875
0 0.4814453125 0.552734375 0.0556640625 0.052734375
0 0.5595703125 0.4033203125 0.02734375 0.052734375
0 0.7734375 0.5146484375 0.037109375 0.060546875
0 0.462890625 0.607421875 0.0400390625 0.05859375
0 0.6591796875 0.4072265625 0.0498046875 0.0546875