0 0.4912109375 0.4892578125 0.0546875 0.0498046875
0 0.498046875 0.4521484375 0.052734375 0.0478515625
0 0.38671875 0.4521484375 0.029296875 0.060546875
0 0.5458984375 0.3974609375 0.0263671875 0.05078125
0 0.5029296875 0.3720703125 0.03125 0.052734375
0 0.58984375 0.3798828125 0.0263671875 0.0556640625
1 0.9892578125 0.4775390625 0.021484375 0.0732421875
0 0.611328125 0.4169921875 0.03125 0.0498046875
0 0.580078125 0.6142578125 0.0634765625 0.083984375
0 0.0322265625 0.37890625 0.0263671875 0.060546875
0 0.0205078125 0.5439453125 0.037109375 0.0654296875
0 0.4697265625 0.3974609375 0.0234375 0.0576171875
0 0.365234375 0.611328125 0.03515625 0.0859375
0 0.7978515625 0.4384765625 0.0322265625 0.0546875