0 0.55078125 0.4267578125 0.0419921875 0.037109375
0 0.609375 0.4755859375 0.037109375 0.0732421875
0 0.169921875 0.337890625 0.0390625 0.0556640625
0 0.1435546875 0.3212890625 0.0341796875 0.0478515625
0 0.640625 0.419921875 0.05859375 0.060546875
0 0.72265625 0.5849609375 0.08203125 0.044921875
0 0.1962890625 0.2490234375 0.05078125 0.060546875
0 0.4375 0.5283203125 0.04296875 0.07421875
0 0.0595703125 0.3740234375 0.052734375 0.076171875
0 0.10546875 0.5107421875 0.05078125 0.078125
0 0.5654296875 0.4873046875 0.05859375 0.0810546875
0 0.65625 0.5068359375 0.046875 0.0859375
0 0.7607421875 0.564453125 0.0625 0.0810546875
0 0.5634765625 0.2822265625 0.0234375 0.06640625
0 0.138671875 0.6650390625 0.05859375 0.0947265625