0 0.5908203125 0.4482421875 0.04296875 0.02734375
0 0.013671875 0.388671875 0.0263671875 0.0634765625
0 0.357421875 0.4521484375 0.0400390625 0.0478515625
0 0.509765625 0.4755859375 0.052734375 0.044921875
0 0.341796875 0.490234375 0.0419921875 0.06640625
0 0.591796875 0.5439453125 0.052734375 0.0556640625
0 0.5654296875 0.490234375 0.0400390625 0.0498046875
0 0.4970703125 0.5048828125 0.0498046875 0.04296875
0 0.626953125 0.6728515625 0.0654296875 0.0947265625
0 0.5078125 0.4453125 0.0556640625 0.04296875
0 0.498046875 0.5458984375 0.0654296875 0.0546875
0 0.353515625 0.52734375 0.0498046875 0.06640625
0 0.45703125 0.681640625 0.0390625 0.0869140625
0 0.478515625 0.3623046875 0.0341796875 0.0556640625
0 0.59765625 0.3623046875 0.044921875 0.05859375
0 0.84765625 0.486328125 0.0390625 0.0712890625