0 0.4775390625 0.4951171875 0.0263671875 0.0625
1 0.3798828125 0.25390625 0.0244140625 0.0546875
0 0.3642578125 0.4873046875 0.02734375 0.0556640625
0 0.388671875 0.498046875 0.029296875 0.068359375
0 0.298828125 0.478515625 0.0400390625 0.05859375
0 0.4921875 0.283203125 0.03125 0.044921875
0 0.34375 0.501953125 0.03125 0.0654296875
0 0.5166015625 0.291015625 0.0322265625 0.0478515625
0 0.6279296875 0.4150390625 0.0244140625 0.0576171875
0 0.7861328125 0.4072265625 0.02734375 0.060546875
0 0.677734375 0.552734375 0.0322265625 0.068359375
0 0.8896484375 0.50390625 0.029296875 0.060546875
0 0.6708984375 0.40625 0.029296875 0.052734375
0 0.8564453125 0.6865234375 0.046875 0.076171875
0 0.7451171875 0.564453125 0.04296875 0.0712890625