0 0.6162109375 0.4404296875 0.0419921875 0.037109375
0 0.59375 0.46484375 0.0341796875 0.05078125
0 0.625 0.490234375 0.0400390625 0.06640625
0 0.63671875 0.431640625 0.03515625 0.0556640625
0 0.5400390625 0.4169921875 0.0478515625 0.037109375
0 0.392578125 0.4794921875 0.03515625 0.0654296875
0 0.072265625 0.5390625 0.037109375 0.0712890625
0 0.408203125 0.4287109375 0.0322265625 0.0478515625
0 0.5361328125 0.4521484375 0.046875 0.0419921875
0 0.7099609375 0.4560546875 0.029296875 0.07421875
0 0.5205078125 0.484375 0.0556640625 0.037109375
0 0.5107421875 0.521484375 0.0654296875 0.0478515625
0 0.734375 0.482421875 0.03125 0.0703125
0 0.5595703125 0.365234375 0.03125 0.0498046875
0 0.5888671875 0.6748046875 0.0556640625 0.083984375
0 0.4619140625 0.681640625 0.0390625 0.0791015625
0 0.6376953125 0.3671875 0.0400390625 0.052734375
0 0.2177734375 0.4033203125 0.029296875 0.05859375
0 0.353515625 0.552734375 0.037109375 0.068359375
0 0.580078125 0.5595703125 0.05078125 0.068359375