0 0.5244140625 0.525390625 0.05078125 0.091796875
0 0.4697265625 0.5283203125 0.060546875 0.0966796875
0 0.3759765625 0.39453125 0.0478515625 0.060546875
0 0.4326171875 0.453125 0.0400390625 0.07421875
0 0.4716796875 0.4599609375 0.046875 0.0791015625
0 0.966796875 0.3603515625 0.046875 0.0703125
0 0.3173828125 0.416015625 0.0498046875 0.07421875
0 0.4970703125 0.5615234375 0.05859375 0.091796875
0 0.375 0.478515625 0.0654296875 0.1015625
0 0.5517578125 0.494140625 0.04296875 0.1015625
0 0.4287109375 0.521484375 0.05078125 0.1015625
0 0.6865234375 0.244140625 0.0576171875 0.05078125