0 0.638671875 0.396484375 0.05859375 0.0625
0 0.62109375 0.41015625 0.0576171875 0.060546875
0 0.4990234375 0.4169921875 0.05078125 0.037109375
0 0.361328125 0.427734375 0.0322265625 0.091796875
0 0.576171875 0.4560546875 0.05078125 0.0400390625
0 0.634765625 0.6865234375 0.0498046875 0.0791015625
0 0.4697265625 0.4716796875 0.0634765625 0.0712890625
0 0.498046875 0.396484375 0.0498046875 0.0390625
0 0.53125 0.447265625 0.0498046875 0.05859375
0 0.4892578125 0.498046875 0.05859375 0.06640625
0 0.345703125 0.4619140625 0.046875 0.0791015625
0 0.572265625 0.5166015625 0.0712890625 0.0703125
1 0.041015625 0.3740234375 0.0390625 0.0791015625
0 0.2939453125 0.685546875 0.078125 0.0869140625
0 0.9130859375 0.345703125 0.0546875 0.0712890625
0 0.8896484375 0.5302734375 0.05078125 0.0888671875
0 0.546875 0.3359375 0.0625 0.0654296875
0 0.3779296875 0.544921875 0.05859375 0.08203125