0 0.8505859375 0.45703125 0.013671875 0.0419921875
0 0.6953125 0.4853515625 0.021484375 0.03515625
0 0.673828125 0.4638671875 0.01953125 0.0341796875
0 0.64453125 0.416015625 0.0234375 0.03515625
0 0.173828125 0.37890625 0.0185546875 0.03515625
0 0.3466796875 0.39453125 0.0244140625 0.029296875
0 0.3447265625 0.3603515625 0.01953125 0.0263671875
0 0.70703125 0.515625 0.0263671875 0.0400390625
0 0.7490234375 0.5791015625 0.03515625 0.0478515625
0 0.2099609375 0.4677734375 0.01953125 0.0419921875
0 0.369140625 0.5966796875 0.02734375 0.037109375
0 0.357421875 0.5205078125 0.021484375 0.037109375
0 0.7294921875 0.5576171875 0.02734375 0.037109375
0 0.13671875 0.5712890625 0.029296875 0.044921875