0 0.6279296875 0.3662109375 0.04296875 0.0634765625
0 0.611328125 0.4033203125 0.0400390625 0.0810546875
0 0.5361328125 0.4091796875 0.046875 0.0712890625
0 0.4697265625 0.431640625 0.0576171875 0.0712890625
1 0.548828125 0.2607421875 0.0263671875 0.05859375
0 0.185546875 0.29296875 0.0625 0.0576171875
0 0.4111328125 0.45703125 0.07421875 0.0322265625
0 0.2646484375 0.4345703125 0.03515625 0.078125
0 0.57421875 0.408203125 0.05078125 0.078125
0 0.544921875 0.365234375 0.029296875 0.0732421875
0 0.806640625 0.494140625 0.052734375 0.083984375
0 0.3759765625 0.427734375 0.05078125 0.0712890625
0 0.228515625 0.4423828125 0.044921875 0.078125