0 0.408203125 0.4404296875 0.0419921875 0.04296875
0 0.390625 0.466796875 0.037109375 0.0576171875
0 0.458984375 0.443359375 0.044921875 0.04296875
0 0.3916015625 0.5390625 0.0478515625 0.068359375
0 0.927734375 0.4794921875 0.037109375 0.07421875
0 0.4921875 0.482421875 0.0625 0.046875
0 0.6201171875 0.3701171875 0.0341796875 0.0556640625
0 0.60546875 0.451171875 0.03515625 0.060546875
0 0.306640625 0.333984375 0.0341796875 0.0556640625
0 0.5478515625 0.330078125 0.0322265625 0.052734375
0 0.6015625 0.6591796875 0.046875 0.078125
0 0.634765625 0.53125 0.03125 0.078125
0 0.5693359375 0.416015625 0.029296875 0.0625
0 0.134765625 0.447265625 0.0400390625 0.0625
0 0.490234375 0.6552734375 0.0634765625 0.08203125