0 0.314453125 0.4140625 0.021484375 0.04296875
0 0.5615234375 0.4033203125 0.01953125 0.04296875
0 0.4111328125 0.388671875 0.0400390625 0.0322265625
0 0.314453125 0.3828125 0.01953125 0.037109375
0 0.4892578125 0.427734375 0.0341796875 0.0400390625
0 0.455078125 0.412109375 0.0263671875 0.0322265625
0 0.4169921875 0.4482421875 0.0400390625 0.04296875
0 0.486328125 0.330078125 0.03125 0.0390625
0 0.111328125 0.365234375 0.021484375 0.04296875
1 0.865234375 0.435546875 0.01953125 0.0576171875
0 0.5029296875 0.4755859375 0.0400390625 0.05078125
0 0.4267578125 0.587890625 0.0244140625 0.076171875
0 0.353515625 0.482421875 0.0263671875 0.052734375
0 0.52734375 0.5888671875 0.05078125 0.05859375