0 0.400390625 0.5185546875 0.0498046875 0.0341796875
0 0.4208984375 0.5107421875 0.0390625 0.0498046875
0 0.2275390625 0.501953125 0.0390625 0.0810546875
0 0.3916015625 0.552734375 0.0546875 0.060546875
0 0.64453125 0.365234375 0.029296875 0.0498046875
0 0.3896484375 0.4873046875 0.0478515625 0.052734375
0 0.646484375 0.419921875 0.029296875 0.0712890625
0 0.5009765625 0.544921875 0.0634765625 0.046875
0 0.5048828125 0.5771484375 0.05859375 0.0732421875
0 0.4814453125 0.50390625 0.05859375 0.05078125
0 0.470703125 0.4462890625 0.0498046875 0.0478515625
0 0.5927734375 0.5322265625 0.0390625 0.08203125
0 0.71484375 0.595703125 0.0322265625 0.0859375
0 0.658203125 0.2978515625 0.02734375 0.0576171875
0 0.3740234375 0.466796875 0.0478515625 0.0556640625
0 0.2294921875 0.548828125 0.04296875 0.078125
0 0.5810546875 0.4638671875 0.0400390625 0.068359375
0 0.3896484375 0.58984375 0.060546875 0.0859375
0 0.37109375 0.373046875 0.0390625 0.0625
0 0.3525390625 0.2919921875 0.044921875 0.0654296875
0 0.392578125 0.4111328125 0.052734375 0.0625