0 0.482421875 0.4931640625 0.037109375 0.0859375
0 0.6044921875 0.5234375 0.07421875 0.09375
0 0.525390625 0.513671875 0.046875 0.0859375
0 0.591796875 0.568359375 0.0888671875 0.0947265625
0 0.501953125 0.427734375 0.046875 0.0810546875
0 0.0302734375 0.57421875 0.060546875 0.1044921875
0 0.201171875 0.271484375 0.0654296875 0.0703125
0 0.48828125 0.541015625 0.0576171875 0.09765625
0 0.12109375 0.5615234375 0.0576171875 0.1015625
0 0.431640625 0.458984375 0.0634765625 0.08203125
0 0.76171875 0.474609375 0.06640625 0.099609375
0 0.08203125 0.42578125 0.0791015625 0.091796875
0 0.546875 0.4228515625 0.046875 0.0732421875
0 0.095703125 0.35546875 0.06640625 0.08203125