0 0.4345703125 0.44140625 0.0625 0.0546875
0 0.4423828125 0.3642578125 0.05859375 0.0966796875
0 0.587890625 0.4638671875 0.068359375 0.0625
0 0.365234375 0.345703125 0.0498046875 0.0419921875
0 0.5 0.4560546875 0.05859375 0.0712890625
0 0.447265625 0.40625 0.068359375 0.037109375
0 0.826171875 0.4619140625 0.0576171875 0.1015625
0 0.552734375 0.43359375 0.060546875 0.06640625
0 0.8662109375 0.314453125 0.03515625 0.099609375
0 0.603515625 0.5166015625 0.0654296875 0.08203125
0 0.5986328125 0.3232421875 0.0400390625 0.0966796875
0 0.7783203125 0.419921875 0.0498046875 0.1025390625
0 0.474609375 0.529296875 0.06640625 0.0791015625
0 0.4560546875 0.501953125 0.0712890625 0.08203125
0 0.361328125 0.400390625 0.0576171875 0.09375
0 0.732421875 0.384765625 0.04296875 0.099609375
0 0.814453125 0.548828125 0.0546875 0.12109375
0 0.0986328125 0.462890625 0.0556640625 0.0947265625
0 0.576171875 0.3837890625 0.076171875 0.0947265625