0 0.525390625 0.4453125 0.044921875 0.0498046875
0 0.6142578125 0.408203125 0.0498046875 0.0419921875
0 0.541015625 0.412109375 0.0478515625 0.04296875
0 0.505859375 0.470703125 0.0498046875 0.0419921875
0 0.568359375 0.4453125 0.0478515625 0.037109375
0 0.5517578125 0.380859375 0.037109375 0.04296875
0 0.0224609375 0.43359375 0.044921875 0.0888671875
0 0.4775390625 0.5068359375 0.0732421875 0.076171875
0 0.5810546875 0.4931640625 0.0556640625 0.0703125
0 0.33203125 0.4609375 0.044921875 0.0810546875
0 0.66015625 0.4091796875 0.0478515625 0.0625
0 0.86328125 0.4619140625 0.044921875 0.0732421875
0 0.3896484375 0.435546875 0.0478515625 0.076171875
0 0.4951171875 0.3974609375 0.052734375 0.0634765625
0 0.6669921875 0.3720703125 0.05859375 0.0712890625
0 0.3720703125 0.349609375 0.037109375 0.068359375
0 0.509765625 0.6455078125 0.0732421875 0.0966796875
0 0.396484375 0.6513671875 0.0478515625 0.0810546875