0 0.466796875 0.478515625 0.05859375 0.0341796875
0 0.28515625 0.4482421875 0.05078125 0.078125
0 0.4609375 0.4541015625 0.0556640625 0.05078125
0 0.501953125 0.47265625 0.04296875 0.0634765625
0 0.5595703125 0.4501953125 0.0556640625 0.05859375
0 0.548828125 0.3974609375 0.05078125 0.076171875
0 0.451171875 0.435546875 0.05859375 0.05078125
0 0.4404296875 0.283203125 0.04296875 0.07421875
0 0.5771484375 0.484375 0.0576171875 0.0556640625
0 0.58984375 0.53515625 0.076171875 0.0703125
0 0.400390625 0.341796875 0.05078125 0.0791015625
0 0.779296875 0.49609375 0.0478515625 0.0947265625
0 0.6455078125 0.3359375 0.0400390625 0.083984375
0 0.462890625 0.5166015625 0.0654296875 0.0732421875
0 0.7607421875 0.28125 0.037109375 0.07421875
0 0.416015625 0.4111328125 0.046875 0.083984375
0 0.498046875 0.654296875 0.0791015625 0.1015625
0 0.2822265625 0.5087890625 0.05078125 0.0888671875
0 0.724609375 0.416015625 0.044921875 0.083984375
0 0.6298828125 0.662109375 0.0712890625 0.091796875