0 0.9765625 0.27734375 0.046875 0.0732421875
0 0.412109375 0.552734375 0.0546875 0.1015625
0 0.5224609375 0.501953125 0.0419921875 0.0810546875
0 0.2861328125 0.50390625 0.0625 0.091796875
0 0.8544921875 0.7138671875 0.037109375 0.04296875
0 0.78515625 0.6767578125 0.029296875 0.046875
0 0.4716796875 0.4931640625 0.046875 0.0703125
0 0.2314453125 0.513671875 0.078125 0.0576171875
0 0.470703125 0.55078125 0.0634765625 0.0888671875
0 0.771484375 0.3408203125 0.037109375 0.068359375
0 0.712890625 0.314453125 0.0322265625 0.0634765625
0 0.8935546875 0.578125 0.0400390625 0.1025390625
0 0.826171875 0.451171875 0.046875 0.083984375