0 0.447265625 0.37890625 0.02734375 0.0478515625
0 0.611328125 0.3935546875 0.03125 0.052734375
0 0.5224609375 0.451171875 0.0361328125 0.05859375
0 0.91796875 0.328125 0.025390625 0.0654296875
0 0.3525390625 0.4033203125 0.0263671875 0.060546875
0 0.4892578125 0.3603515625 0.0400390625 0.0546875
0 0.4794921875 0.427734375 0.0400390625 0.0712890625
0 0.4384765625 0.4228515625 0.0390625 0.0625
0 0.287109375 0.3134765625 0.0380859375 0.05078125
0 0.6123046875 0.421875 0.03515625 0.056640625
0 0.3623046875 0.43359375 0.0380859375 0.0625
1 0.9521484375 0.4404296875 0.0400390625 0.0615234375
0 0.47265625 0.634765625 0.0517578125 0.0634765625
0 0.4072265625 0.3623046875 0.0419921875 0.056640625
0 0.197265625 0.3173828125 0.041015625 0.05078125
0 0.3251953125 0.6435546875 0.0341796875 0.08203125