0 0.2919921875 0.4599609375 0.037109375 0.05078125
0 0.365234375 0.4814453125 0.0625 0.0498046875
0 0.2587890625 0.4892578125 0.0478515625 0.0654296875
0 0.2451171875 0.4287109375 0.0498046875 0.05078125
0 0.3095703125 0.4013671875 0.03125 0.05859375
0 0.341796875 0.4375 0.060546875 0.0498046875
0 0.095703125 0.4501953125 0.0419921875 0.0869140625
0 0.8251953125 0.4580078125 0.03125 0.0810546875
0 0.36328125 0.5048828125 0.060546875 0.0712890625
0 0.7216796875 0.341796875 0.02734375 0.0625
0 0.294921875 0.326171875 0.0263671875 0.0478515625
0 0.181640625 0.3720703125 0.0390625 0.0625
0 0.91015625 0.4951171875 0.0322265625 0.0810546875
0 0.435546875 0.6142578125 0.0498046875 0.0810546875
0 0.486328125 0.4638671875 0.0390625 0.0810546875
0 0.3955078125 0.37109375 0.02734375 0.0634765625
0 0.1962890625 0.326171875 0.0478515625 0.0546875
0 0.2607421875 0.5185546875 0.0556640625 0.083984375
0 0.330078125 0.611328125 0.060546875 0.09765625