0 0.505859375 0.5146484375 0.05078125 0.0791015625
0 0.302734375 0.5380859375 0.0498046875 0.0888671875
0 0.4912109375 0.4306640625 0.0546875 0.0546875
0 0.259765625 0.4951171875 0.044921875 0.09375
0 0.4580078125 0.576171875 0.078125 0.0888671875
0 0.447265625 0.41796875 0.0498046875 0.06640625
0 0.482421875 0.4814453125 0.0556640625 0.08984375
0 0.560546875 0.4423828125 0.04296875 0.0810546875
0 0.5107421875 0.546875 0.0712890625 0.0869140625
0 0.744140625 0.48046875 0.0341796875 0.0947265625
0 0.5263671875 0.2939453125 0.052734375 0.0625
0 0.7177734375 0.521484375 0.0419921875 0.0888671875
0 0.4677734375 0.3740234375 0.0576171875 0.06640625
0 0.0224609375 0.3798828125 0.044921875 0.078125
0 0.3310546875 0.2880859375 0.0556640625 0.0703125
0 0.5927734375 0.529296875 0.0732421875 0.08984375
0 0.044921875 0.58984375 0.060546875 0.0947265625
0 0.2578125 0.4033203125 0.0341796875 0.0712890625