0 0.501953125 0.423828125 0.0478515625 0.052734375
0 0.38671875 0.40234375 0.0478515625 0.03515625
0 0.4169921875 0.4248046875 0.052734375 0.0556640625
0 0.375 0.4697265625 0.0556640625 0.060546875
0 0.49609375 0.474609375 0.0576171875 0.0947265625
0 0.2119140625 0.396484375 0.03515625 0.0791015625
0 0.763671875 0.326171875 0.03125 0.0791015625
0 0.4921875 0.384765625 0.0625 0.046875
0 0.232421875 0.40234375 0.03515625 0.0947265625
0 0.63671875 0.447265625 0.05078125 0.0810546875
0 0.849609375 0.611328125 0.052734375 0.1015625
0 0.4140625 0.3251953125 0.052734375 0.068359375
0 0.658203125 0.41015625 0.04296875 0.076171875
0 0.283203125 0.626953125 0.0859375 0.099609375
0 0.5107421875 0.333984375 0.037109375 0.06640625
0 0.6728515625 0.537109375 0.044921875 0.0859375
0 0.298828125 0.49609375 0.0703125 0.0888671875
0 0.80078125 0.470703125 0.044921875 0.0791015625