0 0.513671875 0.763671875 0.05078125 0.0341796875
0 0.380859375 0.3544921875 0.0322265625 0.0498046875
0 0.375 0.4677734375 0.03125 0.0791015625
0 0.37890625 0.3896484375 0.044921875 0.05078125
0 0.4150390625 0.4755859375 0.044921875 0.0888671875
1 0.0302734375 0.3388671875 0.029296875 0.05859375
0 0.7890625 0.7548828125 0.0498046875 0.052734375
1 0.7490234375 0.435546875 0.0263671875 0.0791015625
0 0.4677734375 0.5302734375 0.044921875 0.076171875
0 0.462890625 0.4111328125 0.0419921875 0.068359375
0 0.3466796875 0.4736328125 0.037109375 0.083984375
0 0.2109375 0.4140625 0.0400390625 0.068359375
0 0.591796875 0.255859375 0.0400390625 0.06640625
0 0.248046875 0.46875 0.060546875 0.0625
0 0.5478515625 0.251953125 0.05078125 0.0625
0 0.556640625 0.4736328125 0.0546875 0.07421875
0 0.4931640625 0.623046875 0.05078125 0.0712890625
0 0.669921875 0.638671875 0.0478515625 0.0791015625