0 0.591796875 0.4677734375 0.0556640625 0.0634765625
0 0.7021484375 0.466796875 0.060546875 0.06640625
0 0.64453125 0.43359375 0.0322265625 0.05078125
0 0.5283203125 0.4248046875 0.0341796875 0.0625
0 0.607421875 0.51171875 0.0625 0.0703125
0 0.4990234375 0.494140625 0.0546875 0.0703125
0 0.666015625 0.494140625 0.0576171875 0.0712890625
0 0.841796875 0.4482421875 0.0390625 0.115234375
0 0.44921875 0.439453125 0.0390625 0.0791015625
0 0.33984375 0.44921875 0.05078125 0.1103515625
0 0.7890625 0.4912109375 0.052734375 0.091796875
1 0.98046875 0.4697265625 0.0390625 0.1201171875
0 0.5361328125 0.51953125 0.04296875 0.1201171875
0 0.25390625 0.4482421875 0.044921875 0.0869140625
0 0.4560546875 0.5107421875 0.0625 0.07421875