0 0.458984375 0.443359375 0.0390625 0.05078125
0 0.65234375 0.4501953125 0.0419921875 0.0625
0 0.291015625 0.447265625 0.0341796875 0.0703125
0 0.509765625 0.4697265625 0.0498046875 0.0634765625
0 0.3642578125 0.6640625 0.0712890625 0.1025390625
0 0.4228515625 0.4580078125 0.044921875 0.0625
0 0.6728515625 0.404296875 0.0263671875 0.0654296875
0 0.970703125 0.435546875 0.0322265625 0.083984375
1 0.755859375 0.4248046875 0.029296875 0.083984375
0 0.630859375 0.541015625 0.04296875 0.0859375
0 0.548828125 0.41015625 0.04296875 0.0546875
0 0.3232421875 0.52734375 0.0654296875 0.0947265625
0 0.6982421875 0.50390625 0.04296875 0.076171875
0 0.865234375 0.6669921875 0.0634765625 0.1025390625