0 0.5927734375 0.373046875 0.0478515625 0.03125
0 0.509765625 0.3837890625 0.060546875 0.0546875
0 0.3369140625 0.3173828125 0.029296875 0.078125
0 0.515625 0.412109375 0.0625 0.05859375
0 0.576171875 0.404296875 0.046875 0.05859375
0 0.140625 0.369140625 0.0341796875 0.0947265625
0 0.1474609375 0.6767578125 0.0546875 0.1123046875
0 0.4921875 0.357421875 0.0625 0.0576171875
0 0.755859375 0.3876953125 0.0419921875 0.09375
0 0.62109375 0.4326171875 0.0634765625 0.078125
0 0.8798828125 0.412109375 0.0400390625 0.078125
0 0.369140625 0.4609375 0.0419921875 0.1025390625
0 0.2734375 0.578125 0.046875 0.1025390625
0 0.8056640625 0.4228515625 0.044921875 0.0791015625
0 0.341796875 0.37109375 0.037109375 0.0888671875
0 0.5166015625 0.4619140625 0.076171875 0.08203125
0 0.0322265625 0.5322265625 0.0478515625 0.1044921875
0 0.6357421875 0.552734375 0.07421875 0.091796875
0 0.7373046875 0.7001953125 0.08984375 0.109375