0 0.88671875 0.533203125 0.0322265625 0.08203125
0 0.447265625 0.4384765625 0.044921875 0.03515625
0 0.87109375 0.51171875 0.029296875 0.0859375
0 0.4912109375 0.43359375 0.0546875 0.0546875
0 0.916015625 0.525390625 0.0390625 0.091796875
0 0.7568359375 0.517578125 0.060546875 0.0869140625
0 0.9580078125 0.609375 0.0498046875 0.109375
0 0.4150390625 0.4482421875 0.03515625 0.0712890625
0 0.4931640625 0.478515625 0.0478515625 0.0791015625
0 0.6826171875 0.544921875 0.037109375 0.09375
1 0.501953125 0.322265625 0.0390625 0.0634765625
0 0.3212890625 0.625 0.0390625 0.09375
0 0.8681640625 0.6298828125 0.0703125 0.099609375