0 0.3994140625 0.443359375 0.0546875 0.044921875
0 0.9853515625 0.314453125 0.029296875 0.0556640625
0 0.322265625 0.408203125 0.0400390625 0.0478515625
0 0.5009765625 0.400390625 0.0419921875 0.0390625
0 0.412109375 0.376953125 0.0390625 0.046875
0 0.4130859375 0.416015625 0.05078125 0.044921875
0 0.4716796875 0.44921875 0.046875 0.0546875
0 0.404296875 0.4697265625 0.0576171875 0.0478515625
0 0.3056640625 0.455078125 0.0419921875 0.068359375
0 0.302734375 0.3828125 0.0322265625 0.068359375
0 0.5185546875 0.470703125 0.0654296875 0.06640625
0 0.3583984375 0.5302734375 0.0390625 0.08203125
0 0.416015625 0.494140625 0.0576171875 0.0712890625
0 0.6298828125 0.44921875 0.0400390625 0.0546875
0 0.744140625 0.443359375 0.0419921875 0.0634765625
0 0.521484375 0.3818359375 0.037109375 0.0732421875
0 0.515625 0.5244140625 0.05859375 0.08203125
0 0.474609375 0.326171875 0.044921875 0.0654296875
0 0.189453125 0.3203125 0.037109375 0.0712890625