0 0.46875 0.4697265625 0.0400390625 0.0419921875
0 0.453125 0.4599609375 0.0498046875 0.0634765625
0 0.412109375 0.474609375 0.0400390625 0.0732421875
0 0.427734375 0.427734375 0.0478515625 0.04296875
0 0.4541015625 0.501953125 0.0419921875 0.046875
0 0.67578125 0.6982421875 0.0546875 0.09375
0 0.5 0.3955078125 0.037109375 0.04296875
0 0.1513671875 0.494140625 0.068359375 0.08203125
0 0.6953125 0.501953125 0.0498046875 0.0859375
0 0.4443359375 0.291015625 0.03515625 0.0703125
0 0.4453125 0.548828125 0.05859375 0.0869140625
0 0.7412109375 0.52734375 0.0478515625 0.09765625
0 0.576171875 0.54296875 0.060546875 0.0859375
0 0.634765625 0.4599609375 0.04296875 0.08203125
0 0.33203125 0.291015625 0.060546875 0.0703125