1 0.681640625 0.2529296875 0.04296875 0.068359375
0 0.447265625 0.3193359375 0.04296875 0.076171875
0 0.673828125 0.3154296875 0.0400390625 0.0712890625
0 0.529296875 0.4716796875 0.052734375 0.099609375
0 0.4775390625 0.455078125 0.0576171875 0.0732421875
0 0.5712890625 0.513671875 0.0419921875 0.109375
0 0.701171875 0.45703125 0.0556640625 0.0791015625
0 0.271484375 0.67578125 0.0576171875 0.0859375
0 0.484375 0.482421875 0.0556640625 0.091796875
0 0.6201171875 0.5 0.0654296875 0.09375
0 0.572265625 0.4296875 0.0625 0.0869140625
0 0.408203125 0.3974609375 0.0390625 0.076171875
0 0.314453125 0.43359375 0.0576171875 0.0703125
0 0.755859375 0.455078125 0.05859375 0.0966796875
0 0.6328125 0.423828125 0.0556640625 0.0810546875
0 0.2041015625 0.595703125 0.0419921875 0.09375
0 0.392578125 0.603515625 0.083984375 0.0947265625
0 0.10546875 0.6630859375 0.0634765625 0.1015625
0 0.40234375 0.4736328125 0.0576171875 0.078125