0 0.8642578125 0.443359375 0.037109375 0.0654296875
0 0.74609375 0.3701171875 0.0322265625 0.04296875
0 0.1982421875 0.298828125 0.046875 0.0576171875
0 0.849609375 0.416015625 0.0478515625 0.0810546875
0 0.216796875 0.283203125 0.0400390625 0.05078125
0 0.427734375 0.419921875 0.0322265625 0.0791015625
0 0.291015625 0.396484375 0.0390625 0.0654296875
0 0.4560546875 0.2587890625 0.0400390625 0.0478515625
0 0.896484375 0.453125 0.0556640625 0.078125
0 0.6767578125 0.427734375 0.0498046875 0.078125
0 0.6298828125 0.3740234375 0.046875 0.0703125
0 0.3330078125 0.4365234375 0.0400390625 0.0634765625
0 0.3896484375 0.259765625 0.05078125 0.0498046875
0 0.044921875 0.6435546875 0.068359375 0.0869140625