0 0.6396484375 0.4345703125 0.0390625 0.0654296875
0 0.62109375 0.3857421875 0.0390625 0.04296875
0 0.521484375 0.458984375 0.0546875 0.044921875
0 0.6103515625 0.408203125 0.0322265625 0.046875
0 0.578125 0.349609375 0.037109375 0.04296875
0 0.615234375 0.4638671875 0.0478515625 0.078125
0 0.541015625 0.392578125 0.0625 0.05078125
0 0.513671875 0.4873046875 0.052734375 0.0810546875
0 0.662109375 0.37109375 0.0419921875 0.0576171875
0 0.4013671875 0.4013671875 0.03125 0.07421875
0 0.419921875 0.33203125 0.029296875 0.0634765625
0 0.248046875 0.3642578125 0.04296875 0.068359375
0 0.0400390625 0.470703125 0.0419921875 0.076171875
0 0.294921875 0.5478515625 0.0419921875 0.076171875
0 0.8955078125 0.4345703125 0.0341796875 0.0712890625
0 0.5908203125 0.53515625 0.0556640625 0.076171875