0 0.5400390625 0.4130859375 0.029296875 0.0576171875
0 0.12890625 0.3583984375 0.029296875 0.0390625
0 0.482421875 0.48046875 0.0390625 0.08203125
0 0.509765625 0.435546875 0.0341796875 0.052734375
1 0.9921875 0.392578125 0.015625 0.0859375
0 0.021484375 0.6826171875 0.0419921875 0.078125
0 0.5361328125 0.4521484375 0.04296875 0.0791015625
0 0.5908203125 0.51171875 0.046875 0.076171875
0 0.5751953125 0.4306640625 0.0556640625 0.08203125
0 0.025390625 0.2705078125 0.044921875 0.0654296875
0 0.5166015625 0.494140625 0.0546875 0.0859375
0 0.62109375 0.521484375 0.0478515625 0.0888671875
0 0.0732421875 0.7080078125 0.07421875 0.08984375
0 0.1962890625 0.591796875 0.0419921875 0.09375
0 0.072265625 0.4306640625 0.05859375 0.08203125
0 0.2109375 0.2822265625 0.0625 0.0634765625
0 0.439453125 0.4912109375 0.0478515625 0.1015625
0 0.2939453125 0.3271484375 0.0400390625 0.076171875
0 0.0732421875 0.615234375 0.0400390625 0.0888671875
0 0.0849609375 0.4970703125 0.0546875 0.0869140625
0 0.654296875 0.466796875 0.0576171875 0.09765625
0 0.1943359375 0.416015625 0.0546875 0.083984375