0 0.33203125 0.4716796875 0.05078125 0.0810546875
0 0.265625 0.408203125 0.0400390625 0.0888671875
0 0.2099609375 0.4052734375 0.0419921875 0.0947265625
0 0.80078125 0.376953125 0.044921875 0.0810546875
0 0.0185546875 0.3818359375 0.037109375 0.09765625
0 0.28515625 0.427734375 0.0576171875 0.0947265625
0 0.0859375 0.380859375 0.0400390625 0.0888671875
0 0.076171875 0.4912109375 0.06640625 0.1044921875
0 0.130859375 0.560546875 0.052734375 0.0947265625
0 0.3720703125 0.4912109375 0.0498046875 0.1015625
0 0.609375 0.474609375 0.037109375 0.109375
1 0.970703125 0.36328125 0.0390625 0.09765625
0 0.298828125 0.5576171875 0.068359375 0.10546875
0 0.3505859375 0.3447265625 0.06640625 0.0791015625
0 0.755859375 0.396484375 0.076171875 0.0859375