0 0.7412109375 0.4033203125 0.03515625 0.068359375
0 0.517578125 0.404296875 0.0390625 0.0419921875
0 0.5546875 0.4296875 0.037109375 0.0498046875
0 0.2744140625 0.525390625 0.0322265625 0.08203125
0 0.5400390625 0.3818359375 0.03515625 0.0478515625
0 0.583984375 0.458984375 0.052734375 0.0625
1 0.6298828125 0.2451171875 0.0341796875 0.052734375
0 0.5927734375 0.4130859375 0.0390625 0.044921875
0 0.638671875 0.361328125 0.029296875 0.0712890625
0 0.4267578125 0.2880859375 0.021484375 0.0634765625
0 0.4951171875 0.44140625 0.0556640625 0.0478515625
0 0.138671875 0.458984375 0.0263671875 0.07421875
0 0.376953125 0.375 0.029296875 0.07421875
0 0.525390625 0.537109375 0.0498046875 0.078125
0 0.185546875 0.634765625 0.02734375 0.091796875
0 0.615234375 0.396484375 0.05078125 0.05859375
0 0.4697265625 0.4931640625 0.060546875 0.0478515625
0 0.248046875 0.337890625 0.0263671875 0.0703125
0 0.3427734375 0.4150390625 0.0263671875 0.0791015625
0 0.6416015625 0.30078125 0.05078125 0.060546875
0 0.515625 0.64453125 0.0625 0.08203125