0 0.4697265625 0.435546875 0.03515625 0.0556640625
0 0.5068359375 0.458984375 0.0478515625 0.0654296875
0 0.458984375 0.501953125 0.046875 0.107421875
0 0.412109375 0.46484375 0.044921875 0.0732421875
0 0.556640625 0.453125 0.060546875 0.068359375
0 0.5400390625 0.4013671875 0.0478515625 0.0712890625
0 0.388671875 0.5302734375 0.0419921875 0.09765625
0 0.173828125 0.494140625 0.0498046875 0.0712890625
0 0.4287109375 0.330078125 0.0390625 0.068359375
0 0.4970703125 0.5693359375 0.0654296875 0.091796875
0 0.814453125 0.314453125 0.0419921875 0.07421875
0 0.591796875 0.50390625 0.078125 0.0888671875
0 0.6015625 0.56640625 0.0654296875 0.0888671875
0 0.751953125 0.447265625 0.044921875 0.09375
0 0.7294921875 0.498046875 0.0712890625 0.08984375