0 0.5703125 0.375 0.0625 0.037109375
0 0.4609375 0.478515625 0.0498046875 0.09375
0 0.537109375 0.4208984375 0.0556640625 0.0576171875
0 0.56640625 0.341796875 0.0546875 0.0556640625
0 0.5693359375 0.4619140625 0.0634765625 0.0576171875
0 0.5888671875 0.408203125 0.04296875 0.0546875
0 0.4853515625 0.3125 0.0419921875 0.078125
0 0.46875 0.416015625 0.0556640625 0.0498046875
0 0.5849609375 0.306640625 0.044921875 0.0654296875
0 0.478515625 0.376953125 0.052734375 0.044921875
0 0.455078125 0.337890625 0.0498046875 0.07421875
0 0.333984375 0.3857421875 0.046875 0.0556640625
0 0.8720703125 0.4169921875 0.0498046875 0.083984375
0 0.5927734375 0.5322265625 0.0791015625 0.091796875
0 0.3837890625 0.3525390625 0.0390625 0.08203125
0 0.6298828125 0.3681640625 0.052734375 0.076171875
0 0.4462890625 0.5400390625 0.0576171875 0.091796875
0 0.322265625 0.4453125 0.04296875 0.078125