0 0.5810546875 0.458984375 0.052734375 0.0625
1 0.626953125 0.2451171875 0.03515625 0.052734375
0 0.099609375 0.474609375 0.037109375 0.0810546875
0 0.6123046875 0.3984375 0.052734375 0.0556640625
0 0.517578125 0.408203125 0.0419921875 0.046875
0 0.5908203125 0.416015625 0.037109375 0.044921875
0 0.556640625 0.4287109375 0.04296875 0.0478515625
0 0.537109375 0.384765625 0.0390625 0.046875
0 0.42578125 0.2900390625 0.0234375 0.0634765625
0 0.4912109375 0.4423828125 0.0576171875 0.0498046875
0 0.6220703125 0.357421875 0.0498046875 0.06640625
0 0.638671875 0.3017578125 0.052734375 0.0625
0 0.2001953125 0.3427734375 0.02734375 0.06640625
0 0.73828125 0.40234375 0.0390625 0.06640625
0 0.708984375 0.423828125 0.044921875 0.0712890625
0 0.466796875 0.494140625 0.0625 0.05078125
0 0.5234375 0.5380859375 0.0498046875 0.0791015625
0 0.392578125 0.376953125 0.0322265625 0.0546875
0 0.3486328125 0.421875 0.03125 0.0654296875
0 0.283203125 0.5166015625 0.03125 0.0791015625
0 0.1591796875 0.640625 0.04296875 0.083984375
0 0.509765625 0.646484375 0.0654296875 0.0810546875