0 0.5283203125 0.3603515625 0.0400390625 0.044921875
0 0.6015625 0.5654296875 0.078125 0.078125
0 0.6201171875 0.4951171875 0.0400390625 0.0810546875
0 0.5263671875 0.4736328125 0.0654296875 0.09375
0 0.5654296875 0.517578125 0.0498046875 0.0947265625
0 0.537109375 0.4013671875 0.0546875 0.0712890625
0 0.7666015625 0.4501953125 0.0390625 0.0966796875
0 0.71875 0.59375 0.05859375 0.0654296875
0 0.4794921875 0.443359375 0.0654296875 0.0888671875
0 0.453125 0.384765625 0.0400390625 0.076171875
0 0.681640625 0.5146484375 0.068359375 0.0859375
0 0.447265625 0.291015625 0.060546875 0.06640625
0 0.798828125 0.494140625 0.046875 0.078125
0 0.416015625 0.529296875 0.0419921875 0.08984375
0 0.6220703125 0.4140625 0.0712890625 0.078125
0 0.375 0.3046875 0.0400390625 0.0712890625
0 0.248046875 0.560546875 0.044921875 0.08203125
0 0.310546875 0.6416015625 0.046875 0.0859375