0 0.4921875 0.4794921875 0.07421875 0.052734375
0 0.451171875 0.416015625 0.05859375 0.0546875
0 0.36328125 0.478515625 0.03515625 0.0625
0 0.357421875 0.4306640625 0.046875 0.0478515625
0 0.4775390625 0.4970703125 0.05078125 0.0869140625
0 0.328125 0.501953125 0.046875 0.07421875
0 0.9140625 0.4736328125 0.0400390625 0.0966796875
0 0.3984375 0.5166015625 0.04296875 0.091796875
0 0.5634765625 0.326171875 0.0263671875 0.078125
0 0.3369140625 0.408203125 0.0634765625 0.0625
0 0.8681640625 0.3916015625 0.0322265625 0.08203125
0 0.5634765625 0.513671875 0.0322265625 0.09375
0 0.189453125 0.435546875 0.0390625 0.08984375
0 0.2900390625 0.3896484375 0.0390625 0.0732421875
0 0.771484375 0.5908203125 0.03515625 0.099609375
0 0.3505859375 0.34375 0.044921875 0.07421875
0 0.603515625 0.404296875 0.0390625 0.07421875
0 0.673828125 0.4658203125 0.037109375 0.08984375
0 0.349609375 0.5634765625 0.0654296875 0.091796875