0 0.626953125 0.51171875 0.052734375 0.05078125
0 0.572265625 0.451171875 0.05078125 0.0419921875
0 0.486328125 0.4892578125 0.0556640625 0.0498046875
0 0.4990234375 0.2998046875 0.060546875 0.068359375
0 0.5556640625 0.486328125 0.0576171875 0.0546875
0 0.3759765625 0.298828125 0.0322265625 0.078125
0 0.45703125 0.552734375 0.060546875 0.107421875
0 0.583984375 0.4287109375 0.05078125 0.05078125
0 0.763671875 0.451171875 0.0341796875 0.0966796875
0 0.4638671875 0.455078125 0.05859375 0.05859375
0 0.51171875 0.546875 0.0703125 0.08984375
0 0.294921875 0.48828125 0.0341796875 0.1015625
0 0.68359375 0.474609375 0.0390625 0.0966796875
0 0.2431640625 0.5498046875 0.0390625 0.099609375
0 0.810546875 0.498046875 0.04296875 0.078125
0 0.333984375 0.6396484375 0.0400390625 0.09765625
0 0.439453125 0.3896484375 0.044921875 0.08203125
0 0.6572265625 0.5634765625 0.0703125 0.091796875
0 0.7451171875 0.587890625 0.068359375 0.0966796875