0 0.517578125 0.40625 0.0419921875 0.0498046875
0 0.537109375 0.3828125 0.037109375 0.046875
0 0.5556640625 0.4296875 0.0419921875 0.0498046875
0 0.5927734375 0.4150390625 0.0390625 0.044921875
0 0.740234375 0.40234375 0.0341796875 0.06640625
1 0.6279296875 0.244140625 0.037109375 0.05078125
0 0.58203125 0.458984375 0.0546875 0.0634765625
0 0.71875 0.419921875 0.0341796875 0.078125
0 0.4931640625 0.44140625 0.0576171875 0.0478515625
0 0.61328125 0.396484375 0.05078125 0.05859375
0 0.1748046875 0.6357421875 0.02734375 0.08984375
0 0.623046875 0.3564453125 0.037109375 0.068359375
0 0.125 0.458984375 0.02734375 0.078125
0 0.427734375 0.2890625 0.0244140625 0.0654296875
0 0.6416015625 0.30078125 0.05078125 0.060546875
0 0.2763671875 0.5224609375 0.03125 0.08203125
0 0.525390625 0.537109375 0.0498046875 0.078125
0 0.46875 0.4931640625 0.0625 0.0478515625
0 0.390625 0.3701171875 0.0244140625 0.068359375
0 0.228515625 0.3388671875 0.03125 0.068359375
0 0.3447265625 0.416015625 0.0263671875 0.0810546875
0 0.513671875 0.6455078125 0.060546875 0.083984375