0 0.529296875 0.5908203125 0.111328125 0.080078125
0 0.595703125 0.2431640625 0.08984375 0.04296875
0 0.3837890625 0.2470703125 0.0380859375 0.0546875
0 0.6220703125 0.3994140625 0.048828125 0.091796875
0 0.123046875 0.5068359375 0.08203125 0.1357421875
0 0.5703125 0.2724609375 0.087890625 0.0400390625
0 0.75390625 0.3310546875 0.052734375 0.0732421875
0 0.767578125 0.396484375 0.0458984375 0.1123046875
0 0.7333984375 0.419921875 0.044921875 0.1123046875
0 0.8671875 0.4541015625 0.056640625 0.11328125
0 0.6015625 0.466796875 0.076171875 0.1171875