0 0.6162109375 0.51171875 0.05078125 0.0634765625
0 0.564453125 0.419921875 0.046875 0.046875
0 0.533203125 0.474609375 0.04296875 0.052734375
0 0.572265625 0.3828125 0.037109375 0.0498046875
0 0.646484375 0.4130859375 0.0478515625 0.05078125
0 0.5947265625 0.4482421875 0.0390625 0.0498046875
0 0.6318359375 0.4248046875 0.03515625 0.052734375
0 0.537109375 0.443359375 0.044921875 0.046875
0 0.7490234375 0.4892578125 0.03515625 0.083984375
0 0.6005859375 0.2822265625 0.0234375 0.060546875
0 0.501953125 0.49609375 0.0654296875 0.0791015625
0 0.7236328125 0.287109375 0.04296875 0.0556640625
0 0.3291015625 0.5458984375 0.03515625 0.0888671875
0 0.423828125 0.4326171875 0.0322265625 0.078125
0 0.33203125 0.34765625 0.0263671875 0.060546875
0 0.658203125 0.35546875 0.044921875 0.0576171875
0 0.21484375 0.455078125 0.03515625 0.078125
0 0.1181640625 0.412109375 0.029296875 0.0732421875