0 0.5390625 0.462890625 0.052734375 0.0498046875
0 0.6103515625 0.419921875 0.0478515625 0.0478515625
0 0.4892578125 0.462890625 0.0625 0.05078125
0 0.576171875 0.455078125 0.052734375 0.0576171875
0 0.638671875 0.5234375 0.0625 0.083984375
0 0.3916015625 0.462890625 0.0419921875 0.08203125
0 0.482421875 0.5234375 0.0546875 0.078125
0 0.802734375 0.4716796875 0.044921875 0.078125
0 0.7685546875 0.4384765625 0.0556640625 0.0888671875
0 0.615234375 0.3935546875 0.0498046875 0.046875
0 0.279296875 0.3203125 0.029296875 0.0810546875
0 0.6357421875 0.48046875 0.0625 0.0791015625
0 0.486328125 0.33984375 0.0322265625 0.0703125
0 0.576171875 0.34375 0.0478515625 0.078125
0 0.6181640625 0.330078125 0.0546875 0.0712890625
0 0.6025390625 0.541015625 0.06640625 0.1015625
0 0.03515625 0.5068359375 0.0419921875 0.091796875
0 0.0849609375 0.38671875 0.0322265625 0.08203125
0 0.1953125 0.5927734375 0.04296875 0.09765625
0 0.5009765625 0.3916015625 0.0546875 0.060546875