0 0.5966796875 0.4482421875 0.046875 0.0498046875
0 0.5625 0.498046875 0.0556640625 0.0498046875
0 0.7587890625 0.474609375 0.0478515625 0.08203125
1 0.5556640625 0.24609375 0.0322265625 0.0546875
0 0.58203125 0.474609375 0.0478515625 0.0556640625
0 0.4521484375 0.5390625 0.06640625 0.052734375
0 0.580078125 0.548828125 0.0625 0.08203125
0 0.4794921875 0.5009765625 0.05859375 0.0576171875
0 0.4912109375 0.4580078125 0.0732421875 0.052734375
0 0.7470703125 0.501953125 0.046875 0.09765625
0 0.552734375 0.5791015625 0.05859375 0.076171875
0 0.3134765625 0.5439453125 0.0390625 0.08984375
0 0.41015625 0.5126953125 0.0546875 0.08984375
0 0.6318359375 0.34765625 0.029296875 0.0859375
0 0.28125 0.6162109375 0.04296875 0.1103515625
0 0.583984375 0.37109375 0.0419921875 0.0791015625
0 0.193359375 0.326171875 0.03515625 0.07421875
0 0.626953125 0.43359375 0.0556640625 0.091796875
0 0.392578125 0.4619140625 0.046875 0.076171875
0 0.3916015625 0.3720703125 0.03515625 0.0810546875
0 0.4453125 0.5849609375 0.0712890625 0.09765625