0 0.576171875 0.326171875 0.0498046875 0.0732421875
0 0.396484375 0.3447265625 0.0234375 0.05078125
1 0.517578125 0.4736328125 0.0322265625 0.0712890625
0 0.4912109375 0.3779296875 0.0390625 0.068359375
0 0.765625 0.4990234375 0.0400390625 0.076171875
0 0.3935546875 0.41796875 0.03125 0.0634765625
0 0.298828125 0.3759765625 0.02734375 0.076171875
1 0.017578125 0.33203125 0.029296875 0.0546875
0 0.4248046875 0.435546875 0.0498046875 0.0791015625
0 0.4619140625 0.4052734375 0.0390625 0.0732421875
0 0.8056640625 0.3583984375 0.0322265625 0.060546875
0 0.728515625 0.4580078125 0.0341796875 0.07421875
0 0.57421875 0.4599609375 0.05078125 0.0703125
0 0.521484375 0.6240234375 0.0634765625 0.0859375
0 0.900390625 0.609375 0.044921875 0.08984375
0 0.7470703125 0.314453125 0.02734375 0.05859375