0 0.623046875 0.40234375 0.07421875 0.0791015625
1 0.013671875 0.271484375 0.0263671875 0.083984375
0 0.359375 0.353515625 0.0556640625 0.0810546875
0 0.5341796875 0.41015625 0.046875 0.0576171875
0 0.72265625 0.390625 0.044921875 0.0810546875
0 0.607421875 0.5400390625 0.046875 0.1015625
0 0.541015625 0.3408203125 0.044921875 0.05859375
0 0.5927734375 0.4208984375 0.06640625 0.0732421875
0 0.6435546875 0.375 0.068359375 0.068359375
0 0.65625 0.34375 0.0556640625 0.05859375
0 0.388671875 0.5244140625 0.0654296875 0.0947265625
0 0.490234375 0.4453125 0.0546875 0.083984375
0 0.5595703125 0.470703125 0.068359375 0.08984375
0 0.751953125 0.3642578125 0.044921875 0.0869140625
0 0.8193359375 0.3271484375 0.029296875 0.0888671875
0 0.642578125 0.619140625 0.0498046875 0.08984375
0 0.37109375 0.607421875 0.08203125 0.09765625