0 0.478515625 0.3359375 0.0322265625 0.052734375
0 0.5830078125 0.3955078125 0.0400390625 0.0712890625
0 0.4951171875 0.3896484375 0.037109375 0.0546875
0 0.5859375 0.361328125 0.04296875 0.0634765625
0 0.353515625 0.365234375 0.03515625 0.060546875
0 0.326171875 0.376953125 0.044921875 0.07421875
0 0.982421875 0.412109375 0.0322265625 0.076171875
0 0.455078125 0.4111328125 0.044921875 0.0654296875
0 0.603515625 0.2763671875 0.021484375 0.0556640625
0 0.908203125 0.34765625 0.029296875 0.0732421875
0 0.654296875 0.345703125 0.02734375 0.0703125
0 0.546875 0.4423828125 0.05859375 0.0498046875
0 0.8583984375 0.490234375 0.0322265625 0.0791015625
0 0.4453125 0.28125 0.04296875 0.0556640625
0 0.388671875 0.6083984375 0.0654296875 0.091796875
0 0.466796875 0.482421875 0.0576171875 0.068359375
0 0.630859375 0.6123046875 0.0400390625 0.08984375
0 0.697265625 0.4140625 0.029296875 0.07421875