0 0.44140625 0.349609375 0.0390625 0.0419921875
0 0.529296875 0.3740234375 0.044921875 0.044921875
0 0.529296875 0.318359375 0.0498046875 0.05078125
0 0.46875 0.3740234375 0.03125 0.0576171875
0 0.3173828125 0.3583984375 0.0400390625 0.0859375
0 0.466796875 0.306640625 0.0341796875 0.060546875
0 0.69140625 0.291015625 0.029296875 0.060546875
0 0.837890625 0.5888671875 0.03515625 0.09375
0 0.4326171875 0.39453125 0.0498046875 0.06640625
0 0.4609375 0.4482421875 0.0498046875 0.068359375
0 0.5185546875 0.431640625 0.0556640625 0.060546875
0 0.52734375 0.404296875 0.0546875 0.044921875
0 0.80859375 0.333984375 0.0322265625 0.0634765625
0 0.6640625 0.4296875 0.0341796875 0.078125
0 0.6962890625 0.486328125 0.0322265625 0.08203125
0 0.4150390625 0.46484375 0.0546875 0.076171875
0 0.416015625 0.6064453125 0.068359375 0.08984375