0 0.7529296875 0.4755859375 0.04296875 0.08203125
0 0.5654296875 0.501953125 0.05859375 0.044921875
0 0.580078125 0.47265625 0.0498046875 0.05078125
1 0.560546875 0.251953125 0.03125 0.0654296875
0 0.7412109375 0.494140625 0.029296875 0.1025390625
0 0.4951171875 0.458984375 0.068359375 0.05078125
0 0.482421875 0.498046875 0.0556640625 0.052734375
0 0.447265625 0.5732421875 0.0576171875 0.0966796875
0 0.59375 0.462890625 0.0498046875 0.0703125
0 0.4677734375 0.537109375 0.0546875 0.052734375
0 0.5517578125 0.5732421875 0.05859375 0.0654296875
0 0.2998046875 0.603515625 0.0400390625 0.107421875
0 0.306640625 0.5234375 0.02734375 0.0712890625
0 0.623046875 0.4345703125 0.05078125 0.083984375
0 0.5849609375 0.3759765625 0.0419921875 0.076171875
0 0.58203125 0.54296875 0.0576171875 0.076171875
0 0.3818359375 0.3740234375 0.0263671875 0.08203125
0 0.3525390625 0.509765625 0.0419921875 0.08203125
0 0.2294921875 0.326171875 0.0341796875 0.06640625
0 0.6435546875 0.3193359375 0.046875 0.0703125
0 0.3916015625 0.458984375 0.0390625 0.0859375