0 0.98828125 0.4833984375 0.0234375 0.0859375
0 0.51171875 0.3818359375 0.0390625 0.0478515625
0 0.4443359375 0.427734375 0.044921875 0.044921875
0 0.435546875 0.40234375 0.037109375 0.0390625
0 0.5361328125 0.466796875 0.046875 0.05078125
0 0.9296875 0.3779296875 0.03125 0.0654296875
0 0.443359375 0.4990234375 0.037109375 0.0546875
0 0.775390625 0.603515625 0.0341796875 0.09375
0 0.423828125 0.3125 0.0419921875 0.052734375
0 0.5537109375 0.4970703125 0.05078125 0.068359375
0 0.490234375 0.306640625 0.02734375 0.060546875
0 0.423828125 0.5859375 0.0341796875 0.0869140625
0 0.2119140625 0.4404296875 0.03515625 0.0654296875
0 0.615234375 0.4931640625 0.03125 0.076171875
0 0.6611328125 0.435546875 0.0341796875 0.068359375