0 0.515625 0.435546875 0.0498046875 0.083984375
0 0.46484375 0.419921875 0.060546875 0.0888671875
0 0.6552734375 0.3720703125 0.0419921875 0.08984375
0 0.6220703125 0.373046875 0.0556640625 0.09375
0 0.546875 0.392578125 0.0498046875 0.09375
0 0.58984375 0.4560546875 0.0546875 0.08984375
0 0.4931640625 0.470703125 0.060546875 0.0947265625
0 0.20703125 0.3388671875 0.05078125 0.0966796875
0 0.134765625 0.5146484375 0.0556640625 0.0888671875
0 0.322265625 0.318359375 0.0419921875 0.091796875
0 0.255859375 0.404296875 0.0419921875 0.076171875
0 0.7431640625 0.4169921875 0.0478515625 0.0966796875