0 0.4296875 0.376953125 0.052734375 0.12890625
0 0.45703125 0.4482421875 0.0791015625 0.1650390625
0 0.3857421875 0.3740234375 0.068359375 0.1416015625
0 0.373046875 0.509765625 0.1044921875 0.17578125
0 0.587890625 0.4296875 0.08984375 0.2060546875
0 0.376953125 0.611328125 0.099609375 0.20703125
0 0.662109375 0.439453125 0.1123046875 0.1796875
0 0.6416015625 0.580078125 0.11328125 0.19140625
0 0.328125 0.6884765625 0.099609375 0.17578125
0 0.525390625 0.4892578125 0.083984375 0.23046875
0 0.16796875 0.634765625 0.1201171875 0.2265625
0 0.3134765625 0.458984375 0.1015625 0.1962890625
0 0.9609375 0.638671875 0.07421875 0.240234375
0 0.6796875 0.654296875 0.140625 0.248046875
0 0.1142578125 0.4970703125 0.1279296875 0.2275390625
0 0.484375 0.6171875 0.1591796875 0.24609375