0 0.55078125 0.4814453125 0.060546875 0.0400390625
0 0.4775390625 0.34375 0.03515625 0.068359375
0 0.453125 0.4306640625 0.04296875 0.0419921875
0 0.560546875 0.5224609375 0.0791015625 0.0546875
0 0.482421875 0.458984375 0.046875 0.05859375
0 0.310546875 0.4462890625 0.0400390625 0.076171875
0 0.5537109375 0.4462890625 0.060546875 0.044921875
0 0.634765625 0.412109375 0.0322265625 0.0712890625
0 0.658203125 0.4677734375 0.037109375 0.08203125
0 0.27734375 0.482421875 0.0478515625 0.0732421875
0 0.4365234375 0.419921875 0.05078125 0.0546875
0 0.4462890625 0.486328125 0.0546875 0.076171875
0 0.5400390625 0.3994140625 0.0478515625 0.0576171875
0 0.4443359375 0.369140625 0.0576171875 0.0625
0 0.9189453125 0.3564453125 0.0244140625 0.07421875
0 0.587890625 0.3349609375 0.02734375 0.0703125
0 0.4345703125 0.326171875 0.046875 0.0634765625
0 0.7236328125 0.3193359375 0.02734375 0.06640625
0 0.560546875 0.615234375 0.0400390625 0.0966796875
0 0.45703125 0.609375 0.06640625 0.0966796875