0 0.43359375 0.4384765625 0.0302734375 0.0517578125
0 0.423828125 0.2978515625 0.033203125 0.041015625
0 0.37890625 0.4013671875 0.0361328125 0.046875
0 0.369140625 0.4560546875 0.0390625 0.0654296875
0 0.4541015625 0.375 0.0234375 0.0517578125
1 0.6884765625 0.427734375 0.025390625 0.0712890625
0 0.4794921875 0.419921875 0.0458984375 0.0576171875
0 0.462890625 0.4716796875 0.03515625 0.0703125
0 0.240234375 0.4189453125 0.0361328125 0.0703125
0 0.58984375 0.3486328125 0.03125 0.0556640625
0 0.404296875 0.3408203125 0.0556640625 0.05859375
0 0.345703125 0.3896484375 0.05078125 0.05859375
0 0.4072265625 0.5234375 0.0595703125 0.0703125
0 0.708984375 0.5810546875 0.0322265625 0.0654296875
0 0.48828125 0.591796875 0.0625 0.0654296875
0 0.619140625 0.5126953125 0.0322265625 0.0703125