0 0.5439453125 0.455078125 0.05859375 0.0390625
0 0.5712890625 0.435546875 0.05078125 0.068359375
0 0.5 0.404296875 0.0556640625 0.083984375
0 0.517578125 0.51171875 0.0576171875 0.06640625
0 0.490234375 0.529296875 0.060546875 0.0703125
0 0.642578125 0.5126953125 0.091796875 0.0625
0 0.5634765625 0.490234375 0.0546875 0.068359375
1 0.984375 0.46484375 0.03125 0.107421875
0 0.642578125 0.4716796875 0.0732421875 0.0654296875
0 0.662109375 0.4189453125 0.052734375 0.068359375
0 0.8232421875 0.453125 0.04296875 0.099609375
0 0.19140625 0.46484375 0.044921875 0.091796875
0 0.7978515625 0.5087890625 0.0546875 0.1015625
0 0.8974609375 0.3740234375 0.03515625 0.0859375
0 0.5498046875 0.3466796875 0.0498046875 0.083984375
0 0.349609375 0.4677734375 0.0556640625 0.09765625
0 0.6318359375 0.5439453125 0.076171875 0.08984375
0 0.810546875 0.322265625 0.0341796875 0.0791015625
0 0.591796875 0.623046875 0.0576171875 0.10546875
0 0.4658203125 0.609375 0.0869140625 0.12109375