0 0.5302734375 0.4248046875 0.0322265625 0.0625
0 0.4501953125 0.42578125 0.0380859375 0.0439453125
0 0.4931640625 0.443359375 0.05078125 0.0546875
0 0.5673828125 0.40234375 0.029296875 0.0595703125
0 0.4404296875 0.46875 0.0537109375 0.07421875
0 0.482421875 0.478515625 0.0478515625 0.0810546875
0 0.5595703125 0.501953125 0.0625 0.078125
0 0.5390625 0.341796875 0.03515625 0.05859375
0 0.802734375 0.455078125 0.0478515625 0.06640625
0 0.1337890625 0.50390625 0.0419921875 0.0849609375
0 0.224609375 0.3896484375 0.03515625 0.0634765625
0 0.5048828125 0.3359375 0.0283203125 0.0517578125
1 0.2314453125 0.44140625 0.0322265625 0.087890625
0 0.59375 0.4833984375 0.06640625 0.08984375
0 0.744140625 0.455078125 0.0615234375 0.0732421875
0 0.50390625 0.6376953125 0.072265625 0.1015625
0 0.5224609375 0.5517578125 0.0703125 0.0830078125
0 0.205078125 0.5712890625 0.0400390625 0.091796875
0 0.4189453125 0.6484375 0.0498046875 0.080078125