0 0.619140625 0.40234375 0.0576171875 0.056640625
0 0.115234375 0.537109375 0.0576171875 0.1201171875
0 0.45703125 0.3984375 0.0537109375 0.056640625
0 0.7177734375 0.46875 0.05859375 0.046875
0 0.67578125 0.46484375 0.0546875 0.0849609375
0 0.4775390625 0.4326171875 0.07421875 0.0634765625
0 0.5390625 0.4765625 0.0703125 0.072265625
0 0.486328125 0.49609375 0.046875 0.10546875
0 0.736328125 0.517578125 0.06640625 0.0712890625
0 0.611328125 0.4580078125 0.060546875 0.0703125
0 0.84765625 0.46484375 0.0546875 0.08984375
0 0.4072265625 0.4541015625 0.0517578125 0.09765625
0 0.796875 0.42578125 0.0478515625 0.09765625
0 0.642578125 0.53125 0.0654296875 0.10546875
0 0.31640625 0.390625 0.041015625 0.0830078125
0 0.39453125 0.3583984375 0.0419921875 0.078125
0 0.2587890625 0.3408203125 0.041015625 0.083984375
0 0.5322265625 0.3642578125 0.0546875 0.078125