0 0.53125 0.455078125 0.0478515625 0.048828125
0 0.431640625 0.4013671875 0.04296875 0.044921875
0 0.6376953125 0.4521484375 0.0439453125 0.0634765625
0 0.5771484375 0.4287109375 0.044921875 0.044921875
0 0.578125 0.3505859375 0.0302734375 0.052734375
0 0.48828125 0.4892578125 0.0439453125 0.052734375
0 0.736328125 0.48046875 0.04296875 0.0849609375
0 0.5771484375 0.5087890625 0.044921875 0.0791015625
0 0.4306640625 0.4482421875 0.0341796875 0.0732421875
0 0.7646484375 0.470703125 0.0341796875 0.0791015625
0 0.2548828125 0.509765625 0.0341796875 0.0830078125
0 0.451171875 0.5224609375 0.0625 0.0703125
0 0.615234375 0.46875 0.0419921875 0.0634765625
0 0.5361328125 0.3837890625 0.033203125 0.0576171875
0 0.4130859375 0.6123046875 0.0654296875 0.0859375
0 0.1923828125 0.6025390625 0.044921875 0.0791015625
0 0.7099609375 0.3896484375 0.041015625 0.0654296875
0 0.7587890625 0.3544921875 0.0478515625 0.060546875