0 0.6328125 0.416015625 0.04296875 0.0703125
0 0.630859375 0.38671875 0.046875 0.048828125
0 0.462890625 0.3486328125 0.04296875 0.0546875
0 0.66796875 0.45703125 0.0478515625 0.083984375
0 0.095703125 0.541015625 0.0498046875 0.111328125
0 0.4892578125 0.41796875 0.07421875 0.080078125
0 0.736328125 0.51171875 0.05859375 0.08203125
0 0.615234375 0.4443359375 0.046875 0.0908203125
0 0.470703125 0.39453125 0.0634765625 0.0703125
0 0.845703125 0.462890625 0.0546875 0.08984375
0 0.48828125 0.4970703125 0.05078125 0.103515625
0 0.31640625 0.390625 0.0419921875 0.0830078125
0 0.791015625 0.427734375 0.0615234375 0.09375
0 0.54296875 0.46484375 0.07421875 0.087890625
0 0.6494140625 0.5322265625 0.0830078125 0.103515625
0 0.2568359375 0.34375 0.04296875 0.078125
0 0.41015625 0.4560546875 0.05859375 0.0888671875
0 0.392578125 0.3583984375 0.0419921875 0.078125
0 0.52734375 0.3671875 0.056640625 0.0654296875
0 0.7578125 0.478515625 0.0751953125 0.09765625