0 0.623046875 0.41015625 0.04296875 0.044921875
0 0.294921875 0.3076171875 0.0322265625 0.0869140625
0 0.787109375 0.3896484375 0.05078125 0.08203125
0 0.7666015625 0.462890625 0.0546875 0.0791015625
0 0.5732421875 0.458984375 0.0498046875 0.08984375
0 0.5 0.52734375 0.0625 0.09765625
0 0.712890625 0.505859375 0.04296875 0.076171875
0 0.72265625 0.427734375 0.0478515625 0.0810546875
0 0.6337890625 0.462890625 0.06640625 0.08984375
0 0.396484375 0.365234375 0.0634765625 0.0947265625
0 0.466796875 0.50390625 0.060546875 0.09765625
0 0.541015625 0.431640625 0.0634765625 0.091796875
0 0.2734375 0.4443359375 0.046875 0.1103515625
0 0.87890625 0.521484375 0.0703125 0.0888671875