0 0.330078125 0.439453125 0.08984375 0.076171875
0 0.0771484375 0.365234375 0.0546875 0.10546875
0 0.384765625 0.4814453125 0.08984375 0.0869140625
0 0.2890625 0.400390625 0.0810546875 0.0576171875
0 0.8037109375 0.271484375 0.0419921875 0.1015625
0 0.23828125 0.451171875 0.11328125 0.0859375
0 0.251953125 0.376953125 0.076171875 0.107421875
0 0.771484375 0.32421875 0.068359375 0.1640625
0 0.2587890625 0.302734375 0.06640625 0.099609375
0 0.16796875 0.412109375 0.0703125 0.1650390625
0 0.0927734375 0.431640625 0.0703125 0.1748046875
0 0.462890625 0.4501953125 0.07421875 0.13671875
0 0.5732421875 0.404296875 0.08984375 0.154296875
0 0.861328125 0.31640625 0.0556640625 0.1484375