0 0.548828125 0.423828125 0.0498046875 0.0546875
0 0.4931640625 0.431640625 0.05078125 0.037109375
0 0.5029296875 0.369140625 0.037109375 0.0390625
0 0.5771484375 0.4755859375 0.05078125 0.0576171875
0 0.326171875 0.287109375 0.0322265625 0.0625
0 0.3798828125 0.4365234375 0.046875 0.0478515625
0 0.4814453125 0.4091796875 0.0625 0.0498046875
0 0.587890625 0.3828125 0.044921875 0.0341796875
0 0.486328125 0.470703125 0.0556640625 0.05859375
0 0.314453125 0.388671875 0.0322265625 0.0703125
0 0.3583984375 0.4853515625 0.0478515625 0.0732421875
0 0.611328125 0.537109375 0.0634765625 0.09765625
0 0.4384765625 0.5224609375 0.0419921875 0.091796875
0 0.8486328125 0.419921875 0.0400390625 0.076171875
0 0.5888671875 0.2919921875 0.052734375 0.068359375
0 0.212890625 0.658203125 0.0546875 0.091796875
0 0.6337890625 0.654296875 0.076171875 0.09765625