0 0.6396484375 0.3515625 0.0234375 0.02734375
0 0.634765625 0.328125 0.0185546875 0.03125
0 0.6103515625 0.3212890625 0.01953125 0.0322265625
0 0.7958984375 0.4580078125 0.0263671875 0.0498046875
0 0.2431640625 0.4326171875 0.0263671875 0.037109375
0 0.6591796875 0.380859375 0.03125 0.03125
0 0.2294921875 0.3330078125 0.02734375 0.04296875
0 0.2353515625 0.4873046875 0.0263671875 0.04296875
0 0.6865234375 0.416015625 0.029296875 0.03515625
0 0.728515625 0.4697265625 0.029296875 0.0419921875
0 0.1298828125 0.552734375 0.0341796875 0.044921875
0 0.7626953125 0.51171875 0.0341796875 0.0419921875
0 0.142578125 0.37890625 0.029296875 0.03515625
0 0.8037109375 0.5615234375 0.03515625 0.044921875
0 0.2412109375 0.666015625 0.03515625 0.0498046875
0 0.83984375 0.607421875 0.0322265625 0.05078125
0 0.8671875 0.6396484375 0.0341796875 0.0576171875