0 0.2109375 0.365234375 0.046875 0.0498046875
0 0.7685546875 0.2333984375 0.0341796875 0.029296875
0 0.2080078125 0.416015625 0.0400390625 0.0859375
0 0.490234375 0.4326171875 0.052734375 0.0869140625
0 0.451171875 0.4599609375 0.0419921875 0.0888671875
0 0.17578125 0.5 0.0703125 0.0966796875
0 0.533203125 0.6357421875 0.044921875 0.1181640625
0 0.7236328125 0.2548828125 0.0400390625 0.0712890625
0 0.95703125 0.2958984375 0.0390625 0.044921875
0 0.080078125 0.470703125 0.0546875 0.099609375
0 0.2431640625 0.4326171875 0.0634765625 0.08984375
0 0.169921875 0.3857421875 0.05078125 0.09375
0 0.697265625 0.3369140625 0.0478515625 0.0947265625
0 0.0322265625 0.4609375 0.0634765625 0.0869140625
0 0.57421875 0.642578125 0.0546875 0.109375
0 0.7578125 0.4765625 0.0556640625 0.083984375
0 0.8056640625 0.3349609375 0.0576171875 0.0859375