0 0.923828125 0.7138671875 0.03125 0.02734375
0 0.98828125 0.517578125 0.0234375 0.0859375
0 0.341796875 0.474609375 0.037109375 0.091796875
0 0.9375 0.3251953125 0.02734375 0.05859375
0 0.3662109375 0.4794921875 0.0419921875 0.0966796875
0 0.41015625 0.4541015625 0.0703125 0.076171875
0 0.27734375 0.44921875 0.05078125 0.1015625
0 0.9521484375 0.357421875 0.044921875 0.07421875
0 0.84765625 0.701171875 0.060546875 0.052734375
0 0.2666015625 0.4814453125 0.0634765625 0.0654296875
0 0.2109375 0.490234375 0.0556640625 0.068359375
0 0.462890625 0.435546875 0.0546875 0.0859375
0 0.255859375 0.548828125 0.060546875 0.09375
0 0.9228515625 0.505859375 0.0732421875 0.08984375