0 0.48046875 0.39453125 0.044921875 0.0634765625
0 0.947265625 0.3408203125 0.044921875 0.078125
0 0.748046875 0.517578125 0.0625 0.1103515625
0 0.3662109375 0.435546875 0.0546875 0.068359375
0 0.9091796875 0.3505859375 0.0556640625 0.08203125
0 0.537109375 0.40625 0.04296875 0.0966796875
0 0.6376953125 0.513671875 0.052734375 0.109375
0 0.8427734375 0.5283203125 0.0732421875 0.08984375
0 0.443359375 0.4814453125 0.0546875 0.10546875
0 0.240234375 0.435546875 0.0498046875 0.099609375
0 0.703125 0.3955078125 0.0498046875 0.09375
0 0.76953125 0.5703125 0.0703125 0.1123046875
0 0.41015625 0.455078125 0.0791015625 0.0791015625
1 0.021484375 0.365234375 0.03515625 0.09765625
0 0.791015625 0.3984375 0.060546875 0.0869140625