0 0.689453125 0.4755859375 0.0390625 0.0546875
0 0.650390625 0.4638671875 0.052734375 0.0869140625
0 0.4580078125 0.4921875 0.04296875 0.083984375
0 0.4814453125 0.513671875 0.068359375 0.0947265625
0 0.59375 0.416015625 0.04296875 0.068359375
0 0.9453125 0.2646484375 0.0400390625 0.076171875
0 0.4638671875 0.4345703125 0.0400390625 0.0712890625
0 0.55078125 0.4697265625 0.060546875 0.0947265625
0 0.599609375 0.482421875 0.052734375 0.0966796875
0 0.4296875 0.4462890625 0.0556640625 0.1015625
0 0.67578125 0.5341796875 0.06640625 0.08984375
0 0.822265625 0.544921875 0.0478515625 0.1015625
0 0.6767578125 0.416015625 0.0556640625 0.076171875
0 0.876953125 0.505859375 0.0498046875 0.09765625
0 0.259765625 0.4501953125 0.060546875 0.109375