0 0.6376953125 0.4140625 0.046875 0.056640625
1 0.4189453125 0.2392578125 0.029296875 0.041015625
0 0.5224609375 0.4990234375 0.044921875 0.0859375
0 0.4736328125 0.4951171875 0.0439453125 0.099609375
0 0.216796875 0.296875 0.033203125 0.060546875
0 0.1259765625 0.337890625 0.0537109375 0.0595703125
0 0.5703125 0.509765625 0.05078125 0.0986328125
0 0.0244140625 0.5810546875 0.0478515625 0.0751953125
0 0.0810546875 0.40234375 0.0439453125 0.083984375
0 0.580078125 0.3232421875 0.03515625 0.0771484375
0 0.4208984375 0.4619140625 0.05078125 0.083984375
0 0.380859375 0.3095703125 0.0361328125 0.068359375
0 0.7333984375 0.4658203125 0.046875 0.09765625
0 0.078125 0.5859375 0.080078125 0.091796875
0 0.1728515625 0.4052734375 0.04296875 0.0703125
0 0.58984375 0.4326171875 0.0625 0.083984375