0 0.537109375 0.443359375 0.0498046875 0.0625
0 0.4794921875 0.4501953125 0.052734375 0.04296875
0 0.5830078125 0.4287109375 0.04296875 0.0390625
0 0.5693359375 0.3916015625 0.05078125 0.0322265625
0 0.5498046875 0.359375 0.0400390625 0.0498046875
0 0.578125 0.4736328125 0.0625 0.0810546875
0 0.455078125 0.4931640625 0.0732421875 0.08203125
0 0.4609375 0.416015625 0.068359375 0.052734375
0 0.2783203125 0.43359375 0.04296875 0.076171875
0 0.396484375 0.6044921875 0.0390625 0.099609375
0 0.3876953125 0.3740234375 0.0400390625 0.0703125
0 0.267578125 0.388671875 0.0390625 0.07421875
0 0.62109375 0.3828125 0.060546875 0.0869140625
0 0.259765625 0.330078125 0.037109375 0.0712890625
0 0.5595703125 0.5908203125 0.0654296875 0.099609375
0 0.8681640625 0.44140625 0.0478515625 0.0703125