0 0.5400390625 0.353515625 0.0390625 0.03515625
0 0.490234375 0.427734375 0.0546875 0.0625
0 0.548828125 0.39453125 0.0400390625 0.06640625
0 0.486328125 0.4853515625 0.052734375 0.0859375
0 0.2734375 0.3916015625 0.0498046875 0.076171875
0 0.2744140625 0.611328125 0.0546875 0.1015625
0 0.599609375 0.4033203125 0.037109375 0.07421875
0 0.2783203125 0.4267578125 0.052734375 0.0810546875
0 0.6328125 0.4267578125 0.046875 0.09375
0 0.556640625 0.4521484375 0.068359375 0.0859375
0 0.498046875 0.5966796875 0.0869140625 0.09375
0 0.818359375 0.41796875 0.060546875 0.0703125
0 0.423828125 0.3671875 0.037109375 0.07421875
0 0.208984375 0.330078125 0.05078125 0.068359375