0 0.6103515625 0.3193359375 0.01953125 0.0322265625
0 0.638671875 0.353515625 0.021484375 0.0263671875
0 0.23828125 0.435546875 0.0263671875 0.03515625
0 0.1298828125 0.552734375 0.0341796875 0.044921875
0 0.728515625 0.47265625 0.029296875 0.0390625
0 0.6865234375 0.41796875 0.029296875 0.0390625
0 0.236328125 0.4873046875 0.0244140625 0.04296875
0 0.662109375 0.3818359375 0.029296875 0.0322265625
0 0.7998046875 0.5595703125 0.03125 0.0498046875
0 0.2333984375 0.33984375 0.029296875 0.0322265625
0 0.1435546875 0.37890625 0.02734375 0.03515625
0 0.7626953125 0.5126953125 0.0341796875 0.0400390625
0 0.8388671875 0.6083984375 0.03125 0.0478515625
0 0.2421875 0.666015625 0.037109375 0.0498046875
0 0.8671875 0.6416015625 0.0341796875 0.0576171875