0 0.0263671875 0.265625 0.052734375 0.08984375
0 0.0927734375 0.47265625 0.1015625 0.1640625
0 0.17578125 0.337890625 0.0732421875 0.1337890625
0 0.626953125 0.4931640625 0.125 0.0634765625
0 0.478515625 0.5849609375 0.1103515625 0.201171875
0 0.3994140625 0.3759765625 0.091796875 0.0947265625
0 0.923828125 0.470703125 0.083984375 0.16796875
0 0.0302734375 0.37890625 0.060546875 0.2294921875
0 0.712890625 0.416015625 0.0888671875 0.18359375
0 0.564453125 0.6044921875 0.0947265625 0.2275390625
0 0.25 0.3203125 0.08984375 0.203125
0 0.4951171875 0.3740234375 0.09375 0.185546875
0 0.5986328125 0.3095703125 0.07421875 0.1806640625