1 0.490234375 0.294921875 0.0234375 0.0576171875
0 0.517578125 0.513671875 0.0390625 0.0703125
0 0.501953125 0.453125 0.046875 0.0400390625
0 0.4228515625 0.439453125 0.044921875 0.0322265625
0 0.4208984375 0.4091796875 0.03515625 0.04296875
0 0.4208984375 0.3466796875 0.0263671875 0.0498046875
1 0.9794921875 0.373046875 0.037109375 0.0791015625
0 0.275390625 0.43359375 0.0322265625 0.0703125
0 0.4033203125 0.509765625 0.0625 0.07421875
0 0.525390625 0.341796875 0.046875 0.0546875
0 0.7392578125 0.4638671875 0.037109375 0.068359375
0 0.5400390625 0.43359375 0.0419921875 0.05078125
0 0.228515625 0.4775390625 0.0390625 0.0703125
0 0.251953125 0.5458984375 0.0498046875 0.076171875
0 0.486328125 0.603515625 0.0634765625 0.08984375
0 0.35546875 0.615234375 0.05078125 0.07421875