0 0.626953125 0.3291015625 0.0185546875 0.0390625
0 0.654296875 0.375 0.021484375 0.04296875
0 0.2392578125 0.431640625 0.02734375 0.0419921875
0 0.236328125 0.4873046875 0.02734375 0.04296875
0 0.2294921875 0.333984375 0.02734375 0.044921875
0 0.8017578125 0.55859375 0.03125 0.0478515625
0 0.8427734375 0.6083984375 0.0263671875 0.0634765625
0 0.685546875 0.4111328125 0.0263671875 0.04296875
0 0.146484375 0.37109375 0.0185546875 0.044921875
0 0.7294921875 0.46484375 0.0244140625 0.044921875
0 0.751953125 0.5087890625 0.0234375 0.0478515625
0 0.865234375 0.6474609375 0.021484375 0.060546875
0 0.1298828125 0.552734375 0.0341796875 0.04296875
0 0.2412109375 0.666015625 0.03515625 0.0498046875