0 0.5048828125 0.4697265625 0.046875 0.0576171875
0 0.3984375 0.3974609375 0.046875 0.0546875
0 0.990234375 0.3759765625 0.01953125 0.08203125
0 0.4423828125 0.4150390625 0.052734375 0.0546875
0 0.5029296875 0.404296875 0.0498046875 0.0400390625
0 0.392578125 0.3740234375 0.0556640625 0.0634765625
0 0.400390625 0.3193359375 0.046875 0.0732421875
0 0.5166015625 0.431640625 0.0576171875 0.037109375
0 0.4072265625 0.4736328125 0.0546875 0.05859375
0 0.556640625 0.486328125 0.060546875 0.0859375
0 0.671875 0.3984375 0.0341796875 0.083984375
0 0.5302734375 0.2998046875 0.0263671875 0.078125
0 0.5048828125 0.36328125 0.0625 0.0478515625
0 0.73046875 0.439453125 0.0322265625 0.0888671875
0 0.6220703125 0.6494140625 0.068359375 0.1015625
0 0.6328125 0.345703125 0.0341796875 0.078125
0 0.13671875 0.4189453125 0.0419921875 0.068359375
0 0.2587890625 0.435546875 0.044921875 0.0810546875
0 0.392578125 0.6494140625 0.076171875 0.1015625