0 0.43359375 0.365234375 0.06640625 0.15234375
0 0.298828125 0.28515625 0.0732421875 0.12890625
0 0.599609375 0.4619140625 0.0712890625 0.2041015625
0 0.3173828125 0.447265625 0.0625 0.208984375
0 0.427734375 0.5419921875 0.091796875 0.2119140625
0 0.4638671875 0.4189453125 0.078125 0.1962890625
0 0.15234375 0.3642578125 0.0634765625 0.2060546875
0 0.37890625 0.3955078125 0.0703125 0.162109375
0 0.513671875 0.326171875 0.0703125 0.171875
0 0.576171875 0.3017578125 0.0634765625 0.162109375
0 0.6650390625 0.4521484375 0.0888671875 0.201171875
0 0.560546875 0.49609375 0.0791015625 0.20703125