0 0.4609375 0.4033203125 0.0712890625 0.07421875
0 0.69921875 0.4423828125 0.0703125 0.1279296875
0 0.599609375 0.376953125 0.11328125 0.1337890625
0 0.318359375 0.39453125 0.0654296875 0.17578125
0 0.4716796875 0.4921875 0.078125 0.140625
0 0.341796875 0.494140625 0.091796875 0.08203125
0 0.80078125 0.4443359375 0.08203125 0.12890625
0 0.435546875 0.482421875 0.08203125 0.138671875
0 0.615234375 0.4892578125 0.08984375 0.1650390625
0 0.685546875 0.548828125 0.076171875 0.138671875
0 0.541015625 0.6240234375 0.0888671875 0.1826171875