0 0.453125 0.482421875 0.177734375 0.0712890625
0 0.49609375 0.408203125 0.076171875 0.1494140625
0 0.505859375 0.2900390625 0.0625 0.1416015625
0 0.044921875 0.296875 0.08203125 0.15234375
0 0.865234375 0.28515625 0.060546875 0.12890625
0 0.900390625 0.283203125 0.0634765625 0.125
0 0.4287109375 0.39453125 0.0791015625 0.08203125
1 0.2197265625 0.2978515625 0.091796875 0.1572265625
1 0.0771484375 0.474609375 0.123046875 0.21875
0 0.2939453125 0.431640625 0.0654296875 0.2216796875
0 0.5712890625 0.287109375 0.0703125 0.1328125
0 0.029296875 0.4287109375 0.0576171875 0.2138671875
0 0.220703125 0.41015625 0.0966796875 0.1484375
0 0.154296875 0.361328125 0.0791015625 0.2119140625
0 0.337890625 0.4443359375 0.0888671875 0.20703125
0 0.5888671875 0.4189453125 0.0810546875 0.21484375
0 0.634765625 0.359375 0.0654296875 0.2119140625