0 0.447265625 0.4423828125 0.0751953125 0.1328125
1 0.43359375 0.296875 0.095703125 0.107421875
0 0.6669921875 0.5048828125 0.0751953125 0.125
0 0.25390625 0.666015625 0.0673828125 0.095703125
0 0.2392578125 0.5009765625 0.0654296875 0.1357421875
0 0.4150390625 0.4990234375 0.060546875 0.1474609375
0 0.20703125 0.650390625 0.06640625 0.1171875
0 0.30859375 0.44140625 0.0869140625 0.125
0 0.083984375 0.669921875 0.083984375 0.1572265625
1 0.92578125 0.45703125 0.05078125 0.138671875
0 0.6064453125 0.4931640625 0.083984375 0.13671875