0 0.4990234375 0.44921875 0.0498046875 0.0859375
0 0.5 0.34375 0.0458984375 0.068359375
0 0.46875 0.4267578125 0.0361328125 0.0634765625
0 0.546875 0.4638671875 0.0546875 0.0703125
0 0.470703125 0.3857421875 0.0439453125 0.0595703125
0 0.34765625 0.40234375 0.0517578125 0.0751953125
0 0.384765625 0.4970703125 0.04296875 0.0888671875
0 0.046875 0.697265625 0.0576171875 0.076171875
0 0.2509765625 0.427734375 0.0419921875 0.08203125
0 0.3701171875 0.328125 0.0322265625 0.0703125
0 0.341796875 0.326171875 0.0400390625 0.064453125
0 0.595703125 0.46875 0.037109375 0.08203125
0 0.4453125 0.4765625 0.05859375 0.083984375
0 0.384765625 0.4296875 0.0537109375 0.0634765625
1 0.970703125 0.505859375 0.041015625 0.1015625
0 0.595703125 0.404296875 0.046875 0.076171875