0 0.587890625 0.4013671875 0.044921875 0.0400390625
0 0.6474609375 0.458984375 0.0419921875 0.046875
0 0.669921875 0.501953125 0.04296875 0.05859375
0 0.66796875 0.4365234375 0.0390625 0.03515625
0 0.669921875 0.4130859375 0.0390625 0.0322265625
0 0.599609375 0.357421875 0.0341796875 0.05078125
0 0.6826171875 0.283203125 0.0400390625 0.0556640625
0 0.103515625 0.3681640625 0.02734375 0.060546875
0 0.5458984375 0.4541015625 0.0322265625 0.076171875
0 0.583984375 0.4326171875 0.0546875 0.0400390625
0 0.5908203125 0.47265625 0.0556640625 0.044921875
0 0.0927734375 0.486328125 0.0322265625 0.078125
0 0.6962890625 0.330078125 0.03515625 0.0654296875
0 0.673828125 0.3603515625 0.0390625 0.060546875
0 0.57421875 0.5185546875 0.0478515625 0.07421875
0 0.509765625 0.326171875 0.029296875 0.0546875
0 0.603515625 0.2880859375 0.03125 0.05078125
0 0.84765625 0.435546875 0.029296875 0.0654296875
0 0.576171875 0.6162109375 0.04296875 0.0703125
0 0.802734375 0.44921875 0.04296875 0.0791015625
0 0.6865234375 0.619140625 0.0703125 0.078125