0 0.6396484375 0.333984375 0.03125 0.046875
0 0.51953125 0.3349609375 0.0302734375 0.056640625
0 0.6015625 0.3740234375 0.0390625 0.0498046875
0 0.6162109375 0.3056640625 0.0302734375 0.04296875
0 0.419921875 0.3681640625 0.0283203125 0.0859375
0 0.3876953125 0.41796875 0.0283203125 0.0859375
0 0.53125 0.2822265625 0.0224609375 0.0576171875
0 0.7646484375 0.3701171875 0.0341796875 0.068359375
0 0.7275390625 0.38671875 0.03125 0.08203125
0 0.564453125 0.427734375 0.0390625 0.0625
0 0.462890625 0.4453125 0.0419921875 0.05859375
0 0.517578125 0.384765625 0.046875 0.05078125
0 0.4951171875 0.412109375 0.0478515625 0.0478515625
0 0.626953125 0.3583984375 0.0478515625 0.0546875
0 0.416015625 0.6533203125 0.0654296875 0.083984375
0 0.708984375 0.310546875 0.0390625 0.064453125
0 0.2568359375 0.634765625 0.048828125 0.08203125