0 0.4775390625 0.4716796875 0.0322265625 0.05859375
0 0.4814453125 0.4072265625 0.052734375 0.0322265625
1 0.5908203125 0.2529296875 0.037109375 0.068359375
0 0.3525390625 0.5634765625 0.0634765625 0.1044921875
0 0.474609375 0.431640625 0.0576171875 0.037109375
0 0.5908203125 0.412109375 0.0654296875 0.046875
0 0.3466796875 0.525390625 0.0556640625 0.0888671875
0 0.509765625 0.458984375 0.0498046875 0.06640625
0 0.9033203125 0.419921875 0.0400390625 0.0869140625
0 0.5625 0.53125 0.07421875 0.05859375
0 0.4326171875 0.490234375 0.0654296875 0.076171875
0 0.3271484375 0.4228515625 0.03515625 0.0732421875
0 0.591796875 0.451171875 0.0732421875 0.0576171875
0 0.2958984375 0.443359375 0.0419921875 0.0869140625
0 0.4248046875 0.541015625 0.078125 0.0947265625
0 0.515625 0.3212890625 0.052734375 0.076171875