0 0.2841796875 0.361328125 0.0234375 0.02734375
0 0.6123046875 0.361328125 0.02734375 0.0322265625
0 0.76953125 0.3466796875 0.0234375 0.03125
0 0.26953125 0.3779296875 0.0283203125 0.0283203125
0 0.2431640625 0.392578125 0.017578125 0.0390625
0 0.205078125 0.4833984375 0.0322265625 0.0390625
0 0.7939453125 0.4189453125 0.0244140625 0.041015625
0 0.220703125 0.455078125 0.02734375 0.0361328125
0 0.166015625 0.5419921875 0.0390625 0.0400390625
0 0.607421875 0.4130859375 0.0234375 0.0380859375
0 0.822265625 0.52734375 0.02734375 0.0439453125
0 0.6201171875 0.568359375 0.03515625 0.0546875
0 0.611328125 0.49609375 0.03125 0.044921875
0 0.1357421875 0.59375 0.044921875 0.05078125