0 0.8427734375 0.4248046875 0.0517578125 0.0732421875
0 0.640625 0.3662109375 0.05078125 0.1005859375
0 0.82421875 0.37890625 0.04296875 0.046875
0 0.982421875 0.478515625 0.03515625 0.1025390625
0 0.6259765625 0.4111328125 0.056640625 0.10546875
0 0.69140625 0.38671875 0.076171875 0.1015625
0 0.4150390625 0.4306640625 0.07421875 0.0703125
0 0.7744140625 0.3857421875 0.0537109375 0.1025390625
0 0.751953125 0.3408203125 0.05078125 0.09375
0 0.3896484375 0.3798828125 0.0546875 0.11328125
0 0.9453125 0.486328125 0.0615234375 0.109375
0 0.7021484375 0.57421875 0.0791015625 0.109375
0 0.8154296875 0.5048828125 0.0703125 0.10546875
0 0.7939453125 0.4345703125 0.064453125 0.111328125
0 0.552734375 0.4453125 0.056640625 0.1064453125
0 0.259765625 0.439453125 0.068359375 0.1025390625