0 0.5234375 0.4765625 0.0498046875 0.068359375
0 0.591796875 0.4853515625 0.0400390625 0.060546875
0 0.5791015625 0.439453125 0.029296875 0.0419921875
1 0.4091796875 0.67578125 0.03125 0.0478515625
0 0.55859375 0.4716796875 0.0478515625 0.0712890625
0 0.482421875 0.373046875 0.03125 0.060546875
0 0.076171875 0.3603515625 0.0390625 0.0478515625
0 0.52734375 0.4052734375 0.0322265625 0.076171875
0 0.2587890625 0.3662109375 0.0390625 0.06640625
0 0.3349609375 0.5146484375 0.0322265625 0.0703125
0 0.4736328125 0.486328125 0.05859375 0.078125
0 0.2236328125 0.419921875 0.02734375 0.0712890625
0 0.365234375 0.5634765625 0.0419921875 0.091796875
0 0.7578125 0.447265625 0.0556640625 0.0859375
0 0.4853515625 0.40625 0.060546875 0.068359375
0 0.181640625 0.6083984375 0.0634765625 0.09765625
0 0.2451171875 0.494140625 0.04296875 0.068359375