0 0.1748046875 0.4638671875 0.0751953125 0.09375
0 0.1728515625 0.541015625 0.0947265625 0.171875
0 0.9326171875 0.365234375 0.0947265625 0.166015625
0 0.4736328125 0.4609375 0.0771484375 0.1513671875
0 0.1181640625 0.5791015625 0.08203125 0.2060546875
0 0.3115234375 0.52734375 0.0849609375 0.1904296875
0 0.34375 0.32421875 0.1318359375 0.1533203125
0 0.4931640625 0.5068359375 0.099609375 0.1591796875
0 0.80078125 0.314453125 0.1455078125 0.19140625
0 0.21875 0.595703125 0.1123046875 0.2138671875
0 0.109375 0.41015625 0.0966796875 0.171875