0 0.7080078125 0.421875 0.0341796875 0.052734375
0 0.693359375 0.392578125 0.0322265625 0.03515625
0 0.75390625 0.404296875 0.0419921875 0.046875
0 0.689453125 0.361328125 0.02734375 0.0400390625
0 0.73828125 0.4404296875 0.0390625 0.05859375
0 0.8349609375 0.412109375 0.03515625 0.068359375
0 0.642578125 0.458984375 0.0478515625 0.0390625
0 0.7451171875 0.361328125 0.02734375 0.052734375
0 0.388671875 0.365234375 0.01953125 0.05859375
0 0.734375 0.494140625 0.05859375 0.08203125
0 0.5654296875 0.3974609375 0.02734375 0.0634765625
0 0.1494140625 0.4462890625 0.0234375 0.0703125
0 0.693359375 0.466796875 0.0390625 0.0654296875
0 0.517578125 0.583984375 0.0263671875 0.091796875
0 0.544921875 0.484375 0.029296875 0.078125
0 0.6806640625 0.591796875 0.060546875 0.083984375
0 0.5068359375 0.427734375 0.0390625 0.0654296875