0 0.4619140625 0.5556640625 0.0322265625 0.0576171875
0 0.4384765625 0.5703125 0.0390625 0.0771484375
0 0.2880859375 0.513671875 0.0439453125 0.083984375
0 0.828125 0.353515625 0.0244140625 0.05859375
0 0.490234375 0.384765625 0.02734375 0.0634765625
0 0.48046875 0.453125 0.0322265625 0.080078125
0 0.6708984375 0.53125 0.0302734375 0.09375
0 0.248046875 0.4765625 0.0419921875 0.0703125
0 0.5341796875 0.298828125 0.03125 0.06640625
0 0.3984375 0.4658203125 0.048828125 0.060546875
0 0.79296875 0.6328125 0.0390625 0.095703125
0 0.537109375 0.548828125 0.052734375 0.0576171875
0 0.263671875 0.3046875 0.05078125 0.064453125
0 0.625 0.4658203125 0.03515625 0.0859375
0 0.5302734375 0.6376953125 0.0615234375 0.0888671875
0 0.51953125 0.4951171875 0.0390625 0.060546875
0 0.416015625 0.4990234375 0.0498046875 0.0625
0 0.3447265625 0.384765625 0.048828125 0.0732421875
0 0.591796875 0.57421875 0.05859375 0.0791015625