0 0.5458984375 0.349609375 0.0302734375 0.0380859375
0 0.580078125 0.3212890625 0.03515625 0.033203125
0 0.4296875 0.357421875 0.0302734375 0.0458984375
0 0.55078125 0.4501953125 0.0478515625 0.0712890625
0 0.595703125 0.365234375 0.044921875 0.0654296875
0 0.57421875 0.376953125 0.0390625 0.0791015625
0 0.73046875 0.39453125 0.0439453125 0.0625
0 0.5263671875 0.326171875 0.0380859375 0.060546875
0 0.494140625 0.4560546875 0.048828125 0.0712890625
0 0.4833984375 0.4326171875 0.0556640625 0.0654296875
0 0.224609375 0.6474609375 0.052734375 0.078125
0 0.70703125 0.4033203125 0.0400390625 0.0732421875
0 0.6708984375 0.3876953125 0.044921875 0.0654296875
0 0.484375 0.3984375 0.048828125 0.0556640625
0 0.35546875 0.658203125 0.0712890625 0.0771484375