0 0.677734375 0.376953125 0.04296875 0.0419921875
0 0.6611328125 0.3974609375 0.0498046875 0.060546875
0 0.361328125 0.34375 0.0234375 0.0654296875
0 0.556640625 0.408203125 0.03515625 0.046875
0 0.40234375 0.3740234375 0.0263671875 0.0791015625
0 0.583984375 0.353515625 0.0322265625 0.0478515625
0 0.5146484375 0.4287109375 0.0576171875 0.05078125
0 0.6279296875 0.44921875 0.05859375 0.08203125
0 0.154296875 0.3837890625 0.046875 0.076171875
0 0.357421875 0.40625 0.03515625 0.078125
0 0.376953125 0.4482421875 0.03515625 0.08984375
0 0.9052734375 0.404296875 0.03515625 0.08203125
0 0.7958984375 0.396484375 0.0263671875 0.0888671875
1 0.2578125 0.3837890625 0.0341796875 0.0791015625
0 0.1708984375 0.5849609375 0.044921875 0.1171875
0 0.353515625 0.599609375 0.0810546875 0.12109375
0 0.591796875 0.4892578125 0.0625 0.099609375