0 0.5791015625 0.490234375 0.0634765625 0.06640625
0 0.548828125 0.4619140625 0.06640625 0.0634765625
0 0.4189453125 0.4462890625 0.037109375 0.0576171875
0 0.107421875 0.490234375 0.037109375 0.09375
0 0.5419921875 0.427734375 0.0625 0.0498046875
0 0.8017578125 0.439453125 0.04296875 0.091796875
0 0.427734375 0.4912109375 0.04296875 0.0791015625
1 0.2314453125 0.4599609375 0.03125 0.0947265625
0 0.498046875 0.619140625 0.04296875 0.1025390625
0 0.396484375 0.3955078125 0.0341796875 0.083984375
0 0.3359375 0.328125 0.037109375 0.0712890625
0 0.0283203125 0.3896484375 0.037109375 0.076171875
0 0.642578125 0.3662109375 0.0498046875 0.0703125
0 0.833984375 0.4541015625 0.03515625 0.08203125
0 0.5595703125 0.326171875 0.0498046875 0.0703125
0 0.85546875 0.6015625 0.0703125 0.0966796875