0 0.6259765625 0.4375 0.05078125 0.068359375
0 0.595703125 0.40625 0.0341796875 0.046875
0 0.5703125 0.40234375 0.0341796875 0.0478515625
0 0.66796875 0.4541015625 0.0478515625 0.0634765625
0 0.705078125 0.46484375 0.05078125 0.0634765625
0 0.166015625 0.3173828125 0.03125 0.07421875
0 0.224609375 0.3505859375 0.029296875 0.0732421875
0 0.314453125 0.4375 0.0419921875 0.0810546875
0 0.521484375 0.4306640625 0.05859375 0.0576171875
0 0.0322265625 0.462890625 0.0322265625 0.09765625
0 0.470703125 0.3916015625 0.0400390625 0.08203125
0 0.90625 0.4091796875 0.03125 0.0869140625
0 0.501953125 0.3408203125 0.04296875 0.068359375
1 0.220703125 0.4677734375 0.0390625 0.1015625
0 0.787109375 0.416015625 0.0341796875 0.0966796875
0 0.4091796875 0.3076171875 0.04296875 0.07421875
0 0.759765625 0.529296875 0.0478515625 0.0966796875
0 0.8603515625 0.5166015625 0.06640625 0.1103515625
0 0.3974609375 0.470703125 0.0419921875 0.0810546875