0 0.71484375 0.4580078125 0.044921875 0.083984375
0 0.57421875 0.4423828125 0.0576171875 0.068359375
0 0.0107421875 0.3603515625 0.021484375 0.0947265625
0 0.103515625 0.513671875 0.0341796875 0.11328125
0 0.6650390625 0.4404296875 0.0546875 0.068359375
0 0.74609375 0.478515625 0.03515625 0.0947265625
0 0.63671875 0.505859375 0.0419921875 0.107421875
0 0.5908203125 0.419921875 0.0556640625 0.0546875
0 0.369140625 0.439453125 0.0341796875 0.0869140625
0 0.697265625 0.392578125 0.0498046875 0.046875
1 0.2353515625 0.43359375 0.029296875 0.107421875
0 0.248046875 0.2919921875 0.029296875 0.083984375
0 0.365234375 0.3876953125 0.0400390625 0.0625
0 0.595703125 0.4716796875 0.0625 0.05859375
0 0.697265625 0.341796875 0.04296875 0.0869140625
0 0.8125 0.6572265625 0.0712890625 0.1171875
0 0.630859375 0.2861328125 0.0498046875 0.0810546875
0 0.4296875 0.3525390625 0.037109375 0.09765625
0 0.7783203125 0.509765625 0.068359375 0.109375
0 0.54296875 0.6044921875 0.0419921875 0.125