0 0.677734375 0.3798828125 0.044921875 0.04296875
0 0.0068359375 0.455078125 0.013671875 0.0947265625
0 0.560546875 0.408203125 0.0322265625 0.0478515625
0 0.353515625 0.3466796875 0.0244140625 0.0654296875
0 0.4013671875 0.3740234375 0.0244140625 0.0791015625
0 0.373046875 0.4482421875 0.037109375 0.08984375
0 0.583984375 0.353515625 0.029296875 0.046875
0 0.515625 0.427734375 0.05859375 0.052734375
0 0.62890625 0.451171875 0.0576171875 0.08203125
0 0.119140625 0.392578125 0.0341796875 0.08203125
0 0.357421875 0.4072265625 0.0341796875 0.0791015625
0 0.798828125 0.396484375 0.02734375 0.0888671875
0 0.173828125 0.583984375 0.0478515625 0.1259765625
0 0.9052734375 0.404296875 0.03515625 0.08203125
1 0.2578125 0.3828125 0.03125 0.0810546875
0 0.591796875 0.4892578125 0.0625 0.099609375
0 0.35546875 0.5986328125 0.076171875 0.125