0 0.5361328125 0.5048828125 0.0546875 0.099609375
0 0.6591796875 0.439453125 0.041015625 0.076171875
0 0.607421875 0.4541015625 0.046875 0.083984375
0 0.5732421875 0.4091796875 0.0458984375 0.05859375
0 0.49609375 0.4931640625 0.03515625 0.0927734375
0 0.61328125 0.6650390625 0.0419921875 0.0439453125
0 0.837890625 0.5341796875 0.05078125 0.09765625
0 0.5732421875 0.5078125 0.0537109375 0.09765625
0 0.51953125 0.423828125 0.0390625 0.0771484375
0 0.775390625 0.5869140625 0.0654296875 0.1083984375
0 0.6708984375 0.509765625 0.048828125 0.1064453125
0 0.7421875 0.6328125 0.0576171875 0.0947265625
0 0.8349609375 0.4208984375 0.0595703125 0.0712890625
0 0.712890625 0.5078125 0.0458984375 0.09765625
1 0.2578125 0.611328125 0.044921875 0.109375
0 0.5361328125 0.6201171875 0.0673828125 0.1103515625
0 0.7294921875 0.41796875 0.064453125 0.0849609375