1 0.1484375 0.37890625 0.03125 0.076171875
0 0.685546875 0.388671875 0.046875 0.0419921875
0 0.703125 0.421875 0.04296875 0.046875
0 0.75 0.4541015625 0.05859375 0.06640625
0 0.4501953125 0.384765625 0.0400390625 0.0634765625
0 0.75 0.5029296875 0.068359375 0.0712890625
0 0.662109375 0.4306640625 0.044921875 0.03515625
0 0.4228515625 0.4228515625 0.0419921875 0.06640625
0 0.6845703125 0.3642578125 0.046875 0.037109375
1 0.083984375 0.302734375 0.029296875 0.076171875
0 0.7861328125 0.4267578125 0.046875 0.0625
0 0.6474609375 0.4755859375 0.044921875 0.0634765625
0 0.708984375 0.69921875 0.0546875 0.044921875
0 0.728515625 0.5751953125 0.044921875 0.07421875
0 0.611328125 0.568359375 0.0625 0.0810546875
0 0.818359375 0.423828125 0.0390625 0.076171875
0 0.59765625 0.4140625 0.03515625 0.083984375
0 0.54296875 0.71484375 0.060546875 0.091796875