0 0.654296875 0.5576171875 0.04296875 0.0556640625
0 0.68359375 0.3642578125 0.0419921875 0.037109375
0 0.716796875 0.435546875 0.037109375 0.05078125
0 0.7998046875 0.431640625 0.037109375 0.0732421875
0 0.6494140625 0.4765625 0.0478515625 0.0654296875
0 0.6640625 0.4287109375 0.04296875 0.03515625
0 0.443359375 0.390625 0.0419921875 0.0625
0 0.416015625 0.42578125 0.0390625 0.0703125
0 0.154296875 0.3779296875 0.0341796875 0.078125
1 0.083984375 0.3017578125 0.02734375 0.07421875
0 0.587890625 0.720703125 0.06640625 0.0732421875
0 0.7158203125 0.701171875 0.04296875 0.0419921875
0 0.7216796875 0.490234375 0.068359375 0.0791015625
0 0.5966796875 0.4228515625 0.0400390625 0.0703125
0 0.73046875 0.576171875 0.0419921875 0.0791015625