0 0.38671875 0.4541015625 0.0390625 0.05078125
0 0.3388671875 0.4345703125 0.0400390625 0.046875
0 0.3232421875 0.5966796875 0.0498046875 0.083984375
0 0.2294921875 0.453125 0.037109375 0.0556640625
0 0.421875 0.5126953125 0.052734375 0.0556640625
0 0.482421875 0.279296875 0.0263671875 0.052734375
0 0.611328125 0.4248046875 0.03515625 0.0556640625
0 0.4501953125 0.43359375 0.052734375 0.0419921875
0 0.3388671875 0.498046875 0.0498046875 0.05859375
0 0.1396484375 0.4384765625 0.0322265625 0.0576171875
0 0.4443359375 0.46875 0.0478515625 0.046875
0 0.6103515625 0.4794921875 0.03515625 0.068359375
0 0.90625 0.6103515625 0.046875 0.0791015625
1 0.7021484375 0.451171875 0.0322265625 0.0703125
0 0.6318359375 0.384765625 0.0322265625 0.0634765625
0 0.47265625 0.376953125 0.0419921875 0.0576171875
0 0.8857421875 0.4580078125 0.0400390625 0.07421875
0 0.48046875 0.599609375 0.0390625 0.078125
0 0.369140625 0.2705078125 0.0390625 0.05859375