0 0.380859375 0.453125 0.044921875 0.052734375
0 0.2197265625 0.451171875 0.03515625 0.0556640625
0 0.333984375 0.435546875 0.0400390625 0.052734375
0 0.3193359375 0.599609375 0.05078125 0.0869140625
0 0.1259765625 0.439453125 0.03515625 0.0625
0 0.4755859375 0.5859375 0.0390625 0.083984375
0 0.48046875 0.2724609375 0.0263671875 0.0546875
0 0.447265625 0.4306640625 0.0498046875 0.044921875
0 0.4208984375 0.513671875 0.060546875 0.0556640625
0 0.333984375 0.498046875 0.052734375 0.0576171875
0 0.44140625 0.466796875 0.0478515625 0.0498046875
0 0.6162109375 0.423828125 0.0390625 0.060546875
0 0.3642578125 0.2607421875 0.0400390625 0.0625
0 0.615234375 0.48046875 0.0419921875 0.0703125
1 0.708984375 0.44921875 0.03125 0.0703125
0 0.9169921875 0.615234375 0.052734375 0.0791015625
0 0.919921875 0.458984375 0.0419921875 0.078125
0 0.4736328125 0.373046875 0.046875 0.0556640625
0 0.6357421875 0.380859375 0.037109375 0.06640625