0 0.92578125 0.376953125 0.0556640625 0.11328125
0 0.3779296875 0.2421875 0.0546875 0.046875
0 0.3115234375 0.2607421875 0.04296875 0.083984375
0 0.38671875 0.46484375 0.064453125 0.0966796875
0 0.5390625 0.48828125 0.0576171875 0.072265625
0 0.8740234375 0.359375 0.0703125 0.0908203125
0 0.4521484375 0.484375 0.05078125 0.08203125
0 0.310546875 0.4560546875 0.052734375 0.10546875
0 0.0205078125 0.3076171875 0.0400390625 0.091796875
0 0.955078125 0.3466796875 0.0625 0.076171875
0 0.673828125 0.330078125 0.03515625 0.091796875