0 0.5859375 0.5126953125 0.046875 0.0810546875
0 0.642578125 0.4677734375 0.04296875 0.0546875
0 0.5966796875 0.4560546875 0.046875 0.0341796875
0 0.6787109375 0.447265625 0.05078125 0.04296875
0 0.603515625 0.421875 0.0576171875 0.052734375
0 0.67578125 0.49609375 0.044921875 0.0576171875
0 0.8408203125 0.4892578125 0.037109375 0.078125
0 0.609375 0.3798828125 0.037109375 0.037109375
0 0.810546875 0.455078125 0.03515625 0.0732421875
0 0.4609375 0.541015625 0.02734375 0.0859375
0 0.470703125 0.4716796875 0.0400390625 0.0654296875
0 0.0244140625 0.412109375 0.029296875 0.078125
0 0.3203125 0.603515625 0.037109375 0.08203125
0 0.70703125 0.5166015625 0.03515625 0.0791015625
0 0.48828125 0.431640625 0.03515625 0.060546875
0 0.384765625 0.3349609375 0.0322265625 0.0576171875
0 0.6416015625 0.578125 0.060546875 0.078125
0 0.7333984375 0.3515625 0.0478515625 0.068359375