0 0.501953125 0.392578125 0.0400390625 0.04296875
0 0.5654296875 0.39453125 0.03125 0.05859375
0 0.5390625 0.3955078125 0.03125 0.05078125
0 0.30078125 0.4736328125 0.0439453125 0.0927734375
0 0.515625 0.45703125 0.0556640625 0.1005859375
0 0.6796875 0.349609375 0.0517578125 0.056640625
0 0.5576171875 0.453125 0.046875 0.087890625
0 0.6357421875 0.345703125 0.046875 0.0654296875
0 0.4521484375 0.423828125 0.0625 0.0859375
0 0.5947265625 0.45703125 0.044921875 0.083984375
0 0.1796875 0.4775390625 0.052734375 0.083984375
0 0.4169921875 0.484375 0.0498046875 0.080078125
0 0.1845703125 0.26953125 0.05078125 0.0693359375
0 0.091796875 0.7470703125 0.0654296875 0.0673828125
0 0.197265625 0.4130859375 0.0576171875 0.0810546875
0 0.048828125 0.259765625 0.033203125 0.0712890625