0 0.90234375 0.5361328125 0.046875 0.0888671875
0 0.763671875 0.546875 0.03515625 0.0517578125
0 0.052734375 0.765625 0.0576171875 0.0263671875
0 0.20703125 0.767578125 0.0390625 0.0263671875
0 0.7783203125 0.6083984375 0.05859375 0.1015625
0 0.7294921875 0.6064453125 0.0439453125 0.10546875
0 0.853515625 0.6533203125 0.0712890625 0.10546875
1 0.66796875 0.330078125 0.041015625 0.0712890625
0 0.048828125 0.7109375 0.068359375 0.1025390625
0 0.0888671875 0.67578125 0.05859375 0.1064453125
0 0.3818359375 0.4580078125 0.03515625 0.07421875
0 0.8818359375 0.6328125 0.0625 0.0927734375
0 0.16015625 0.5048828125 0.052734375 0.078125
0 0.638671875 0.5927734375 0.056640625 0.09765625
0 0.328125 0.462890625 0.05859375 0.076171875