0 0.771484375 0.40234375 0.037109375 0.1044921875
0 0.609375 0.35546875 0.046875 0.044921875
0 0.5439453125 0.396484375 0.0654296875 0.0869140625
0 0.23046875 0.4404296875 0.0419921875 0.078125
0 0.615234375 0.5576171875 0.0478515625 0.09375
0 0.65234375 0.4921875 0.0546875 0.0869140625
0 0.7783203125 0.4365234375 0.0400390625 0.0791015625
0 0.548828125 0.5380859375 0.0478515625 0.06640625
0 0.484375 0.30859375 0.0625 0.06640625
0 0.451171875 0.357421875 0.0634765625 0.07421875
0 0.2939453125 0.40234375 0.0556640625 0.091796875
0 0.177734375 0.611328125 0.046875 0.08984375
0 0.59375 0.4541015625 0.0625 0.0888671875
0 0.095703125 0.30078125 0.0341796875 0.076171875
0 0.349609375 0.5166015625 0.0419921875 0.091796875
0 0.7060546875 0.466796875 0.0654296875 0.09765625