0 0.595703125 0.34765625 0.0400390625 0.0634765625
0 0.8505859375 0.384765625 0.0322265625 0.07421875
0 0.59375 0.412109375 0.052734375 0.0966796875
0 0.712890625 0.3779296875 0.060546875 0.08984375
0 0.248046875 0.76171875 0.0546875 0.03515625
0 0.765625 0.36328125 0.0556640625 0.0888671875
0 0.8193359375 0.419921875 0.060546875 0.06640625
0 0.662109375 0.3798828125 0.068359375 0.1025390625
0 0.8837890625 0.392578125 0.06640625 0.08203125
0 0.525390625 0.4169921875 0.076171875 0.0966796875
0 0.154296875 0.6298828125 0.046875 0.1025390625
0 0.205078125 0.603515625 0.068359375 0.125
0 0.2451171875 0.376953125 0.052734375 0.07421875
0 0.7529296875 0.4677734375 0.0556640625 0.091796875