0 0.474609375 0.3857421875 0.052734375 0.07421875
0 0.6279296875 0.453125 0.0625 0.10546875
0 0.595703125 0.4609375 0.0546875 0.099609375
0 0.751953125 0.427734375 0.044921875 0.06640625
0 0.552734375 0.466796875 0.0546875 0.11328125
0 0.505859375 0.3798828125 0.052734375 0.0869140625
0 0.880859375 0.5517578125 0.0498046875 0.099609375
0 0.427734375 0.490234375 0.044921875 0.10546875
0 0.466796875 0.4658203125 0.0576171875 0.0966796875
0 0.892578125 0.4140625 0.0400390625 0.078125
1 0.3046875 0.3232421875 0.0341796875 0.0966796875
0 0.341796875 0.42578125 0.0625 0.091796875