0 0.5341796875 0.41015625 0.052734375 0.0546875
0 0.54296875 0.4384765625 0.0576171875 0.044921875
0 0.6318359375 0.3974609375 0.0390625 0.0419921875
0 0.626953125 0.4560546875 0.05078125 0.068359375
0 0.646484375 0.380859375 0.0419921875 0.046875
0 0.3994140625 0.5107421875 0.0322265625 0.0712890625
0 0.560546875 0.3251953125 0.02734375 0.052734375
0 0.64453125 0.505859375 0.0478515625 0.07421875
0 0.568359375 0.361328125 0.046875 0.04296875
0 0.6650390625 0.326171875 0.0390625 0.0546875
0 0.1650390625 0.388671875 0.0322265625 0.0556640625
0 0.4580078125 0.263671875 0.0244140625 0.0556640625
0 0.7353515625 0.408203125 0.0390625 0.068359375
0 0.6552734375 0.2646484375 0.0390625 0.0546875
0 0.529296875 0.48046875 0.0625 0.0634765625
0 0.439453125 0.474609375 0.03515625 0.0634765625
0 0.626953125 0.6728515625 0.044921875 0.0791015625
0 0.4482421875 0.6279296875 0.04296875 0.0625