0 0.533203125 0.3974609375 0.0322265625 0.0791015625
0 0.48046875 0.376953125 0.0390625 0.0556640625
0 0.517578125 0.3642578125 0.037109375 0.052734375
0 0.3994140625 0.37109375 0.044921875 0.0634765625
0 0.509765625 0.423828125 0.0498046875 0.0712890625
0 0.4453125 0.380859375 0.046875 0.0654296875
0 0.5888671875 0.3427734375 0.02734375 0.06640625
0 0.578125 0.27734375 0.037109375 0.060546875
0 0.4013671875 0.4619140625 0.037109375 0.08203125
0 0.6259765625 0.2783203125 0.0478515625 0.052734375
0 0.7861328125 0.33984375 0.0341796875 0.0576171875
0 0.92578125 0.537109375 0.0390625 0.08203125
0 0.462890625 0.4404296875 0.07421875 0.0498046875
0 0.3037109375 0.4072265625 0.0478515625 0.076171875
0 0.6533203125 0.6669921875 0.052734375 0.09375
0 0.55078125 0.5205078125 0.044921875 0.08984375