1 0.134765625 0.744140625 0.05078125 0.07421875
0 0.1826171875 0.388671875 0.03125 0.0556640625
0 0.154296875 0.3203125 0.0390625 0.0654296875
0 0.810546875 0.4755859375 0.05078125 0.0791015625
0 0.75390625 0.4404296875 0.0322265625 0.099609375
0 0.2333984375 0.353515625 0.029296875 0.060546875
0 0.212890625 0.40625 0.046875 0.0810546875
0 0.630859375 0.388671875 0.046875 0.083984375
0 0.595703125 0.462890625 0.0400390625 0.0869140625
0 0.2216796875 0.533203125 0.0341796875 0.08203125
0 0.7724609375 0.4716796875 0.0478515625 0.083984375
0 0.1865234375 0.2978515625 0.0419921875 0.0703125
0 0.6640625 0.37890625 0.04296875 0.0732421875
0 0.5595703125 0.4541015625 0.0556640625 0.0732421875
0 0.634765625 0.4560546875 0.05078125 0.0869140625
0 0.26171875 0.5439453125 0.0478515625 0.068359375