0 0.4677734375 0.4697265625 0.03515625 0.03515625
0 0.029296875 0.361328125 0.0419921875 0.0576171875
0 0.990234375 0.59375 0.01953125 0.08984375
0 0.55859375 0.455078125 0.0478515625 0.0400390625
0 0.505859375 0.4853515625 0.044921875 0.0576171875
0 0.4677734375 0.427734375 0.0390625 0.05078125
0 0.5732421875 0.484375 0.052734375 0.04296875
1 0.529296875 0.2509765625 0.03125 0.0634765625
0 0.4765625 0.5458984375 0.0498046875 0.0546875
0 0.5556640625 0.4150390625 0.0419921875 0.0546875
0 0.6982421875 0.4365234375 0.0341796875 0.06640625
0 0.572265625 0.515625 0.0634765625 0.052734375
0 0.7177734375 0.486328125 0.0419921875 0.0712890625
0 0.5732421875 0.56640625 0.068359375 0.0576171875
0 0.576171875 0.322265625 0.037109375 0.0556640625
0 0.9677734375 0.396484375 0.03515625 0.068359375
0 0.6171875 0.685546875 0.0400390625 0.0859375
0 0.2431640625 0.4755859375 0.0390625 0.076171875
0 0.478515625 0.318359375 0.046875 0.0634765625
0 0.4482421875 0.681640625 0.068359375 0.0810546875