1 0.314453125 0.24609375 0.0244140625 0.0546875
0 0.2998046875 0.4541015625 0.0400390625 0.0419921875
0 0.337890625 0.474609375 0.037109375 0.0498046875
0 0.3955078125 0.53125 0.0556640625 0.0498046875
0 0.3974609375 0.501953125 0.05078125 0.0341796875
0 0.4150390625 0.560546875 0.0478515625 0.07421875
0 0.759765625 0.38671875 0.03125 0.0732421875
0 0.263671875 0.43359375 0.0400390625 0.0546875
0 0.3828125 0.4375 0.04296875 0.0341796875
0 0.3896484375 0.4658203125 0.0478515625 0.0400390625
0 0.2978515625 0.3935546875 0.03515625 0.052734375
0 0.837890625 0.50390625 0.03515625 0.0791015625
0 0.58203125 0.361328125 0.03515625 0.060546875
0 0.23828125 0.3876953125 0.0478515625 0.0556640625
0 0.15234375 0.4384765625 0.0419921875 0.0634765625
0 0.5673828125 0.4609375 0.037109375 0.0712890625
0 0.4140625 0.3828125 0.03125 0.0712890625
0 0.517578125 0.416015625 0.03515625 0.0703125
0 0.33984375 0.55078125 0.0576171875 0.0791015625
0 0.1728515625 0.4658203125 0.0390625 0.083984375