0 0.4111328125 0.560546875 0.0654296875 0.078125
0 0.482421875 0.49609375 0.0478515625 0.0732421875
0 0.541015625 0.521484375 0.068359375 0.0576171875
0 0.4619140625 0.4375 0.05078125 0.04296875
0 0.44140625 0.4716796875 0.05078125 0.0498046875
0 0.5380859375 0.564453125 0.06640625 0.078125
0 0.689453125 0.3994140625 0.0322265625 0.0947265625
0 0.736328125 0.4609375 0.04296875 0.0966796875
0 0.7109375 0.5146484375 0.0556640625 0.0888671875
0 0.1396484375 0.482421875 0.05078125 0.08203125
0 0.56640625 0.486328125 0.0634765625 0.0654296875
0 0.357421875 0.580078125 0.06640625 0.07421875
0 0.6123046875 0.330078125 0.04296875 0.0732421875
0 0.4560546875 0.396484375 0.04296875 0.0625
0 0.7529296875 0.587890625 0.052734375 0.1015625
0 0.58984375 0.431640625 0.076171875 0.078125
0 0.5048828125 0.583984375 0.0712890625 0.1044921875
0 0.533203125 0.3232421875 0.0576171875 0.0712890625