0 0.427734375 0.517578125 0.0634765625 0.0390625
0 0.4130859375 0.5615234375 0.06640625 0.076171875
0 0.462890625 0.4384765625 0.052734375 0.044921875
0 0.541015625 0.5234375 0.0712890625 0.05859375
0 0.443359375 0.4697265625 0.0546875 0.05078125
0 0.5380859375 0.564453125 0.06640625 0.076171875
0 0.482421875 0.4970703125 0.052734375 0.0712890625
0 0.5654296875 0.486328125 0.0625 0.0654296875
0 0.138671875 0.482421875 0.0498046875 0.08203125
0 0.583984375 0.4365234375 0.0712890625 0.05078125
0 0.455078125 0.3984375 0.044921875 0.05859375
0 0.357421875 0.580078125 0.06640625 0.07421875
0 0.7080078125 0.525390625 0.046875 0.0859375
0 0.6123046875 0.330078125 0.04296875 0.0732421875
0 0.734375 0.4638671875 0.04296875 0.0869140625
0 0.69921875 0.388671875 0.0390625 0.0869140625
0 0.7705078125 0.591796875 0.052734375 0.1015625
0 0.5087890625 0.583984375 0.0732421875 0.1044921875
0 0.533203125 0.3232421875 0.0576171875 0.0712890625