0 0.5830078125 0.396484375 0.04296875 0.0556640625
0 0.728515625 0.423828125 0.037109375 0.083984375
0 0.7431640625 0.4404296875 0.03515625 0.0869140625
0 0.337890625 0.37890625 0.052734375 0.076171875
0 0.267578125 0.55859375 0.0390625 0.08203125
0 0.314453125 0.595703125 0.04296875 0.0888671875
0 0.6513671875 0.3984375 0.0625 0.078125
0 0.357421875 0.68359375 0.046875 0.0947265625
0 0.357421875 0.556640625 0.0634765625 0.078125
0 0.55859375 0.3037109375 0.0390625 0.076171875
0 0.5751953125 0.501953125 0.0625 0.083984375
0 0.5 0.30859375 0.04296875 0.0703125
0 0.4140625 0.5869140625 0.0498046875 0.0888671875
0 0.271484375 0.677734375 0.05078125 0.0869140625
0 0.6181640625 0.4931640625 0.044921875 0.0859375
0 0.525390625 0.4677734375 0.0703125 0.0859375