0 0.359375 0.4287109375 0.0556640625 0.1171875
0 0.732421875 0.3359375 0.0400390625 0.0556640625
0 0.47265625 0.515625 0.09765625 0.083984375
0 0.513671875 0.482421875 0.0546875 0.0947265625
0 0.404296875 0.4296875 0.0546875 0.1025390625
0 0.5185546875 0.40234375 0.046875 0.091796875
0 0.548828125 0.4052734375 0.0419921875 0.091796875
0 0.3212890625 0.5537109375 0.0703125 0.1259765625
0 0.396484375 0.541015625 0.0654296875 0.1123046875
0 0.4541015625 0.4462890625 0.060546875 0.1044921875
0 0.9736328125 0.4423828125 0.052734375 0.09375
0 0.373046875 0.6435546875 0.068359375 0.083984375
1 0.4609375 0.25390625 0.0625 0.0703125
0 0.7373046875 0.5849609375 0.0625 0.1044921875
0 0.71875 0.3896484375 0.052734375 0.1015625