0 0.3134765625 0.4990234375 0.0390625 0.0546875
0 0.3681640625 0.466796875 0.0478515625 0.0400390625
0 0.3701171875 0.494140625 0.052734375 0.04296875
0 0.357421875 0.525390625 0.0498046875 0.060546875
0 0.2607421875 0.5498046875 0.0498046875 0.0625
0 0.337890625 0.3193359375 0.044921875 0.0576171875
0 0.3486328125 0.5625 0.04296875 0.08984375
0 0.806640625 0.3818359375 0.029296875 0.0703125
0 0.529296875 0.451171875 0.03515625 0.0810546875
0 0.505859375 0.3720703125 0.03125 0.0654296875
0 0.298828125 0.37109375 0.037109375 0.0703125
0 0.73828125 0.5185546875 0.0419921875 0.078125
0 0.587890625 0.3212890625 0.03125 0.0576171875
0 0.107421875 0.4951171875 0.029296875 0.083984375
0 0.3876953125 0.4208984375 0.052734375 0.060546875
0 0.2578125 0.408203125 0.0498046875 0.0654296875
0 0.52734375 0.576171875 0.044921875 0.08203125
0 0.15234375 0.4853515625 0.0390625 0.0791015625