0 0.22265625 0.4765625 0.0478515625 0.08984375
0 0.43359375 0.419921875 0.0419921875 0.05859375
0 0.4658203125 0.5400390625 0.05859375 0.1044921875
0 0.404296875 0.505859375 0.052734375 0.1025390625
0 0.224609375 0.5009765625 0.0703125 0.0859375
0 0.24609375 0.3505859375 0.0419921875 0.0859375
0 0.603515625 0.45703125 0.0556640625 0.0888671875
0 0.373046875 0.427734375 0.078125 0.0869140625
0 0.4091796875 0.34765625 0.04296875 0.0703125
0 0.3544921875 0.3671875 0.068359375 0.08984375
0 0.685546875 0.52734375 0.05859375 0.09765625
0 0.6640625 0.33984375 0.037109375 0.0791015625
0 0.5185546875 0.572265625 0.068359375 0.1015625