0 0.294921875 0.416015625 0.04296875 0.05078125
0 0.6865234375 0.369140625 0.0263671875 0.0732421875
0 0.162109375 0.48046875 0.037109375 0.076171875
0 0.548828125 0.423828125 0.0263671875 0.0810546875
0 0.373046875 0.5068359375 0.037109375 0.08203125
0 0.4599609375 0.3916015625 0.029296875 0.0732421875
0 0.38671875 0.3857421875 0.03515625 0.0810546875
0 0.3076171875 0.431640625 0.046875 0.05859375
0 0.4697265625 0.3349609375 0.0263671875 0.06640625
0 0.3291015625 0.484375 0.0546875 0.068359375
0 0.439453125 0.5029296875 0.044921875 0.0556640625
0 0.58203125 0.53515625 0.0322265625 0.0888671875
0 0.6845703125 0.4541015625 0.0341796875 0.08203125
0 0.451171875 0.46484375 0.03515625 0.0576171875
0 0.416015625 0.435546875 0.037109375 0.068359375
0 0.53125 0.4892578125 0.03125 0.083984375
0 0.2587890625 0.357421875 0.03515625 0.0703125
0 0.3427734375 0.5458984375 0.06640625 0.0859375