0 0.4443359375 0.4638671875 0.0419921875 0.08984375
0 0.4794921875 0.4365234375 0.04296875 0.076171875
0 0.3193359375 0.4619140625 0.0390625 0.08203125
0 0.390625 0.4697265625 0.0498046875 0.091796875
0 0.34765625 0.482421875 0.044921875 0.09375
0 0.517578125 0.435546875 0.0400390625 0.08203125
0 0.6337890625 0.5341796875 0.0478515625 0.109375
0 0.185546875 0.3515625 0.0498046875 0.083984375
0 0.4638671875 0.3583984375 0.04296875 0.091796875
0 0.259765625 0.5068359375 0.05859375 0.091796875
0 0.6875 0.3408203125 0.0498046875 0.083984375
0 0.380859375 0.3486328125 0.0498046875 0.0654296875
0 0.56640625 0.494140625 0.060546875 0.0888671875