0 0.390625 0.3828125 0.0400390625 0.046875
0 0.3251953125 0.404296875 0.037109375 0.0478515625
0 0.279296875 0.416015625 0.0419921875 0.05859375
0 0.501953125 0.4111328125 0.0400390625 0.0625
0 0.3779296875 0.4033203125 0.04296875 0.046875
0 0.3720703125 0.4345703125 0.05859375 0.04296875
0 0.177734375 0.3896484375 0.046875 0.076171875
0 0.361328125 0.4775390625 0.0390625 0.0732421875
0 0.48046875 0.3330078125 0.0234375 0.05859375
0 0.931640625 0.4296875 0.0322265625 0.078125
0 0.138671875 0.412109375 0.0400390625 0.0625
0 0.2978515625 0.345703125 0.044921875 0.0625
0 0.619140625 0.3505859375 0.029296875 0.0634765625
0 0.322265625 0.5498046875 0.0400390625 0.083984375
0 0.265625 0.4716796875 0.05859375 0.07421875
0 0.185546875 0.54296875 0.0625 0.0888671875