0 0.3896484375 0.51171875 0.0478515625 0.091796875
0 0.435546875 0.5224609375 0.03125 0.0791015625
0 0.3173828125 0.427734375 0.0341796875 0.0703125
0 0.494140625 0.322265625 0.0263671875 0.05078125
0 0.1640625 0.478515625 0.03125 0.0810546875
0 0.5009765625 0.376953125 0.0419921875 0.05859375
0 0.26953125 0.376953125 0.03515625 0.0703125
0 0.29296875 0.484375 0.0546875 0.0556640625
0 0.4423828125 0.560546875 0.046875 0.06640625
0 0.939453125 0.384765625 0.046875 0.0546875
0 0.560546875 0.4306640625 0.037109375 0.076171875
0 0.595703125 0.32421875 0.03515625 0.0576171875
0 0.404296875 0.373046875 0.029296875 0.0625
0 0.7890625 0.4970703125 0.046875 0.078125