0 0.6962890625 0.36328125 0.0390625 0.0419921875
0 0.732421875 0.4326171875 0.0576171875 0.05859375
0 0.720703125 0.458984375 0.03515625 0.076171875
0 0.3720703125 0.4921875 0.046875 0.0712890625
0 0.794921875 0.498046875 0.029296875 0.0400390625
0 0.3701171875 0.451171875 0.046875 0.0478515625
0 0.435546875 0.638671875 0.037109375 0.0703125
0 0.662109375 0.3076171875 0.0341796875 0.04296875
0 0.392578125 0.388671875 0.0341796875 0.0576171875
0 0.380859375 0.3603515625 0.03515625 0.0546875
0 0.830078125 0.5244140625 0.0654296875 0.060546875
0 0.21875 0.673828125 0.0400390625 0.052734375
0 0.2392578125 0.333984375 0.037109375 0.0498046875
0 0.4130859375 0.6650390625 0.03515625 0.0703125
0 0.876953125 0.607421875 0.0419921875 0.0712890625
0 0.365234375 0.328125 0.04296875 0.0498046875
0 0.9326171875 0.6494140625 0.05859375 0.0576171875
0 0.4150390625 0.5673828125 0.0263671875 0.0712890625
0 0.9150390625 0.673828125 0.05078125 0.0654296875