0 0.380859375 0.42578125 0.0341796875 0.091796875
0 0.6083984375 0.3984375 0.03515625 0.052734375
0 0.388671875 0.451171875 0.0341796875 0.0947265625
0 0.669921875 0.412109375 0.029296875 0.09375
0 0.5888671875 0.4462890625 0.0498046875 0.0576171875
0 0.64453125 0.46484375 0.0546875 0.0732421875
0 0.486328125 0.376953125 0.0341796875 0.0732421875
0 0.5556640625 0.49609375 0.05078125 0.06640625
0 0.5283203125 0.322265625 0.037109375 0.06640625
0 0.794921875 0.455078125 0.0400390625 0.078125
0 0.7568359375 0.423828125 0.0419921875 0.08984375
0 0.5537109375 0.3720703125 0.044921875 0.07421875
0 0.4248046875 0.322265625 0.03125 0.068359375
0 0.4814453125 0.564453125 0.0341796875 0.1025390625
0 0.4482421875 0.517578125 0.0400390625 0.091796875
0 0.52734375 0.470703125 0.0732421875 0.052734375
0 0.4931640625 0.416015625 0.0576171875 0.0546875
0 0.517578125 0.4375 0.0654296875 0.0556640625
0 0.705078125 0.55078125 0.060546875 0.0947265625