0 0.404296875 0.2978515625 0.0185546875 0.0546875
0 0.43359375 0.369140625 0.029296875 0.052734375
0 0.5400390625 0.396484375 0.03515625 0.060546875
0 0.505859375 0.3759765625 0.04296875 0.0791015625
0 0.509765625 0.3447265625 0.0478515625 0.0576171875
0 0.513671875 0.4423828125 0.046875 0.052734375
0 0.3828125 0.3759765625 0.021484375 0.0791015625
0 0.4765625 0.3076171875 0.03125 0.0625
0 0.6201171875 0.505859375 0.04296875 0.08984375
0 0.30859375 0.5888671875 0.0322265625 0.10546875
0 0.412109375 0.43359375 0.0556640625 0.0732421875
0 0.5693359375 0.458984375 0.0634765625 0.08203125
0 0.673828125 0.419921875 0.0546875 0.0888671875
0 0.484375 0.4931640625 0.046875 0.0859375
0 0.6201171875 0.5830078125 0.05859375 0.1025390625
0 0.408203125 0.349609375 0.029296875 0.0703125
0 0.4658203125 0.4677734375 0.07421875 0.0576171875
0 0.2724609375 0.5185546875 0.0322265625 0.09375