0 0.509765625 0.353515625 0.044921875 0.0400390625
0 0.529296875 0.4091796875 0.029296875 0.05859375
0 0.4990234375 0.3984375 0.03515625 0.0556640625
1 0.94140625 0.2734375 0.029296875 0.083984375
0 0.15234375 0.3583984375 0.0263671875 0.0390625
0 0.451171875 0.427734375 0.0556640625 0.0556640625
0 0.4794921875 0.439453125 0.046875 0.0810546875
0 0.55859375 0.419921875 0.0478515625 0.068359375
0 0.400390625 0.3427734375 0.05859375 0.044921875
0 0.2978515625 0.3662109375 0.03515625 0.0732421875
0 0.4453125 0.49609375 0.037109375 0.076171875
0 0.595703125 0.43359375 0.0478515625 0.08203125
0 0.4404296875 0.279296875 0.052734375 0.068359375
0 0.4150390625 0.39453125 0.060546875 0.0546875
0 0.341796875 0.283203125 0.0341796875 0.0625
0 0.6376953125 0.4814453125 0.0556640625 0.078125
0 0.56640625 0.6025390625 0.0390625 0.091796875
0 0.666015625 0.375 0.044921875 0.078125
0 0.7138671875 0.58984375 0.068359375 0.08203125
0 0.291015625 0.447265625 0.037109375 0.07421875
0 0.5400390625 0.3369140625 0.05078125 0.0703125