1 0.6767578125 0.275390625 0.0654296875 0.0888671875
0 0.4033203125 0.4111328125 0.07421875 0.099609375
0 0.2998046875 0.3603515625 0.0498046875 0.09765625
0 0.439453125 0.6044921875 0.0576171875 0.12109375
0 0.552734375 0.4013671875 0.07421875 0.09375
0 0.400390625 0.490234375 0.07421875 0.107421875
0 0.353515625 0.361328125 0.060546875 0.0966796875
0 0.2578125 0.5947265625 0.0556640625 0.11328125
0 0.541015625 0.61328125 0.0732421875 0.1357421875
0 0.47265625 0.4130859375 0.0703125 0.107421875
0 0.669921875 0.416015625 0.0546875 0.1103515625
0 0.076171875 0.6083984375 0.0625 0.1201171875
0 0.6728515625 0.6142578125 0.0791015625 0.13671875