1 0.2177734375 0.2421875 0.0322265625 0.046875
0 0.486328125 0.5146484375 0.068359375 0.091796875
0 0.5244140625 0.474609375 0.06640625 0.0888671875
0 0.287109375 0.529296875 0.052734375 0.0947265625
0 0.5078125 0.396484375 0.0400390625 0.04296875
0 0.5576171875 0.396484375 0.04296875 0.0703125
0 0.357421875 0.4541015625 0.0478515625 0.076171875
0 0.7783203125 0.5 0.07421875 0.08984375
0 0.5908203125 0.416015625 0.0498046875 0.0732421875
0 0.541015625 0.4404296875 0.06640625 0.08984375
0 0.4697265625 0.5390625 0.05078125 0.0869140625
0 0.4140625 0.423828125 0.0498046875 0.083984375
0 0.4072265625 0.5556640625 0.076171875 0.1015625
0 0.66015625 0.482421875 0.0703125 0.0810546875
0 0.5849609375 0.486328125 0.0732421875 0.0888671875
1 0.70703125 0.25390625 0.0419921875 0.0703125