0 0.29296875 0.455078125 0.03515625 0.076171875
0 0.419921875 0.443359375 0.037109375 0.03125
0 0.52734375 0.498046875 0.0478515625 0.0498046875
0 0.38671875 0.4404296875 0.0390625 0.046875
0 0.373046875 0.4228515625 0.0390625 0.0419921875
0 0.501953125 0.4677734375 0.044921875 0.0390625
1 0.8642578125 0.3828125 0.02734375 0.05859375
0 0.466796875 0.4443359375 0.044921875 0.044921875
0 0.5 0.4150390625 0.0400390625 0.0634765625
0 0.5693359375 0.380859375 0.0234375 0.06640625
0 0.3447265625 0.412109375 0.03515625 0.052734375
0 0.4169921875 0.484375 0.0400390625 0.05859375
0 0.2802734375 0.482421875 0.03515625 0.0654296875
0 0.396484375 0.349609375 0.0263671875 0.052734375
0 0.427734375 0.3974609375 0.0419921875 0.0419921875
0 0.5341796875 0.443359375 0.02734375 0.0625
0 0.2529296875 0.298828125 0.037109375 0.0576171875
0 0.28515625 0.3544921875 0.0390625 0.0625
0 0.728515625 0.5908203125 0.044921875 0.0654296875
0 0.619140625 0.5146484375 0.044921875 0.0703125
0 0.572265625 0.603515625 0.05078125 0.0791015625