0 0.650390625 0.451171875 0.037109375 0.0625
0 0.5244140625 0.455078125 0.0546875 0.046875
0 0.498046875 0.404296875 0.0390625 0.03515625
0 0.419921875 0.447265625 0.046875 0.052734375
0 0.5703125 0.498046875 0.0712890625 0.052734375
0 0.4951171875 0.43359375 0.046875 0.0546875
0 0.4912109375 0.521484375 0.0576171875 0.07421875
0 0.6083984375 0.5419921875 0.076171875 0.0625
0 0.6484375 0.50390625 0.0400390625 0.0791015625
0 0.2529296875 0.2724609375 0.04296875 0.0703125
0 0.3818359375 0.279296875 0.03515625 0.060546875
0 0.44140625 0.4658203125 0.044921875 0.0625
0 0.2626953125 0.4521484375 0.0400390625 0.0791015625
0 0.3076171875 0.3427734375 0.046875 0.0703125
0 0.3173828125 0.482421875 0.052734375 0.0859375
0 0.423828125 0.34375 0.037109375 0.0625
0 0.609375 0.4150390625 0.037109375 0.076171875
0 0.708984375 0.677734375 0.05078125 0.08203125
0 0.6171875 0.6845703125 0.078125 0.083984375