0 0.4990234375 0.388671875 0.0419921875 0.0654296875
0 0.5107421875 0.36328125 0.0244140625 0.0791015625
0 0.263671875 0.4150390625 0.0478515625 0.0703125
0 0.544921875 0.4638671875 0.0576171875 0.05859375
0 0.529296875 0.435546875 0.05859375 0.0634765625
0 0.474609375 0.4599609375 0.05859375 0.060546875
0 0.4306640625 0.443359375 0.0546875 0.05078125
1 0.4228515625 0.251953125 0.0322265625 0.0625
0 0.44140625 0.490234375 0.0634765625 0.0859375
0 0.41796875 0.416015625 0.05078125 0.0634765625
0 0.2734375 0.4482421875 0.05859375 0.0966796875
0 0.390625 0.5224609375 0.037109375 0.091796875
0 0.5634765625 0.501953125 0.0703125 0.099609375
0 0.408203125 0.3681640625 0.0498046875 0.0859375
0 0.6611328125 0.3427734375 0.03125 0.0888671875
0 0.6240234375 0.544921875 0.0419921875 0.1103515625
0 0.708984375 0.435546875 0.0390625 0.0966796875
0 0.6923828125 0.4892578125 0.0498046875 0.083984375
0 0.853515625 0.5302734375 0.0498046875 0.0947265625
0 0.509765625 0.5498046875 0.0703125 0.1025390625
0 0.423828125 0.5654296875 0.0703125 0.109375