0 0.490234375 0.5 0.0546875 0.0556640625
0 0.431640625 0.3505859375 0.0244140625 0.0634765625
0 0.3935546875 0.4736328125 0.05859375 0.046875
0 0.392578125 0.51171875 0.05859375 0.076171875
0 0.443359375 0.408203125 0.044921875 0.0703125
0 0.2099609375 0.455078125 0.0419921875 0.0654296875
0 0.50390625 0.537109375 0.060546875 0.076171875
0 0.451171875 0.568359375 0.0556640625 0.0869140625
0 0.35546875 0.46484375 0.060546875 0.0634765625
0 0.41015625 0.6171875 0.0732421875 0.1025390625
0 0.458984375 0.4658203125 0.0546875 0.052734375
0 0.341796875 0.4375 0.0498046875 0.0625
0 0.81640625 0.591796875 0.0546875 0.109375
0 0.6171875 0.4560546875 0.0400390625 0.09375
0 0.6533203125 0.501953125 0.0400390625 0.0888671875
0 0.193359375 0.5146484375 0.0478515625 0.08203125
0 0.546875 0.3388671875 0.037109375 0.0810546875
0 0.244140625 0.357421875 0.0546875 0.08203125
0 0.6953125 0.5595703125 0.052734375 0.099609375
0 0.29296875 0.3662109375 0.0634765625 0.0791015625