0 0.935546875 0.3076171875 0.029296875 0.0712890625
0 0.77734375 0.4921875 0.0859375 0.08984375
0 0.798828125 0.4677734375 0.0556640625 0.091796875
0 0.7958984375 0.408203125 0.0546875 0.0791015625
0 0.71875 0.4150390625 0.05859375 0.0888671875
0 0.5810546875 0.443359375 0.037109375 0.0888671875
0 0.705078125 0.486328125 0.0966796875 0.0732421875
0 0.5361328125 0.4267578125 0.05859375 0.078125
0 0.138671875 0.4228515625 0.05078125 0.08203125
0 0.4892578125 0.3291015625 0.0498046875 0.076171875
0 0.294921875 0.310546875 0.0400390625 0.0703125
0 0.64453125 0.388671875 0.0478515625 0.0703125