0 0.166015625 0.4638671875 0.044921875 0.0966796875
0 0.30078125 0.423828125 0.0478515625 0.0859375
0 0.921875 0.3671875 0.052734375 0.068359375
0 0.1572265625 0.3671875 0.0576171875 0.068359375
0 0.7451171875 0.3017578125 0.0498046875 0.0625
0 0.146484375 0.29296875 0.0498046875 0.0791015625
0 0.5234375 0.646484375 0.0498046875 0.1025390625
0 0.4287109375 0.3818359375 0.0478515625 0.0888671875
0 0.1171875 0.455078125 0.05859375 0.1025390625
0 0.0859375 0.4248046875 0.052734375 0.099609375
0 0.240234375 0.416015625 0.046875 0.09375
0 0.76953125 0.501953125 0.06640625 0.0791015625
0 0.658203125 0.5263671875 0.0712890625 0.0966796875
0 0.330078125 0.302734375 0.0546875 0.0791015625
0 0.646484375 0.6318359375 0.0810546875 0.09765625