0 0.6376953125 0.32421875 0.0341796875 0.05078125
0 0.6708984375 0.388671875 0.029296875 0.05859375
0 0.7333984375 0.4560546875 0.029296875 0.0712890625
0 0.69140625 0.396484375 0.03515625 0.0576171875
0 0.833984375 0.595703125 0.037109375 0.068359375
0 0.287109375 0.298828125 0.0390625 0.0419921875
0 0.3095703125 0.36328125 0.02734375 0.0478515625
0 0.2998046875 0.3310546875 0.03125 0.046875
0 0.16796875 0.3037109375 0.0322265625 0.0390625
0 0.595703125 0.2763671875 0.03125 0.046875
0 0.2939453125 0.416015625 0.037109375 0.0478515625
0 0.75390625 0.482421875 0.0478515625 0.0576171875
0 0.3046875 0.4580078125 0.0400390625 0.05859375
0 0.333984375 0.595703125 0.0400390625 0.05859375
0 0.3427734375 0.634765625 0.0419921875 0.0712890625
0 0.849609375 0.6220703125 0.0478515625 0.068359375
0 0.162109375 0.6396484375 0.05078125 0.0732421875
0 0.802734375 0.5576171875 0.0400390625 0.068359375
0 0.322265625 0.529296875 0.044921875 0.05859375