0 0.5205078125 0.341796875 0.03125 0.05859375
0 0.5439453125 0.3916015625 0.0341796875 0.0546875
0 0.3876953125 0.373046875 0.0244140625 0.083984375
0 0.5126953125 0.373046875 0.0400390625 0.08203125
0 0.427734375 0.388671875 0.02734375 0.05078125
0 0.5205078125 0.4423828125 0.046875 0.052734375
0 0.654296875 0.5 0.04296875 0.09375
0 0.4091796875 0.349609375 0.02734375 0.0732421875
0 0.4716796875 0.466796875 0.068359375 0.0556640625
0 0.490234375 0.4921875 0.044921875 0.0869140625
0 0.580078125 0.4599609375 0.0625 0.0791015625
0 0.484375 0.306640625 0.0400390625 0.0625
0 0.251953125 0.587890625 0.046875 0.10546875
0 0.158203125 0.5068359375 0.0322265625 0.0888671875
0 0.4208984375 0.43359375 0.0576171875 0.0703125
0 0.6259765625 0.5830078125 0.060546875 0.099609375
0 0.685546875 0.41796875 0.046875 0.0888671875