1 0.3095703125 0.24609375 0.0244140625 0.05078125
0 0.33203125 0.4755859375 0.0419921875 0.05078125
0 0.3955078125 0.501953125 0.0556640625 0.0419921875
0 0.38671875 0.46484375 0.0478515625 0.0419921875
0 0.2958984375 0.4541015625 0.0419921875 0.03515625
0 0.4140625 0.560546875 0.046875 0.078125
0 0.595703125 0.37109375 0.037109375 0.0576171875
0 0.5244140625 0.431640625 0.0390625 0.076171875
0 0.294921875 0.5 0.0390625 0.068359375
0 0.2939453125 0.392578125 0.037109375 0.0546875
0 0.763671875 0.3994140625 0.0322265625 0.0703125
0 0.841796875 0.515625 0.0341796875 0.078125
0 0.2607421875 0.43359375 0.04296875 0.0576171875
0 0.40625 0.39453125 0.03125 0.06640625
0 0.220703125 0.48046875 0.029296875 0.08203125
0 0.576171875 0.482421875 0.0419921875 0.06640625
0 0.1484375 0.439453125 0.04296875 0.0654296875
0 0.3779296875 0.439453125 0.046875 0.0341796875
0 0.1728515625 0.4658203125 0.0478515625 0.0810546875
0 0.3359375 0.548828125 0.0556640625 0.076171875