0 0.59375 0.361328125 0.0341796875 0.0546875
0 0.6953125 0.46875 0.0400390625 0.078125
0 0.552734375 0.4091796875 0.0478515625 0.0654296875
0 0.759765625 0.462890625 0.05078125 0.0947265625
0 0.5595703125 0.3623046875 0.046875 0.0625
0 0.6748046875 0.5634765625 0.046875 0.1044921875
1 0.509765625 0.2607421875 0.0341796875 0.0712890625
0 0.5224609375 0.482421875 0.0478515625 0.09765625
0 0.5439453125 0.525390625 0.0556640625 0.11328125
0 0.6025390625 0.4296875 0.05078125 0.0966796875
0 0.337890625 0.4267578125 0.044921875 0.08984375
0 0.275390625 0.4619140625 0.0556640625 0.1103515625
0 0.7451171875 0.583984375 0.0498046875 0.091796875
0 0.6298828125 0.595703125 0.0625 0.1015625
0 0.3974609375 0.3955078125 0.0390625 0.0810546875
0 0.591796875 0.484375 0.0654296875 0.0966796875
0 0.7451171875 0.3388671875 0.05859375 0.07421875