0 0.5146484375 0.4013671875 0.03515625 0.07421875
0 0.451171875 0.494140625 0.05859375 0.0634765625
0 0.5771484375 0.4443359375 0.0546875 0.0576171875
0 0.474609375 0.4609375 0.060546875 0.0400390625
0 0.5576171875 0.4921875 0.0556640625 0.083984375
0 0.296875 0.5283203125 0.052734375 0.0966796875
0 0.2783203125 0.505859375 0.0556640625 0.0888671875
1 0.716796875 0.25390625 0.0400390625 0.0703125
0 0.689453125 0.5107421875 0.0654296875 0.0654296875
0 0.4130859375 0.521484375 0.0634765625 0.060546875
0 0.349609375 0.453125 0.05078125 0.0810546875
0 0.4912109375 0.55859375 0.0634765625 0.0634765625
0 0.5458984375 0.396484375 0.0478515625 0.0712890625
0 0.412109375 0.4208984375 0.0390625 0.0859375
0 0.794921875 0.501953125 0.0556640625 0.08984375
0 0.3447265625 0.564453125 0.0791015625 0.0869140625
0 0.630859375 0.4384765625 0.0625 0.0634765625