0 0.537109375 0.5185546875 0.06640625 0.0556640625
0 0.412109375 0.560546875 0.0634765625 0.07421875
0 0.4423828125 0.4716796875 0.0498046875 0.046875
0 0.537109375 0.5625 0.06640625 0.07421875
0 0.4619140625 0.439453125 0.05078125 0.04296875
0 0.4326171875 0.412109375 0.0400390625 0.0859375
0 0.697265625 0.5078125 0.044921875 0.09375
0 0.564453125 0.486328125 0.060546875 0.0654296875
0 0.716796875 0.5791015625 0.044921875 0.1015625
0 0.607421875 0.33203125 0.0400390625 0.0732421875
0 0.3603515625 0.5791015625 0.060546875 0.0732421875
0 0.732421875 0.4580078125 0.03515625 0.0966796875
0 0.1455078125 0.482421875 0.0498046875 0.0810546875
0 0.681640625 0.4111328125 0.044921875 0.0966796875
0 0.59375 0.427734375 0.0654296875 0.08203125
0 0.5322265625 0.3271484375 0.0576171875 0.0703125
0 0.505859375 0.580078125 0.06640625 0.1044921875