0 0.5107421875 0.3994140625 0.03125 0.08203125
0 0.630859375 0.43359375 0.0478515625 0.0390625
0 0.75390625 0.3935546875 0.0419921875 0.04296875
0 0.4951171875 0.4716796875 0.03125 0.1025390625
0 0.6591796875 0.4140625 0.0498046875 0.0556640625
0 0.767578125 0.478515625 0.0419921875 0.09375
0 0.666015625 0.3759765625 0.052734375 0.05078125
0 0.8984375 0.41015625 0.037109375 0.0888671875
0 0.7255859375 0.361328125 0.0419921875 0.0634765625
0 0.1689453125 0.380859375 0.0341796875 0.0888671875
0 0.923828125 0.4423828125 0.0390625 0.0810546875
0 0.630859375 0.462890625 0.060546875 0.05859375
0 0.4228515625 0.35546875 0.0322265625 0.076171875
0 0.025390625 0.4609375 0.0390625 0.09375
0 0.7080078125 0.470703125 0.05859375 0.0791015625
0 0.302734375 0.48046875 0.0390625 0.09765625