0 0.447265625 0.5126953125 0.05078125 0.05859375
0 0.3505859375 0.509765625 0.0419921875 0.0869140625
0 0.5205078125 0.369140625 0.0341796875 0.06640625
0 0.9013671875 0.4140625 0.04296875 0.0654296875
1 0.4111328125 0.302734375 0.03125 0.0712890625
0 0.44921875 0.556640625 0.044921875 0.091796875
0 0.5458984375 0.365234375 0.0419921875 0.0654296875
0 0.400390625 0.404296875 0.03515625 0.0703125
0 0.3037109375 0.5126953125 0.0419921875 0.09375
0 0.4404296875 0.396484375 0.02734375 0.076171875
0 0.4912109375 0.6015625 0.0390625 0.1025390625
0 0.1083984375 0.5419921875 0.03515625 0.0966796875
0 0.5087890625 0.443359375 0.0322265625 0.0791015625
0 0.77734375 0.51171875 0.03515625 0.0791015625
0 0.2958984375 0.388671875 0.029296875 0.0634765625