0 0.7939453125 0.416015625 0.0400390625 0.0576171875
0 0.6513671875 0.490234375 0.0498046875 0.0712890625
0 0.626953125 0.427734375 0.0478515625 0.044921875
0 0.5361328125 0.572265625 0.052734375 0.0888671875
0 0.783203125 0.4482421875 0.0478515625 0.0869140625
0 0.5556640625 0.5205078125 0.0546875 0.0625
0 0.599609375 0.4619140625 0.052734375 0.076171875
0 0.330078125 0.34765625 0.03515625 0.08203125
0 0.37109375 0.4443359375 0.0390625 0.091796875
0 0.5849609375 0.376953125 0.0478515625 0.0712890625
0 0.689453125 0.5361328125 0.0556640625 0.083984375
0 0.533203125 0.498046875 0.0859375 0.08203125
0 0.505859375 0.462890625 0.0888671875 0.076171875
0 0.642578125 0.560546875 0.0556640625 0.0869140625
0 0.509765625 0.3984375 0.0732421875 0.078125
0 0.3544921875 0.552734375 0.0498046875 0.09375
0 0.6298828125 0.349609375 0.052734375 0.07421875
0 0.47265625 0.349609375 0.0419921875 0.0712890625