0 0.642578125 0.4150390625 0.044921875 0.06640625
0 0.265625 0.3720703125 0.0341796875 0.0810546875
0 0.61328125 0.44140625 0.0478515625 0.0703125
0 0.509765625 0.3876953125 0.046875 0.0869140625
0 0.294921875 0.4384765625 0.0546875 0.091796875
0 0.4755859375 0.3447265625 0.0390625 0.0791015625
0 0.4775390625 0.5380859375 0.05078125 0.09765625
0 0.447265625 0.5439453125 0.044921875 0.0966796875
0 0.529296875 0.55078125 0.0546875 0.0947265625
0 0.634765625 0.4990234375 0.0634765625 0.0947265625
0 0.4345703125 0.400390625 0.0341796875 0.0703125
0 0.388671875 0.345703125 0.0400390625 0.0712890625
0 0.2626953125 0.580078125 0.046875 0.09765625
0 0.5595703125 0.447265625 0.0712890625 0.083984375
0 0.666015625 0.4072265625 0.068359375 0.076171875
0 0.615234375 0.576171875 0.0712890625 0.0947265625
0 0.6865234375 0.494140625 0.06640625 0.091796875
0 0.802734375 0.4443359375 0.060546875 0.09765625
0 0.755859375 0.419921875 0.0556640625 0.0859375