0 0.4267578125 0.3291015625 0.04296875 0.03515625
0 0.4189453125 0.3935546875 0.04296875 0.0625
0 0.2841796875 0.36328125 0.0400390625 0.076171875
0 0.51953125 0.3984375 0.060546875 0.0400390625
0 0.5263671875 0.373046875 0.046875 0.0634765625
0 0.455078125 0.376953125 0.03515625 0.0556640625
0 0.552734375 0.3447265625 0.0400390625 0.0576171875
1 0.9677734375 0.3642578125 0.0322265625 0.0712890625
0 0.529296875 0.4306640625 0.0654296875 0.044921875
0 0.541015625 0.30859375 0.03515625 0.0322265625
0 0.501953125 0.322265625 0.0390625 0.0390625
0 0.3984375 0.47265625 0.052734375 0.0703125
0 0.6474609375 0.28125 0.0322265625 0.052734375
0 0.513671875 0.4794921875 0.0390625 0.0654296875
0 0.3984375 0.2861328125 0.0400390625 0.0625
0 0.412109375 0.583984375 0.068359375 0.08203125
0 0.5419921875 0.5830078125 0.04296875 0.078125