0 0.5205078125 0.49609375 0.0478515625 0.0390625
0 0.51953125 0.474609375 0.048828125 0.0302734375
0 0.5244140625 0.44921875 0.044921875 0.041015625
0 0.5498046875 0.4169921875 0.0478515625 0.0390625
0 0.4970703125 0.4609375 0.0400390625 0.048828125
0 0.4462890625 0.4560546875 0.041015625 0.0390625
0 0.46875 0.4287109375 0.041015625 0.04296875
0 0.4375 0.5263671875 0.0439453125 0.0546875
1 0.9462890625 0.50390625 0.0244140625 0.0810546875
0 0.515625 0.5234375 0.048828125 0.052734375
0 0.544921875 0.4345703125 0.0478515625 0.0439453125
0 0.33984375 0.6865234375 0.0439453125 0.080078125
0 0.44140625 0.48828125 0.0458984375 0.0439453125
0 0.02734375 0.505859375 0.029296875 0.083984375
0 0.5888671875 0.3427734375 0.0439453125 0.0654296875
0 0.3427734375 0.533203125 0.03125 0.080078125
0 0.3173828125 0.46875 0.03125 0.072265625
0 0.3466796875 0.4267578125 0.0302734375 0.07421875
0 0.341796875 0.333984375 0.033203125 0.0625
0 0.216796875 0.384765625 0.0283203125 0.0673828125
0 0.515625 0.677734375 0.05859375 0.0859375
0 0.7412109375 0.466796875 0.037109375 0.0693359375