0 0.4970703125 0.44921875 0.0341796875 0.0517578125
0 0.6064453125 0.474609375 0.046875 0.0947265625
0 0.5107421875 0.5029296875 0.046875 0.103515625
0 0.5556640625 0.51953125 0.056640625 0.115234375
0 0.5830078125 0.482421875 0.041015625 0.1015625
0 0.306640625 0.4365234375 0.044921875 0.0703125
0 0.4453125 0.5 0.0537109375 0.1015625
0 0.4697265625 0.5234375 0.052734375 0.1142578125
0 0.275390625 0.4736328125 0.037109375 0.0869140625
0 0.1015625 0.685546875 0.0537109375 0.08984375
0 0.041015625 0.4931640625 0.064453125 0.095703125
0 0.87890625 0.59765625 0.056640625 0.12109375
0 0.3125 0.5791015625 0.0458984375 0.1064453125
0 0.298828125 0.634765625 0.0732421875 0.0869140625
0 0.6767578125 0.58984375 0.0634765625 0.1142578125
0 0.173828125 0.359375 0.0400390625 0.0859375
0 0.3720703125 0.599609375 0.0478515625 0.1201171875
0 0.052734375 0.365234375 0.0537109375 0.078125