0 0.263671875 0.455078125 0.0263671875 0.03515625
0 0.240234375 0.4697265625 0.0322265625 0.05078125
0 0.314453125 0.486328125 0.052734375 0.0546875
0 0.2294921875 0.4326171875 0.037109375 0.04296875
0 0.138671875 0.4443359375 0.0244140625 0.0634765625
0 0.2958984375 0.4248046875 0.029296875 0.052734375
0 0.26953125 0.376953125 0.0234375 0.044921875
0 0.224609375 0.37109375 0.03515625 0.0419921875
0 0.693359375 0.390625 0.0263671875 0.0498046875
0 0.427734375 0.5263671875 0.0244140625 0.052734375
0 0.416015625 0.474609375 0.0263671875 0.0498046875
0 0.2353515625 0.505859375 0.044921875 0.05859375
0 0.453125 0.408203125 0.021484375 0.0498046875
0 0.2353515625 0.541015625 0.044921875 0.0556640625
0 0.283203125 0.6240234375 0.0478515625 0.06640625
0 0.3583984375 0.626953125 0.0322265625 0.0634765625