0 0.4931640625 0.583984375 0.0673828125 0.0908203125
0 0.4482421875 0.4931640625 0.0830078125 0.0986328125
0 0.3984375 0.474609375 0.05859375 0.0771484375
0 0.5380859375 0.75390625 0.0625 0.0546875
0 0.5986328125 0.7578125 0.0703125 0.0458984375
0 0.533203125 0.5859375 0.05859375 0.1240234375
0 0.751953125 0.5322265625 0.05078125 0.1123046875
0 0.384765625 0.591796875 0.0576171875 0.1171875
0 0.5869140625 0.5205078125 0.052734375 0.103515625
0 0.5859375 0.6064453125 0.087890625 0.109375
0 0.4853515625 0.4560546875 0.06640625 0.08203125
0 0.4033203125 0.625 0.083984375 0.12109375
0 0.3388671875 0.591796875 0.07421875 0.1162109375
0 0.8466796875 0.46484375 0.0478515625 0.0927734375
0 0.052734375 0.404296875 0.0439453125 0.1103515625
0 0.466796875 0.6328125 0.09765625 0.125