0 0.5068359375 0.396484375 0.04296875 0.044921875
0 0.375 0.548828125 0.03125 0.0654296875
0 0.6728515625 0.4375 0.0322265625 0.046875
0 0.5927734375 0.5146484375 0.037109375 0.056640625
0 0.56640625 0.4326171875 0.0361328125 0.03515625
0 0.5703125 0.4765625 0.0419921875 0.046875
0 0.5068359375 0.4140625 0.0478515625 0.0341796875
0 0.681640625 0.4755859375 0.03125 0.0546875
0 0.5 0.501953125 0.0498046875 0.0546875
0 0.5029296875 0.443359375 0.05078125 0.041015625
0 0.5986328125 0.55078125 0.04296875 0.0595703125
1 0.9345703125 0.48828125 0.0224609375 0.0673828125
0 0.501953125 0.470703125 0.0517578125 0.041015625
0 0.58203125 0.419921875 0.03515625 0.044921875
1 0.9609375 0.3408203125 0.0283203125 0.060546875
0 0.361328125 0.359375 0.025390625 0.0458984375
0 0.5703125 0.3486328125 0.033203125 0.0576171875
0 0.4521484375 0.3994140625 0.03125 0.0625
0 0.3203125 0.5078125 0.03125 0.0556640625
0 0.28125 0.68359375 0.046875 0.0615234375
0 0.5693359375 0.677734375 0.05859375 0.0732421875