0 0.32421875 0.486328125 0.0517578125 0.0859375
0 0.373046875 0.4287109375 0.0341796875 0.0546875
0 0.466796875 0.41796875 0.04296875 0.0771484375
0 0.44140625 0.4326171875 0.056640625 0.072265625
0 0.408203125 0.419921875 0.0322265625 0.0703125
0 0.3603515625 0.513671875 0.0654296875 0.0947265625
0 0.29296875 0.3701171875 0.0390625 0.07421875
0 0.419921875 0.5146484375 0.0654296875 0.08203125
0 0.23046875 0.673828125 0.056640625 0.10546875
0 0.2724609375 0.5390625 0.0546875 0.09765625
0 0.169921875 0.6943359375 0.05859375 0.076171875
0 0.4912109375 0.4716796875 0.0703125 0.078125
0 0.703125 0.4794921875 0.0693359375 0.1005859375