1 0.005859375 0.3828125 0.0107421875 0.091796875
0 0.5478515625 0.470703125 0.0439453125 0.0546875
0 0.515625 0.41015625 0.0390625 0.07421875
0 0.59375 0.4365234375 0.0361328125 0.06640625
0 0.515625 0.484375 0.05859375 0.0849609375
0 0.458984375 0.5078125 0.046875 0.0908203125
0 0.55078125 0.3974609375 0.0361328125 0.0546875
0 0.6494140625 0.32421875 0.037109375 0.06640625
0 0.595703125 0.4794921875 0.0625 0.0693359375
0 0.5146484375 0.5166015625 0.0595703125 0.0869140625
0 0.64453125 0.533203125 0.046875 0.087890625
0 0.482421875 0.7265625 0.052734375 0.103515625
0 0.302734375 0.4296875 0.03515625 0.0830078125
0 0.87109375 0.53515625 0.037109375 0.0908203125
0 0.447265625 0.48046875 0.068359375 0.072265625
0 0.3857421875 0.44140625 0.060546875 0.0791015625
0 0.55078125 0.732421875 0.0625 0.0966796875
0 0.658203125 0.6103515625 0.068359375 0.08203125