1 0.7314453125 0.23828125 0.0322265625 0.0390625
0 0.5283203125 0.43359375 0.033203125 0.0517578125
0 0.5185546875 0.47265625 0.0400390625 0.046875
0 0.5478515625 0.41796875 0.02734375 0.0625
0 0.5615234375 0.5322265625 0.046875 0.056640625
0 0.6259765625 0.41015625 0.0419921875 0.06640625
0 0.5 0.49609375 0.044921875 0.056640625
0 0.4677734375 0.53125 0.0322265625 0.06640625
0 0.4443359375 0.548828125 0.033203125 0.08203125
0 0.375 0.47265625 0.0263671875 0.072265625
1 0.984375 0.5693359375 0.03125 0.08984375
0 0.6591796875 0.4599609375 0.0400390625 0.0595703125
0 0.4130859375 0.443359375 0.0341796875 0.0673828125
0 0.515625 0.3974609375 0.0224609375 0.06640625
0 0.703125 0.5087890625 0.0380859375 0.0546875
0 0.3427734375 0.5380859375 0.03125 0.0791015625
0 0.453125 0.376953125 0.0283203125 0.068359375
0 0.7998046875 0.5078125 0.037109375 0.0693359375