0 0.5908203125 0.39453125 0.04296875 0.05078125
0 0.513671875 0.3408203125 0.0400390625 0.083984375
0 0.541015625 0.3857421875 0.052734375 0.083984375
0 0.6064453125 0.435546875 0.0400390625 0.076171875
0 0.6796875 0.287109375 0.0400390625 0.0634765625
0 0.5224609375 0.3662109375 0.0478515625 0.076171875
0 0.5703125 0.458984375 0.046875 0.0966796875
0 0.744140625 0.4521484375 0.0419921875 0.08203125
0 0.76171875 0.6796875 0.0546875 0.09375
0 0.337890625 0.3671875 0.0478515625 0.0810546875
0 0.62109375 0.2841796875 0.03515625 0.0654296875
0 0.4287109375 0.3671875 0.0634765625 0.078125
0 0.734375 0.53515625 0.04296875 0.08203125
0 0.5810546875 0.677734375 0.046875 0.1015625
0 0.640625 0.5302734375 0.037109375 0.0859375