1 0.01171875 0.53515625 0.0234375 0.09765625
0 0.5029296875 0.376953125 0.0341796875 0.0576171875
0 0.734375 0.455078125 0.0400390625 0.078125
0 0.693359375 0.447265625 0.0400390625 0.0703125
0 0.703125 0.3916015625 0.02734375 0.060546875
0 0.6572265625 0.3662109375 0.0390625 0.0546875
0 0.498046875 0.3349609375 0.03515625 0.0546875
0 0.6630859375 0.3193359375 0.029296875 0.0576171875
0 0.478515625 0.46484375 0.0341796875 0.0732421875
0 0.6376953125 0.4033203125 0.0341796875 0.05859375
0 0.8974609375 0.3671875 0.029296875 0.07421875
0 0.736328125 0.3994140625 0.04296875 0.0634765625
0 0.548828125 0.4326171875 0.0546875 0.07421875
0 0.8203125 0.353515625 0.0341796875 0.0576171875
1 0.0595703125 0.3359375 0.0341796875 0.07421875
0 0.349609375 0.400390625 0.0322265625 0.08203125
0 0.509765625 0.443359375 0.052734375 0.0791015625
0 0.89453125 0.6455078125 0.0546875 0.0810546875
0 0.4404296875 0.447265625 0.04296875 0.07421875
0 0.7060546875 0.662109375 0.0556640625 0.091796875