0 0.4306640625 0.544921875 0.033203125 0.083984375
0 0.5537109375 0.435546875 0.044921875 0.048828125
0 0.3984375 0.5849609375 0.0634765625 0.08203125
0 0.4990234375 0.533203125 0.0546875 0.078125
0 0.6298828125 0.4609375 0.041015625 0.06640625
0 0.5302734375 0.390625 0.0400390625 0.0673828125
0 0.5869140625 0.40234375 0.0498046875 0.0703125
0 0.318359375 0.4892578125 0.044921875 0.0810546875
0 0.59765625 0.4951171875 0.05859375 0.08984375
0 0.369140625 0.4404296875 0.05859375 0.0693359375
0 0.2353515625 0.5634765625 0.0498046875 0.08984375
0 0.81640625 0.5078125 0.0546875 0.0673828125
0 0.6669921875 0.5234375 0.05078125 0.06640625
0 0.28515625 0.380859375 0.03125 0.08203125