0 0.2763671875 0.3251953125 0.0400390625 0.0625
0 0.5048828125 0.384765625 0.03125 0.052734375
1 0.46875 0.2373046875 0.021484375 0.037109375
0 0.599609375 0.3984375 0.046875 0.0556640625
0 0.505859375 0.4609375 0.0400390625 0.0712890625
0 0.541015625 0.38671875 0.04296875 0.0634765625
0 0.525390625 0.4326171875 0.0419921875 0.0556640625
0 0.5888671875 0.48046875 0.04296875 0.0732421875
0 0.5546875 0.4873046875 0.0498046875 0.0810546875
0 0.6455078125 0.4482421875 0.0712890625 0.0654296875
0 0.3154296875 0.3203125 0.03125 0.0712890625
0 0.265625 0.5361328125 0.04296875 0.0810546875
0 0.5947265625 0.5849609375 0.0419921875 0.0859375
0 0.3779296875 0.41015625 0.037109375 0.060546875
0 0.787109375 0.447265625 0.046875 0.068359375
0 0.482421875 0.509765625 0.044921875 0.0712890625