0 0.541015625 0.44921875 0.0400390625 0.0439453125
0 0.5146484375 0.48046875 0.037109375 0.0693359375
1 0.0283203125 0.4296875 0.04296875 0.06640625
0 0.48828125 0.6884765625 0.0380859375 0.0693359375
0 0.4765625 0.5126953125 0.0439453125 0.0693359375
0 0.748046875 0.537109375 0.037109375 0.078125
0 0.546875 0.525390625 0.0546875 0.08203125
0 0.4921875 0.5556640625 0.0537109375 0.0830078125
0 0.3720703125 0.455078125 0.04296875 0.0771484375
0 0.767578125 0.4873046875 0.0419921875 0.078125
0 0.3427734375 0.4765625 0.0390625 0.0908203125
0 0.625 0.4140625 0.0654296875 0.072265625
0 0.49609375 0.4306640625 0.0458984375 0.0673828125
0 0.6552734375 0.2919921875 0.03515625 0.052734375
0 0.4326171875 0.53515625 0.044921875 0.0791015625
0 0.56640625 0.380859375 0.0615234375 0.0625
0 0.5791015625 0.501953125 0.06640625 0.078125
0 0.7236328125 0.294921875 0.0322265625 0.0576171875
0 0.8896484375 0.3837890625 0.0400390625 0.0703125
0 0.6083984375 0.4794921875 0.060546875 0.080078125
0 0.419921875 0.6845703125 0.0595703125 0.0859375