0 0.3896484375 0.51171875 0.037109375 0.0517578125
0 0.4091796875 0.451171875 0.0361328125 0.0302734375
0 0.40625 0.4736328125 0.0380859375 0.0341796875
0 0.23046875 0.5 0.0380859375 0.0478515625
0 0.5869140625 0.5361328125 0.03515625 0.064453125
0 0.2587890625 0.4765625 0.033203125 0.0712890625
1 0.5810546875 0.248046875 0.0322265625 0.0576171875
0 0.3583984375 0.52734375 0.046875 0.056640625
0 0.4150390625 0.3876953125 0.0400390625 0.056640625
0 0.4814453125 0.5185546875 0.0556640625 0.05078125
0 0.4404296875 0.5693359375 0.052734375 0.0595703125
0 0.4990234375 0.4697265625 0.056640625 0.0537109375
0 0.423828125 0.50390625 0.0400390625 0.0439453125
0 0.828125 0.392578125 0.03125 0.0625
0 0.3798828125 0.4365234375 0.0390625 0.0693359375
0 0.515625 0.447265625 0.052734375 0.04296875
0 0.779296875 0.3037109375 0.029296875 0.0537109375
0 0.609375 0.4716796875 0.03515625 0.0625
0 0.751953125 0.5703125 0.03125 0.0751953125
0 0.3701171875 0.6962890625 0.0400390625 0.060546875
0 0.5234375 0.294921875 0.041015625 0.0546875
0 0.2763671875 0.69140625 0.0634765625 0.0693359375
0 0.623046875 0.39453125 0.02734375 0.0615234375