0 0.87890625 0.23828125 0.0341796875 0.0390625
0 0.2255859375 0.474609375 0.037109375 0.083984375
0 0.734375 0.5302734375 0.05078125 0.0703125
0 0.689453125 0.2451171875 0.02734375 0.052734375
0 0.478515625 0.3408203125 0.037109375 0.0849609375
0 0.3984375 0.4033203125 0.029296875 0.0712890625
0 0.8642578125 0.4013671875 0.048828125 0.06640625
1 0.0712890625 0.3583984375 0.0322265625 0.0703125
0 0.61328125 0.28515625 0.0283203125 0.0595703125
0 0.1953125 0.5 0.03515625 0.0810546875
0 0.462890625 0.44921875 0.0361328125 0.0654296875
0 0.681640625 0.57421875 0.0576171875 0.07421875
0 0.734375 0.638671875 0.0673828125 0.0830078125
0 0.3466796875 0.4609375 0.0546875 0.0810546875
0 0.5771484375 0.3681640625 0.04296875 0.0712890625
0 0.3837890625 0.328125 0.04296875 0.0771484375
0 0.2587890625 0.5693359375 0.0390625 0.0947265625