0 0.53515625 0.5087890625 0.05078125 0.033203125
0 0.5849609375 0.443359375 0.048828125 0.0341796875
0 0.5283203125 0.4208984375 0.044921875 0.05859375
0 0.546875 0.38671875 0.0322265625 0.056640625
0 0.505859375 0.4462890625 0.046875 0.046875
0 0.427734375 0.55078125 0.044921875 0.072265625
0 0.53515625 0.490234375 0.048828125 0.0341796875
0 0.4912109375 0.4765625 0.04296875 0.0537109375
0 0.4697265625 0.50390625 0.052734375 0.0625
0 0.6103515625 0.4013671875 0.0478515625 0.0732421875
0 0.6494140625 0.4619140625 0.046875 0.06640625
0 0.39453125 0.5654296875 0.05078125 0.09375
0 0.53515625 0.546875 0.0517578125 0.0625
0 0.3369140625 0.484375 0.0419921875 0.07421875
0 0.3720703125 0.44921875 0.0400390625 0.064453125
0 0.701171875 0.517578125 0.041015625 0.0615234375
0 0.3125 0.3779296875 0.0390625 0.07421875
0 0.271484375 0.5556640625 0.0478515625 0.0830078125
0 0.8115234375 0.515625 0.0419921875 0.080078125