0 0.619140625 0.431640625 0.04296875 0.0322265625
0 0.576171875 0.3544921875 0.0322265625 0.037109375
0 0.6435546875 0.55859375 0.0556640625 0.0751953125
0 0.6318359375 0.474609375 0.05078125 0.0654296875
0 0.5029296875 0.5498046875 0.03515625 0.0625
0 0.5029296875 0.451171875 0.03125 0.056640625
0 0.654296875 0.2880859375 0.03515625 0.052734375
0 0.34375 0.34765625 0.02734375 0.052734375
0 0.66796875 0.35546875 0.04296875 0.05859375
0 0.5947265625 0.2890625 0.0302734375 0.05078125
0 0.5478515625 0.5087890625 0.0546875 0.0390625
0 0.08203125 0.5341796875 0.0361328125 0.0693359375
0 0.56640625 0.412109375 0.0537109375 0.044921875
0 0.509765625 0.685546875 0.0439453125 0.07421875
0 0.5537109375 0.4599609375 0.052734375 0.04296875
0 0.6201171875 0.681640625 0.0546875 0.08203125
0 0.7568359375 0.427734375 0.0341796875 0.0703125