0 0.248046875 0.701171875 0.046875 0.03125
0 0.3984375 0.5029296875 0.0625 0.0498046875
0 0.833984375 0.703125 0.0419921875 0.03125
0 0.3916015625 0.5400390625 0.0546875 0.0791015625
0 0.4150390625 0.4052734375 0.0478515625 0.05078125
0 0.5146484375 0.51171875 0.0888671875 0.0634765625
0 0.443359375 0.46875 0.0576171875 0.0810546875
0 0.388671875 0.447265625 0.0546875 0.0625
0 0.34765625 0.564453125 0.0703125 0.08203125
0 0.705078125 0.4267578125 0.044921875 0.068359375
0 0.5166015625 0.56640625 0.0947265625 0.0732421875
0 0.529296875 0.4091796875 0.08203125 0.052734375
0 0.0693359375 0.4541015625 0.0576171875 0.09765625
0 0.5341796875 0.4599609375 0.083984375 0.06640625
0 0.71484375 0.4912109375 0.05078125 0.076171875
0 0.666015625 0.5341796875 0.052734375 0.1123046875
0 0.7802734375 0.287109375 0.0390625 0.0791015625
0 0.478515625 0.28515625 0.0498046875 0.0791015625