0 0.58203125 0.52734375 0.0419921875 0.06640625
0 0.435546875 0.345703125 0.0244140625 0.0703125
0 0.4892578125 0.4365234375 0.04296875 0.0546875
0 0.4541015625 0.529296875 0.0546875 0.0419921875
0 0.49609375 0.4794921875 0.0478515625 0.04296875
0 0.650390625 0.474609375 0.037109375 0.08203125
0 0.693359375 0.552734375 0.03515625 0.09765625
0 0.53125 0.5078125 0.0625 0.0625
0 0.5693359375 0.572265625 0.0478515625 0.1015625
0 0.43359375 0.57421875 0.05078125 0.0634765625
0 0.6962890625 0.4921875 0.0322265625 0.0625
0 0.9033203125 0.4267578125 0.0341796875 0.0810546875
0 0.4169921875 0.494140625 0.0498046875 0.0810546875
0 0.3974609375 0.462890625 0.0478515625 0.0634765625
0 0.6455078125 0.333984375 0.03125 0.0654296875
0 0.177734375 0.5068359375 0.046875 0.0791015625
0 0.2685546875 0.333984375 0.0498046875 0.06640625
0 0.3193359375 0.349609375 0.05078125 0.068359375