0 0.9208984375 0.4580078125 0.0478515625 0.083984375
0 0.8701171875 0.458984375 0.0556640625 0.083984375
0 0.3671875 0.4580078125 0.04296875 0.099609375
0 0.4072265625 0.435546875 0.044921875 0.0966796875
0 0.9560546875 0.439453125 0.05859375 0.1103515625
1 0.4140625 0.248046875 0.037109375 0.0576171875
0 0.470703125 0.451171875 0.060546875 0.083984375
0 0.8349609375 0.427734375 0.0478515625 0.0810546875
0 0.5107421875 0.4619140625 0.07421875 0.1103515625
0 0.1982421875 0.51171875 0.04296875 0.1201171875
0 0.3837890625 0.5400390625 0.0478515625 0.1259765625
0 0.5654296875 0.419921875 0.05859375 0.0634765625
0 0.0283203125 0.376953125 0.052734375 0.08203125
0 0.03125 0.544921875 0.0625 0.107421875
0 0.23828125 0.5673828125 0.0546875 0.12109375