0 0.630859375 0.3779296875 0.0419921875 0.0712890625
0 0.564453125 0.349609375 0.046875 0.0634765625
0 0.5458984375 0.373046875 0.03515625 0.0556640625
0 0.662109375 0.4248046875 0.046875 0.0712890625
0 0.615234375 0.4560546875 0.052734375 0.0810546875
0 0.888671875 0.427734375 0.044921875 0.0703125
0 0.548828125 0.458984375 0.0498046875 0.0732421875
0 0.546875 0.416015625 0.0556640625 0.0712890625
0 0.583984375 0.5009765625 0.07421875 0.0732421875
0 0.685546875 0.46875 0.044921875 0.09375
0 0.0634765625 0.490234375 0.0478515625 0.0869140625
0 0.4033203125 0.4033203125 0.052734375 0.068359375
0 0.34765625 0.5419921875 0.0546875 0.0869140625
0 0.3564453125 0.427734375 0.0341796875 0.08203125
0 0.39453125 0.4775390625 0.03515625 0.08203125
0 0.259765625 0.37109375 0.0498046875 0.076171875
0 0.359375 0.33203125 0.04296875 0.06640625