0 0.5146484375 0.451171875 0.0390625 0.0703125
0 0.462890625 0.423828125 0.03515625 0.0556640625
0 0.3251953125 0.5185546875 0.0498046875 0.0654296875
0 0.3427734375 0.4609375 0.0419921875 0.0654296875
0 0.8212890625 0.2802734375 0.0419921875 0.0732421875
0 0.4736328125 0.537109375 0.0625 0.0947265625
0 0.607421875 0.4921875 0.05078125 0.09375
0 0.396484375 0.435546875 0.0634765625 0.0869140625
0 0.7958984375 0.275390625 0.0419921875 0.07421875
0 0.431640625 0.48046875 0.0654296875 0.11328125
0 0.5537109375 0.330078125 0.044921875 0.0888671875
0 0.3759765625 0.5146484375 0.076171875 0.091796875
0 0.51171875 0.5185546875 0.0634765625 0.0966796875
0 0.21875 0.451171875 0.0556640625 0.10546875
0 0.6767578125 0.3564453125 0.0400390625 0.0869140625
0 0.845703125 0.6142578125 0.07421875 0.0966796875