0 0.9287109375 0.583984375 0.0791015625 0.11328125
0 0.072265625 0.447265625 0.05078125 0.1044921875
0 0.443359375 0.4228515625 0.0498046875 0.0888671875
0 0.8798828125 0.5859375 0.068359375 0.0869140625
0 0.474609375 0.4638671875 0.0576171875 0.08984375
0 0.962890625 0.515625 0.0576171875 0.125
0 0.365234375 0.4921875 0.08203125 0.140625
0 0.408203125 0.4228515625 0.0498046875 0.0947265625
0 0.4208984375 0.5439453125 0.0859375 0.1337890625
0 0.95703125 0.4052734375 0.0703125 0.0859375
0 0.607421875 0.404296875 0.05859375 0.12109375
0 0.318359375 0.482421875 0.078125 0.11328125
0 0.5576171875 0.404296875 0.068359375 0.1259765625
0 0.84375 0.4248046875 0.068359375 0.1123046875