0 0.40234375 0.466796875 0.0322265625 0.0625
0 0.427734375 0.4833984375 0.03515625 0.060546875
0 0.1298828125 0.337890625 0.046875 0.068359375
0 0.3876953125 0.52734375 0.0654296875 0.1171875
0 0.435546875 0.5546875 0.052734375 0.1025390625
0 0.6787109375 0.5234375 0.044921875 0.099609375
0 0.65625 0.4541015625 0.04296875 0.0703125
0 0.0966796875 0.5390625 0.05859375 0.1025390625
0 0.1494140625 0.537109375 0.0546875 0.1103515625
1 0.41796875 0.2763671875 0.0390625 0.0869140625
0 0.3388671875 0.548828125 0.0556640625 0.1025390625
0 0.037109375 0.419921875 0.05078125 0.0966796875
0 0.541015625 0.4697265625 0.0576171875 0.0576171875
0 0.17578125 0.4384765625 0.06640625 0.0859375
0 0.490234375 0.5009765625 0.0703125 0.1044921875
0 0.7919921875 0.4833984375 0.0712890625 0.1015625
0 0.6171875 0.513671875 0.0712890625 0.10546875
0 0.275390625 0.5166015625 0.0390625 0.0947265625