0 0.4736328125 0.431640625 0.052734375 0.1015625
0 0.4423828125 0.419921875 0.0625 0.08984375
0 0.5908203125 0.5107421875 0.05859375 0.099609375
0 0.552734375 0.486328125 0.0576171875 0.091796875
0 0.6298828125 0.482421875 0.0810546875 0.0947265625
0 0.2529296875 0.439453125 0.0498046875 0.1171875
0 0.458984375 0.5517578125 0.07421875 0.099609375
0 0.794921875 0.326171875 0.05078125 0.08203125
0 0.361328125 0.4619140625 0.0654296875 0.1015625
0 0.43359375 0.318359375 0.044921875 0.099609375
0 0.7626953125 0.568359375 0.0625 0.12890625
0 0.90234375 0.322265625 0.0634765625 0.0869140625
0 0.4814453125 0.521484375 0.07421875 0.10546875
0 0.6953125 0.490234375 0.0712890625 0.115234375