0 0.515625 0.513671875 0.0654296875 0.0400390625
0 0.4990234375 0.58203125 0.060546875 0.076171875
0 0.423828125 0.4560546875 0.0546875 0.0498046875
0 0.369140625 0.615234375 0.060546875 0.0888671875
0 0.47265625 0.544921875 0.0634765625 0.04296875
0 0.3251953125 0.6513671875 0.05859375 0.09375
0 0.3583984375 0.58203125 0.060546875 0.044921875
0 0.3798828125 0.556640625 0.068359375 0.0654296875
0 0.53125 0.5537109375 0.0556640625 0.0888671875
0 0.1416015625 0.5166015625 0.05078125 0.0947265625
0 0.46875 0.6328125 0.0712890625 0.083984375
0 0.408203125 0.51171875 0.0654296875 0.0732421875
0 0.734375 0.5654296875 0.05859375 0.0810546875
0 0.158203125 0.5654296875 0.0625 0.0966796875
0 0.6259765625 0.3466796875 0.05078125 0.0966796875
0 0.107421875 0.4765625 0.0498046875 0.08984375
0 0.85546875 0.55859375 0.0634765625 0.09765625
0 0.3203125 0.3408203125 0.0498046875 0.0810546875