0 0.509765625 0.4951171875 0.04296875 0.052734375
0 0.3974609375 0.5283203125 0.0546875 0.0341796875
0 0.388671875 0.470703125 0.05078125 0.046875
0 0.4052734375 0.4453125 0.0419921875 0.0341796875
0 0.462890625 0.509765625 0.0498046875 0.0546875
0 0.517578125 0.384765625 0.0322265625 0.0712890625
0 0.396484375 0.560546875 0.0556640625 0.0703125
0 0.490234375 0.455078125 0.05078125 0.037109375
1 0.4638671875 0.2734375 0.037109375 0.052734375
0 0.4970703125 0.544921875 0.052734375 0.0556640625
0 0.2041015625 0.4697265625 0.0419921875 0.0546875
0 0.392578125 0.5029296875 0.0498046875 0.046875
0 0.0693359375 0.4287109375 0.0322265625 0.0732421875
0 0.5302734375 0.4453125 0.044921875 0.05859375
0 0.251953125 0.3671875 0.0322265625 0.0712890625
0 0.3759765625 0.6279296875 0.0478515625 0.07421875
0 0.21484375 0.5166015625 0.044921875 0.0732421875
0 0.7783203125 0.5009765625 0.046875 0.0732421875
0 0.5126953125 0.615234375 0.068359375 0.091796875