0 0.3720703125 0.4150390625 0.046875 0.0390625
0 0.369140625 0.376953125 0.037109375 0.046875
0 0.470703125 0.4248046875 0.0556640625 0.04296875
0 0.4736328125 0.3984375 0.052734375 0.046875
0 0.41015625 0.404296875 0.0478515625 0.0546875
0 0.373046875 0.4521484375 0.052734375 0.0576171875
0 0.3134765625 0.4853515625 0.03515625 0.0947265625
0 0.462890625 0.4599609375 0.052734375 0.0791015625
0 0.4267578125 0.310546875 0.046875 0.068359375
0 0.802734375 0.474609375 0.037109375 0.083984375
0 0.4873046875 0.3505859375 0.052734375 0.0634765625
0 0.119140625 0.39453125 0.0390625 0.076171875
0 0.5166015625 0.3095703125 0.03515625 0.068359375
0 0.6513671875 0.4404296875 0.0400390625 0.0810546875
0 0.6416015625 0.369140625 0.03515625 0.076171875
0 0.71484375 0.619140625 0.044921875 0.1015625
0 0.603515625 0.470703125 0.0419921875 0.08984375
0 0.2841796875 0.615234375 0.0712890625 0.0966796875