0 0.486328125 0.529296875 0.052734375 0.078125
0 0.4794921875 0.4814453125 0.0400390625 0.052734375
0 0.5419921875 0.513671875 0.04296875 0.0869140625
0 0.455078125 0.4345703125 0.0419921875 0.0498046875
0 0.4091796875 0.455078125 0.046875 0.08203125
0 0.505859375 0.548828125 0.0556640625 0.083984375
0 0.4326171875 0.361328125 0.037109375 0.0546875
0 0.67578125 0.513671875 0.044921875 0.083984375
0 0.267578125 0.333984375 0.029296875 0.07421875
0 0.6123046875 0.3330078125 0.0341796875 0.0654296875
0 0.380859375 0.498046875 0.0498046875 0.0869140625
0 0.19921875 0.513671875 0.0478515625 0.083984375
0 0.361328125 0.35546875 0.046875 0.0703125
0 0.443359375 0.548828125 0.0625 0.0810546875
0 0.443359375 0.482421875 0.060546875 0.0712890625
0 0.619140625 0.466796875 0.04296875 0.0810546875
0 0.5791015625 0.568359375 0.060546875 0.0947265625
0 0.74609375 0.533203125 0.0419921875 0.078125
0 0.943359375 0.439453125 0.0400390625 0.0791015625