0 0.51953125 0.52734375 0.044921875 0.0859375
0 0.4501953125 0.466796875 0.0400390625 0.0654296875
0 0.4560546875 0.505859375 0.0400390625 0.0712890625
0 0.453125 0.572265625 0.037109375 0.083984375
0 0.5859375 0.51171875 0.0400390625 0.076171875
0 0.556640625 0.4736328125 0.0390625 0.068359375
0 0.560546875 0.5517578125 0.0556640625 0.0712890625
0 0.423828125 0.533203125 0.029296875 0.07421875
1 0.4443359375 0.3115234375 0.0390625 0.0732421875
0 0.515625 0.583984375 0.0625 0.0859375
0 0.6455078125 0.51953125 0.0498046875 0.0732421875
0 0.4111328125 0.4697265625 0.04296875 0.06640625