0 0.701171875 0.2744140625 0.0546875 0.1044921875
0 0.51171875 0.462890625 0.060546875 0.0888671875
0 0.4091796875 0.3818359375 0.04296875 0.0947265625
0 0.837890625 0.2626953125 0.046875 0.0869140625
0 0.560546875 0.5234375 0.0712890625 0.099609375
0 0.5234375 0.6123046875 0.0654296875 0.099609375
0 0.962890625 0.736328125 0.0732421875 0.0869140625
0 0.3515625 0.626953125 0.046875 0.1103515625
0 0.7890625 0.5244140625 0.0625 0.0859375
0 0.373046875 0.421875 0.0888671875 0.1337890625
0 0.427734375 0.5634765625 0.0869140625 0.1171875
0 0.77734375 0.3818359375 0.0732421875 0.1171875
0 0.2080078125 0.498046875 0.0625 0.1181640625
0 0.619140625 0.544921875 0.076171875 0.1416015625