0 0.494140625 0.4267578125 0.107421875 0.125
0 0.96484375 0.330078125 0.06640625 0.22265625
0 0.560546875 0.5234375 0.107421875 0.099609375
0 0.6728515625 0.4833984375 0.17578125 0.1669921875
0 0.951171875 0.494140625 0.0966796875 0.2666015625
0 0.744140625 0.3095703125 0.1201171875 0.1748046875
0 0.552734375 0.3154296875 0.130859375 0.1904296875
0 0.0703125 0.314453125 0.1181640625 0.1806640625
0 0.80859375 0.326171875 0.0888671875 0.20703125
0 0.20703125 0.533203125 0.1259765625 0.255859375
0 0.3173828125 0.4150390625 0.1123046875 0.2197265625
0 0.376953125 0.541015625 0.1171875 0.2666015625
0 0.787109375 0.4833984375 0.140625 0.26953125