0 0.986328125 0.33984375 0.02734375 0.0703125
0 0.47265625 0.369140625 0.03515625 0.046875
0 0.603515625 0.298828125 0.052734375 0.0888671875
1 0.01171875 0.275390625 0.0234375 0.0859375
0 0.55078125 0.408203125 0.0634765625 0.07421875
0 0.623046875 0.474609375 0.044921875 0.078125
0 0.4794921875 0.4306640625 0.0400390625 0.0859375
0 0.5966796875 0.4208984375 0.052734375 0.0888671875
0 0.662109375 0.3984375 0.04296875 0.068359375
0 0.537109375 0.3291015625 0.0400390625 0.076171875
0 0.49609375 0.3427734375 0.0478515625 0.0859375
0 0.30078125 0.3583984375 0.0576171875 0.0947265625
0 0.341796875 0.384765625 0.0546875 0.08203125
0 0.6689453125 0.4736328125 0.0556640625 0.09375
0 0.6103515625 0.3818359375 0.0576171875 0.0888671875
0 0.6611328125 0.6181640625 0.046875 0.1015625
0 0.703125 0.6435546875 0.0625 0.099609375