0 0.5546875 0.482421875 0.0400390625 0.0634765625
0 0.49609375 0.5478515625 0.0419921875 0.060546875
0 0.4921875 0.4990234375 0.052734375 0.05078125
0 0.607421875 0.4404296875 0.052734375 0.0556640625
0 0.6982421875 0.470703125 0.037109375 0.078125
0 0.5078125 0.4296875 0.0625 0.046875
0 0.591796875 0.5185546875 0.05859375 0.0625
0 0.576171875 0.3955078125 0.0400390625 0.0556640625
0 0.4990234375 0.45703125 0.0634765625 0.0478515625
0 0.4609375 0.5546875 0.052734375 0.068359375
0 0.583984375 0.451171875 0.046875 0.0625
0 0.2236328125 0.3935546875 0.03125 0.078125
0 0.708984375 0.505859375 0.037109375 0.07421875
0 0.638671875 0.2900390625 0.05078125 0.0576171875
0 0.498046875 0.3505859375 0.0322265625 0.06640625
0 0.423828125 0.6396484375 0.0478515625 0.0732421875
0 0.6240234375 0.3515625 0.05078125 0.068359375
0 0.5283203125 0.291015625 0.03125 0.0576171875
0 0.5400390625 0.6337890625 0.0576171875 0.076171875
0 0.458984375 0.4208984375 0.0322265625 0.08203125