0 0.3896484375 0.3583984375 0.0791015625 0.091796875
0 0.1318359375 0.3623046875 0.0546875 0.1181640625
0 0.4111328125 0.3017578125 0.0556640625 0.0498046875
0 0.5009765625 0.365234375 0.0576171875 0.0859375
0 0.41015625 0.404296875 0.09765625 0.0966796875
0 0.521484375 0.306640625 0.06640625 0.0478515625
0 0.5810546875 0.416015625 0.083984375 0.0966796875
1 0.1318359375 0.36328125 0.0576171875 0.1201171875
0 0.697265625 0.7275390625 0.078125 0.107421875
0 0.353515625 0.265625 0.0576171875 0.08984375
0 0.5517578125 0.26171875 0.078125 0.08203125
0 0.44140625 0.4443359375 0.091796875 0.091796875
0 0.724609375 0.392578125 0.05859375 0.099609375
0 0.779296875 0.34765625 0.0576171875 0.1259765625
0 0.677734375 0.5625 0.0859375 0.13671875
0 0.4853515625 0.572265625 0.0703125 0.1279296875