0 0.9912109375 0.4853515625 0.0166015625 0.1103515625
0 0.541015625 0.3466796875 0.0498046875 0.046875
0 0.61328125 0.421875 0.0703125 0.052734375
0 0.5029296875 0.373046875 0.04296875 0.046875
0 0.5517578125 0.3955078125 0.052734375 0.0556640625
0 0.501953125 0.443359375 0.0576171875 0.05859375
0 0.548828125 0.296875 0.044921875 0.078125
0 0.7119140625 0.41796875 0.03515625 0.091796875
0 0.619140625 0.38671875 0.0576171875 0.0546875
0 0.583984375 0.634765625 0.044921875 0.1103515625
0 0.984375 0.330078125 0.03125 0.083984375
0 0.6015625 0.4677734375 0.068359375 0.0732421875
0 0.232421875 0.3818359375 0.046875 0.08203125
0 0.853515625 0.2705078125 0.0390625 0.078125
0 0.6328125 0.345703125 0.068359375 0.0546875
0 0.435546875 0.458984375 0.0546875 0.078125
0 0.4345703125 0.6259765625 0.0810546875 0.09765625
0 0.66796875 0.283203125 0.044921875 0.078125
0 0.73828125 0.3583984375 0.0390625 0.08203125
0 0.45703125 0.3154296875 0.0634765625 0.078125