0 0.5107421875 0.423828125 0.0400390625 0.0400390625
0 0.5361328125 0.4443359375 0.04296875 0.0419921875
1 0.9599609375 0.3359375 0.029296875 0.078125
0 0.111328125 0.4248046875 0.0263671875 0.0712890625
0 0.572265625 0.509765625 0.04296875 0.0634765625
0 0.365234375 0.4345703125 0.0322265625 0.0654296875
0 0.462890625 0.49609375 0.06640625 0.0478515625
0 0.3662109375 0.48046875 0.0390625 0.0732421875
0 0.5185546875 0.4755859375 0.04296875 0.05078125
0 0.7109375 0.447265625 0.02734375 0.0810546875
0 0.189453125 0.30078125 0.03125 0.0546875
0 0.494140625 0.529296875 0.0498046875 0.0732421875
0 0.7958984375 0.431640625 0.0322265625 0.0712890625
0 0.646484375 0.6494140625 0.0654296875 0.08203125
0 0.447265625 0.4521484375 0.05859375 0.0478515625
0 0.4228515625 0.4326171875 0.05078125 0.046875
0 0.306640625 0.400390625 0.0341796875 0.0634765625
0 0.4580078125 0.2861328125 0.046875 0.046875
0 0.748046875 0.48828125 0.0341796875 0.06640625
0 0.2412109375 0.541015625 0.05078125 0.078125
0 0.515625 0.6591796875 0.0400390625 0.0712890625