0 0.580078125 0.4296875 0.0400390625 0.07421875
0 0.623046875 0.4287109375 0.0546875 0.06640625
0 0.5703125 0.45703125 0.052734375 0.076171875
0 0.564453125 0.4990234375 0.0556640625 0.08203125
0 0.509765625 0.5078125 0.0556640625 0.0966796875
0 0.3984375 0.568359375 0.0498046875 0.09765625
0 0.626953125 0.486328125 0.044921875 0.078125
0 0.8291015625 0.51171875 0.05078125 0.09765625
0 0.095703125 0.4677734375 0.046875 0.08203125
0 0.4111328125 0.4775390625 0.052734375 0.0859375
0 0.357421875 0.259765625 0.04296875 0.06640625
0 0.462890625 0.4814453125 0.0634765625 0.099609375
0 0.4248046875 0.259765625 0.0498046875 0.0712890625