0 0.4072265625 0.3994140625 0.03515625 0.044921875
0 0.462890625 0.345703125 0.0498046875 0.0576171875
1 0.4619140625 0.25 0.029296875 0.0625
0 0.458984375 0.380859375 0.044921875 0.05859375
0 0.494140625 0.408203125 0.044921875 0.0400390625
0 0.2568359375 0.4169921875 0.0419921875 0.0810546875
0 0.412109375 0.298828125 0.044921875 0.0556640625
0 0.447265625 0.474609375 0.060546875 0.078125
0 0.701171875 0.478515625 0.03515625 0.0712890625
0 0.9150390625 0.6650390625 0.060546875 0.0859375
0 0.57421875 0.291015625 0.0390625 0.05859375
0 0.494140625 0.447265625 0.0419921875 0.0703125
0 0.7587890625 0.3408203125 0.0322265625 0.05859375
0 0.3662109375 0.5107421875 0.0703125 0.068359375
0 0.376953125 0.4560546875 0.052734375 0.07421875
0 0.3984375 0.6669921875 0.078125 0.08984375
0 0.666015625 0.408203125 0.0390625 0.0703125
0 0.384765625 0.3896484375 0.044921875 0.0576171875
0 0.7099609375 0.556640625 0.0419921875 0.08203125
0 0.48046875 0.5546875 0.076171875 0.078125