0 0.44140625 0.423828125 0.0546875 0.08203125
0 0.2841796875 0.3623046875 0.037109375 0.052734375
0 0.53125 0.40625 0.0400390625 0.083984375
0 0.509765625 0.4248046875 0.0419921875 0.0712890625
1 0.9775390625 0.28515625 0.0390625 0.0576171875
0 0.44921875 0.451171875 0.06640625 0.0791015625
0 0.568359375 0.3935546875 0.0341796875 0.07421875
0 0.43359375 0.2890625 0.0390625 0.0556640625
0 0.58203125 0.5205078125 0.0546875 0.07421875
0 0.375 0.537109375 0.037109375 0.0859375
0 0.294921875 0.40625 0.0390625 0.068359375
0 0.4892578125 0.3544921875 0.0400390625 0.05859375
0 0.572265625 0.646484375 0.0810546875 0.0810546875
0 0.400390625 0.34765625 0.0400390625 0.0703125
0 0.294921875 0.646484375 0.04296875 0.08984375
0 0.3095703125 0.283203125 0.0498046875 0.060546875
0 0.77734375 0.396484375 0.0419921875 0.0810546875
0 0.6787109375 0.431640625 0.0478515625 0.078125
0 0.32421875 0.4404296875 0.0419921875 0.0810546875