0 0.3447265625 0.48828125 0.0419921875 0.0576171875
0 0.3349609375 0.4443359375 0.044921875 0.0634765625
0 0.5576171875 0.2861328125 0.0341796875 0.0625
0 0.423828125 0.4736328125 0.05078125 0.0498046875
0 0.3193359375 0.5166015625 0.0419921875 0.0732421875
0 0.3974609375 0.3837890625 0.03515625 0.0634765625
0 0.109375 0.4619140625 0.0341796875 0.0703125
0 0.4326171875 0.439453125 0.0498046875 0.0576171875
0 0.533203125 0.4189453125 0.03125 0.05859375
0 0.427734375 0.662109375 0.0400390625 0.0576171875
0 0.2734375 0.4169921875 0.037109375 0.0625
0 0.466796875 0.5400390625 0.060546875 0.0576171875
0 0.7431640625 0.373046875 0.0234375 0.0712890625
0 0.525390625 0.4677734375 0.0390625 0.0732421875
0 0.4658203125 0.380859375 0.0244140625 0.0634765625
0 0.318359375 0.416015625 0.0546875 0.0576171875
0 0.271484375 0.271484375 0.0419921875 0.05859375
0 0.70703125 0.513671875 0.0322265625 0.0869140625
0 0.560546875 0.66015625 0.044921875 0.0634765625