0 0.466796875 0.4462890625 0.044921875 0.091796875
0 0.4638671875 0.328125 0.04296875 0.04296875
0 0.52734375 0.2998046875 0.0478515625 0.0966796875
0 0.501953125 0.4306640625 0.0654296875 0.091796875
0 0.505859375 0.37890625 0.0478515625 0.0732421875
0 0.541015625 0.419921875 0.044921875 0.099609375
0 0.58984375 0.408203125 0.05078125 0.0859375
0 0.7353515625 0.650390625 0.0703125 0.0947265625
0 0.560546875 0.287109375 0.0419921875 0.0732421875
0 0.357421875 0.4208984375 0.0576171875 0.0732421875
0 0.41015625 0.423828125 0.0419921875 0.078125
0 0.3955078125 0.357421875 0.0654296875 0.091796875
0 0.333984375 0.453125 0.07421875 0.0966796875
0 0.041015625 0.3251953125 0.0546875 0.1025390625
0 0.5615234375 0.4970703125 0.060546875 0.099609375
0 0.6142578125 0.5009765625 0.0654296875 0.1103515625
0 0.787109375 0.357421875 0.0654296875 0.07421875