0 0.404296875 0.3984375 0.044921875 0.046875
0 0.41015625 0.4189453125 0.044921875 0.05859375
0 0.5107421875 0.4521484375 0.0556640625 0.0419921875
0 0.4453125 0.4326171875 0.037109375 0.052734375
0 0.5380859375 0.287109375 0.01953125 0.0703125
1 0.458984375 0.25 0.029296875 0.0625
0 0.501953125 0.419921875 0.0478515625 0.03515625
0 0.4130859375 0.4560546875 0.0478515625 0.068359375
0 0.4970703125 0.3896484375 0.0556640625 0.044921875
0 0.7509765625 0.337890625 0.0322265625 0.0625
0 0.42578125 0.5498046875 0.060546875 0.0869140625
0 0.5166015625 0.4873046875 0.0703125 0.0556640625
0 0.6484375 0.412109375 0.0341796875 0.0625
0 0.6826171875 0.560546875 0.0400390625 0.0810546875
0 0.6923828125 0.48046875 0.0400390625 0.0703125
0 0.271484375 0.4189453125 0.046875 0.0810546875
0 0.8994140625 0.658203125 0.05078125 0.09375
0 0.376953125 0.6611328125 0.06640625 0.099609375
0 0.384765625 0.29296875 0.0400390625 0.060546875
0 0.3515625 0.505859375 0.052734375 0.076171875
0 0.4248046875 0.341796875 0.052734375 0.0634765625