0 0.4921875 0.2509765625 0.0400390625 0.0634765625
0 0.6689453125 0.2900390625 0.0966796875 0.0546875
0 0.5263671875 0.263671875 0.0498046875 0.083984375
0 0.4482421875 0.2529296875 0.052734375 0.068359375
0 0.8037109375 0.259765625 0.0419921875 0.08203125
0 0.9150390625 0.255859375 0.044921875 0.0732421875
0 0.55078125 0.3603515625 0.0576171875 0.0888671875
0 0.6689453125 0.3466796875 0.052734375 0.0966796875
0 0.8408203125 0.259765625 0.05859375 0.0810546875
0 0.962890625 0.5537109375 0.0703125 0.1201171875
0 0.572265625 0.271484375 0.0732421875 0.099609375
0 0.43359375 0.4521484375 0.08203125 0.11328125
0 0.201171875 0.416015625 0.0498046875 0.11328125
0 0.572265625 0.5712890625 0.0625 0.107421875