0 0.4521484375 0.451171875 0.0546875 0.05078125
1 0.109375 0.6982421875 0.0341796875 0.078125
0 0.44921875 0.505859375 0.0419921875 0.037109375
0 0.4736328125 0.4033203125 0.02734375 0.04296875
0 0.2265625 0.490234375 0.037109375 0.05859375
0 0.4677734375 0.466796875 0.0419921875 0.0419921875
0 0.62890625 0.490234375 0.03515625 0.0390625
0 0.419921875 0.5634765625 0.0546875 0.0703125
0 0.416015625 0.5185546875 0.0400390625 0.068359375
0 0.525390625 0.529296875 0.044921875 0.0654296875
0 0.583984375 0.4091796875 0.04296875 0.0556640625
0 0.626953125 0.529296875 0.037109375 0.0712890625
0 0.5849609375 0.44140625 0.044921875 0.060546875
0 0.544921875 0.466796875 0.046875 0.052734375
0 0.28515625 0.345703125 0.0263671875 0.052734375
0 0.5654296875 0.361328125 0.0498046875 0.0478515625
0 0.4599609375 0.724609375 0.060546875 0.078125
0 0.220703125 0.42578125 0.0244140625 0.06640625