0 0.25546875 0.68359375 0.025 0.1109375
0 0.42109375 0.7453125 0.03359375 0.1140625
0 0.34375 0.55234375 0.02265625 0.08984375
0 0.4296875 0.5734375 0.01875 0.1
0 0.46796875 0.4484375 0.021875 0.08203125
0 0.53203125 0.4921875 0.0203125 0.08984375
0 0.5875 0.46796875 0.01875 0.07734375
0 0.634375 0.4203125 0.021875 0.07265625
0 0.5578125 0.5796875 0.0265625 0.08828125
0 0.56171875 0.6625 0.025 0.096875
0 0.5859375 0.5859375 0.04375 0.05703125
0 0.63046875 0.59609375 0.02109375 0.09140625
0 0.63828125 0.54453125 0.02890625 0.04609375
0 0.64609375 0.57421875 0.01640625 0.09296875
0 0.65390625 0.56015625 0.01640625 0.08984375
0 0.66640625 0.51796875 0.02578125 0.03515625
0 0.68203125 0.56171875 0.03046875 0.05859375
0 0.69375 0.54453125 0.0234375 0.07109375
0 0.7546875 0.5921875 0.02578125 0.1
0 0.7453125 0.5125 0.0234375 0.08046875
0 0.7796875 0.49765625 0.02265625 0.07265625
0 0.78671875 0.4734375 0.025 0.07421875
1 0.9734375 0.740625 0.03359375 0.11640625
1 0.82890625 0.43203125 0.02265625 0.07265625
1 0.5234375 0.33125 0.01953125 0.07109375
1 0.03125 0.39453125 0.0203125 0.0859375