0 0.33359375 0.84609375 0.0671875 0.14609375
0 0.41328125 0.28984375 0.0375 0.09375
0 0.68046875 0.28984375 0.0265625 0.10703125
0 0.2671875 0.2328125 0.04375 0.0984375
0 0.278125 0.64140625 0.065625 0.13671875
0 0.46484375 0.840625 0.0453125 0.16796875
0 0.28203125 0.134375 0.04609375 0.09765625
0 0.3921875 0.50546875 0.046875 0.08671875
0 0.47890625 0.14765625 0.028125 0.09609375
0 0.29296875 0.36953125 0.04296875 0.06875
0 0.14453125 0.41015625 0.0390625 0.12890625
0 0.52421875 0.63125 0.0390625 0.134375
0 0.76875 0.55703125 0.0328125 0.15234375
0 0.296875 0.50234375 0.0359375 0.08359375
0 0.52265625 0.44296875 0.0296875 0.13671875
0 0.321875 0.4296875 0.0453125 0.0828125
0 0.49765625 0.40625 0.02890625 0.121875
0 0.38125 0.44375 0.05 0.07578125
0 0.3703125 0.3859375 0.0390625 0.05859375
0 0.30546875 0.45859375 0.046875 0.06796875
0 0.303125 0.39765625 0.04140625 0.06328125
1 0.396875 0.975 0.034375 0.05
1 0.95078125 0.05078125 0.02421875 0.09296875
1 0.31484375 0.03203125 0.02734375 0.0640625