1 0.5328125 0.26875 0.0203125 0.0796875
1 0.0890625 0.840625 0.034375 0.19375
1 0.0296875 0.39375 0.02265625 0.11484375
0 0.8125 0.4046875 0.034375 0.109375
0 0.82734375 0.525 0.03828125 0.1203125
0 0.4765625 0.6578125 0.0359375 0.17421875
0 0.5171875 0.496875 0.04140625 0.10546875
0 0.53984375 0.45625 0.03671875 0.103125
0 0.5515625 0.4171875 0.0328125 0.09453125
0 0.60546875 0.32265625 0.03515625 0.07421875
0 0.4546875 0.3125 0.03671875 0.07578125
0 0.4171875 0.3859375 0.03671875 0.096875
0 0.44140625 0.4453125 0.046875 0.06875
0 0.42734375 0.48125 0.0578125 0.07734375
0 0.409375 0.5046875 0.06171875 0.07734375
0 0.409375 0.52109375 0.0359375 0.11875
0 0.271875 0.5359375 0.04375 0.1140625
0 0.21796875 0.49140625 0.0359375 0.1015625
0 0.22734375 0.43828125 0.0265625 0.13671875
0 0.321875 0.49375 0.040625 0.1015625
0 0.340625 0.4765625 0.04375 0.0875
0 0.36640625 0.4703125 0.05 0.07734375
0 0.35703125 0.44921875 0.0421875 0.07578125
0 0.36015625 0.421875 0.03984375 0.07265625