0 0.6982421875 0.5400390625 0.091796875 0.10546875
0 0.4267578125 0.525390625 0.068359375 0.1025390625
0 0.93359375 0.4609375 0.05078125 0.1064453125
0 0.908203125 0.4169921875 0.0576171875 0.08203125
0 0.3896484375 0.4462890625 0.0654296875 0.072265625
0 0.3857421875 0.529296875 0.05078125 0.11328125
0 0.9716796875 0.380859375 0.0498046875 0.0966796875
0 0.3447265625 0.4853515625 0.0634765625 0.0830078125
0 0.623046875 0.50390625 0.0732421875 0.09765625
0 0.6630859375 0.345703125 0.04296875 0.0986328125
0 0.7451171875 0.40234375 0.0556640625 0.09375
0 0.5771484375 0.48828125 0.06640625 0.109375
0 0.4833984375 0.521484375 0.0703125 0.1015625
0 0.5693359375 0.3466796875 0.05859375 0.099609375