0 0.5732421875 0.37890625 0.03515625 0.0458984375
1 0.75390625 0.240234375 0.03125 0.0400390625
0 0.6484375 0.4521484375 0.052734375 0.083984375
0 0.3330078125 0.4619140625 0.03515625 0.087890625
0 0.6806640625 0.4375 0.0478515625 0.0849609375
0 0.4716796875 0.44140625 0.0517578125 0.078125
0 0.5400390625 0.376953125 0.0517578125 0.052734375
0 0.587890625 0.427734375 0.0390625 0.0888671875
0 0.87109375 0.5087890625 0.0390625 0.08984375
0 0.833984375 0.50390625 0.04296875 0.0927734375
0 0.763671875 0.7080078125 0.044921875 0.109375
0 0.955078125 0.5927734375 0.0498046875 0.0859375
0 0.396484375 0.6611328125 0.04296875 0.0986328125
0 0.2470703125 0.412109375 0.037109375 0.0732421875
0 0.7177734375 0.7265625 0.0693359375 0.1064453125
1 0.19140625 0.349609375 0.04296875 0.0771484375
0 0.15234375 0.4404296875 0.05859375 0.0625