1 0.154296875 0.2763671875 0.0390625 0.068359375
0 0.0185546875 0.376953125 0.0341796875 0.083984375
0 0.607421875 0.4853515625 0.0498046875 0.0634765625
0 0.470703125 0.48828125 0.0546875 0.0576171875
0 0.57421875 0.470703125 0.0390625 0.07421875
0 0.607421875 0.5380859375 0.0869140625 0.076171875
0 0.44921875 0.521484375 0.060546875 0.099609375
0 0.541015625 0.482421875 0.046875 0.0859375
0 0.416015625 0.451171875 0.060546875 0.08203125
0 0.447265625 0.3486328125 0.029296875 0.078125
0 0.3271484375 0.4599609375 0.05078125 0.08203125
0 0.078125 0.349609375 0.04296875 0.0810546875
1 0.9013671875 0.3720703125 0.04296875 0.0712890625
0 0.7529296875 0.4462890625 0.0498046875 0.1015625