1 0.83984375 0.4326171875 0.0322265625 0.08203125
0 0.560546875 0.4541015625 0.041015625 0.0732421875
0 0.1513671875 0.623046875 0.0556640625 0.0712890625
0 0.7265625 0.521484375 0.046875 0.0791015625
0 0.5712890625 0.517578125 0.060546875 0.087890625
0 0.6435546875 0.51953125 0.04296875 0.0927734375
0 0.0205078125 0.6357421875 0.0400390625 0.1015625
0 0.248046875 0.6435546875 0.0615234375 0.080078125
0 0.7626953125 0.5361328125 0.0478515625 0.078125
0 0.52734375 0.4560546875 0.0439453125 0.068359375
0 0.3251953125 0.4443359375 0.0517578125 0.076171875
0 0.216796875 0.4501953125 0.046875 0.0751953125