0 0.478515625 0.470703125 0.0634765625 0.0556640625
0 0.5966796875 0.47265625 0.07421875 0.0634765625
0 0.7490234375 0.41796875 0.0478515625 0.091796875
0 0.5048828125 0.439453125 0.0625 0.06640625
0 0.45703125 0.4228515625 0.0546875 0.0634765625
0 0.599609375 0.4326171875 0.083984375 0.068359375
0 0.490234375 0.509765625 0.068359375 0.068359375
0 0.4375 0.3994140625 0.0712890625 0.0732421875
0 0.572265625 0.357421875 0.052734375 0.076171875
0 0.6328125 0.529296875 0.1123046875 0.07421875
0 0.7685546875 0.458984375 0.0556640625 0.09375
0 0.982421875 0.583984375 0.03515625 0.1103515625
0 0.55859375 0.396484375 0.0634765625 0.060546875
0 0.4228515625 0.517578125 0.0791015625 0.1123046875
0 0.123046875 0.4404296875 0.0576171875 0.09375
0 0.916015625 0.365234375 0.0625 0.0966796875
0 0.43359375 0.34375 0.076171875 0.0810546875
0 0.7685546875 0.3232421875 0.04296875 0.08984375
0 0.3681640625 0.3701171875 0.0703125 0.09375