0 0.6513671875 0.330078125 0.04296875 0.0810546875
0 0.07421875 0.42578125 0.05078125 0.09765625
0 0.212890625 0.349609375 0.0419921875 0.08203125
0 0.77734375 0.3486328125 0.0439453125 0.08203125
0 0.634765625 0.3828125 0.041015625 0.0849609375
0 0.234375 0.255859375 0.0458984375 0.07421875
0 0.416015625 0.4228515625 0.04296875 0.0791015625
0 0.037109375 0.3818359375 0.0478515625 0.08984375
0 0.857421875 0.654296875 0.076171875 0.0947265625
0 0.8955078125 0.3984375 0.048828125 0.0830078125
0 0.078125 0.552734375 0.0556640625 0.1083984375
0 0.4501953125 0.6591796875 0.05859375 0.1083984375
0 0.3212890625 0.6181640625 0.0546875 0.103515625