1 0.7509765625 0.2509765625 0.0302734375 0.0634765625
0 0.5078125 0.3994140625 0.0654296875 0.0771484375
0 0.8642578125 0.5146484375 0.0361328125 0.08984375
0 0.1591796875 0.44921875 0.06640625 0.072265625
0 0.685546875 0.708984375 0.0546875 0.10546875
1 0.1796875 0.365234375 0.03125 0.076171875
0 0.6240234375 0.4462890625 0.052734375 0.08203125
0 0.25390625 0.431640625 0.0361328125 0.076171875
0 0.6708984375 0.4541015625 0.05078125 0.0751953125
0 0.8291015625 0.5078125 0.046875 0.0830078125
0 0.3525390625 0.455078125 0.0390625 0.07421875
0 0.736328125 0.701171875 0.0556640625 0.1015625
0 0.357421875 0.6396484375 0.0478515625 0.0888671875
0 0.5673828125 0.4501953125 0.0576171875 0.08203125
0 0.4658203125 0.45703125 0.060546875 0.0703125