0 0.3330078125 0.4677734375 0.03125 0.060546875
0 0.3115234375 0.4853515625 0.0302734375 0.0712890625
0 0.3642578125 0.443359375 0.0341796875 0.05078125
0 0.4091796875 0.5361328125 0.0361328125 0.041015625
0 0.3623046875 0.5 0.04296875 0.064453125
0 0.1884765625 0.462890625 0.033203125 0.0654296875
0 0.396484375 0.47265625 0.0400390625 0.05859375
0 0.3896484375 0.578125 0.05078125 0.0595703125
1 0.3212890625 0.2861328125 0.02734375 0.056640625
0 0.375 0.4091796875 0.0400390625 0.0537109375
0 0.4130859375 0.427734375 0.03515625 0.052734375
0 0.283203125 0.419921875 0.0322265625 0.052734375
0 0.6533203125 0.494140625 0.0341796875 0.0693359375
0 0.61328125 0.529296875 0.0361328125 0.0673828125
0 0.3466796875 0.388671875 0.044921875 0.0498046875
0 0.615234375 0.3818359375 0.03125 0.0556640625
0 0.4462890625 0.4755859375 0.046875 0.064453125
0 0.716796875 0.576171875 0.0439453125 0.0615234375
0 0.2099609375 0.4951171875 0.033203125 0.0595703125
0 0.583984375 0.4033203125 0.0478515625 0.0595703125