0 0.2861328125 0.3994140625 0.0390625 0.0595703125
1 0.91796875 0.4169921875 0.0283203125 0.064453125
0 0.533203125 0.58984375 0.03515625 0.04296875
0 0.6357421875 0.44140625 0.02734375 0.0771484375
0 0.2626953125 0.482421875 0.03515625 0.0703125
1 0.45703125 0.3154296875 0.0234375 0.056640625
0 0.46484375 0.447265625 0.037109375 0.0791015625
0 0.623046875 0.47265625 0.0390625 0.05859375
0 0.5654296875 0.486328125 0.037109375 0.076171875
0 0.7724609375 0.49609375 0.0439453125 0.0810546875
0 0.48046875 0.4873046875 0.03515625 0.08203125
0 0.205078125 0.4892578125 0.0361328125 0.0703125
0 0.703125 0.515625 0.0546875 0.0830078125
1 0.8955078125 0.57421875 0.05078125 0.0888671875
0 0.84765625 0.505859375 0.0419921875 0.08203125