0 0.9814453125 0.576171875 0.037109375 0.09765625
0 0.7109375 0.5732421875 0.0498046875 0.10546875
0 0.2802734375 0.5107421875 0.0390625 0.0625
0 0.68359375 0.53125 0.0390625 0.08984375
0 0.447265625 0.517578125 0.044921875 0.0869140625
0 0.3359375 0.458984375 0.0498046875 0.0654296875
0 0.7568359375 0.5751953125 0.0576171875 0.10546875
0 0.845703125 0.5693359375 0.0654296875 0.1015625
0 0.296875 0.5703125 0.046875 0.09375
0 0.09765625 0.6103515625 0.044921875 0.0947265625
0 0.208984375 0.6044921875 0.044921875 0.08984375
0 0.244140625 0.5224609375 0.037109375 0.0791015625
0 0.466796875 0.47265625 0.0546875 0.0576171875