0 0.9521484375 0.6708984375 0.076171875 0.109375
0 0.58203125 0.529296875 0.0693359375 0.1318359375
0 0.5458984375 0.3837890625 0.076171875 0.078125
0 0.3525390625 0.4072265625 0.052734375 0.068359375
0 0.443359375 0.412109375 0.064453125 0.1484375
0 0.5537109375 0.45703125 0.064453125 0.1005859375
0 0.63671875 0.50390625 0.056640625 0.125
0 0.2880859375 0.5068359375 0.1015625 0.142578125
0 0.359375 0.513671875 0.08984375 0.1474609375
0 0.7275390625 0.529296875 0.0771484375 0.1484375
0 0.8388671875 0.638671875 0.0986328125 0.1416015625