0 0.5673828125 0.400390625 0.0390625 0.08203125
0 0.484375 0.4677734375 0.048828125 0.0947265625
0 0.017578125 0.4111328125 0.03515625 0.0751953125
0 0.5185546875 0.4169921875 0.037109375 0.0869140625
0 0.0556640625 0.41015625 0.05078125 0.068359375
0 0.6025390625 0.400390625 0.048828125 0.0673828125
0 0.5107421875 0.482421875 0.0341796875 0.078125
0 0.177734375 0.56640625 0.0478515625 0.1025390625
0 0.2275390625 0.5595703125 0.052734375 0.0830078125
0 0.4287109375 0.4794921875 0.0625 0.0908203125
0 0.068359375 0.5009765625 0.048828125 0.0888671875
0 0.203125 0.486328125 0.0498046875 0.0712890625
0 0.564453125 0.509765625 0.0556640625 0.0810546875
0 0.1689453125 0.32421875 0.0478515625 0.0849609375
0 0.6064453125 0.5224609375 0.0654296875 0.0947265625
0 0.716796875 0.455078125 0.0576171875 0.0859375
0 0.232421875 0.3154296875 0.0546875 0.0751953125