0 0.560546875 0.443359375 0.0419921875 0.07421875
0 0.3828125 0.447265625 0.037109375 0.0634765625
0 0.76171875 0.4697265625 0.03515625 0.0732421875
0 0.732421875 0.451171875 0.03125 0.0478515625
0 0.3974609375 0.3623046875 0.044921875 0.09375
0 0.6826171875 0.4755859375 0.0498046875 0.1015625
0 0.2919921875 0.3916015625 0.046875 0.0732421875
0 0.6337890625 0.525390625 0.0478515625 0.1015625
0 0.736328125 0.5517578125 0.0478515625 0.099609375
0 0.4404296875 0.5146484375 0.068359375 0.09765625
0 0.6015625 0.466796875 0.0498046875 0.08984375
0 0.20703125 0.361328125 0.03515625 0.0859375
0 0.4853515625 0.4404296875 0.0732421875 0.07421875
0 0.9169921875 0.470703125 0.0498046875 0.10546875
0 0.6181640625 0.353515625 0.03515625 0.0810546875
0 0.064453125 0.5458984375 0.0712890625 0.091796875