0 0.48828125 0.380859375 0.03515625 0.02734375
0 0.4833984375 0.4208984375 0.03125 0.0361328125
0 0.609375 0.4052734375 0.0341796875 0.048828125
0 0.0107421875 0.4443359375 0.0205078125 0.0673828125
0 0.4404296875 0.443359375 0.060546875 0.0419921875
0 0.4248046875 0.4228515625 0.0517578125 0.037109375
1 0.677734375 0.60546875 0.0439453125 0.0673828125
1 0.8095703125 0.3466796875 0.021484375 0.056640625
0 0.462890625 0.4697265625 0.0546875 0.0498046875
0 0.5458984375 0.4677734375 0.046875 0.0498046875
0 0.2177734375 0.3310546875 0.02734375 0.046875
0 0.5849609375 0.486328125 0.041015625 0.060546875
0 0.4091796875 0.40234375 0.056640625 0.037109375
0 0.33203125 0.4013671875 0.029296875 0.052734375
0 0.3896484375 0.3720703125 0.044921875 0.044921875
0 0.404296875 0.6201171875 0.033203125 0.0751953125
0 0.3349609375 0.5087890625 0.029296875 0.060546875
0 0.4208984375 0.3193359375 0.03515625 0.048828125