0 0.416015625 0.404296875 0.044921875 0.060546875
0 0.6396484375 0.3759765625 0.0390625 0.076171875
0 0.3525390625 0.3544921875 0.0419921875 0.0400390625
0 0.228515625 0.3974609375 0.046875 0.0791015625
0 0.4931640625 0.44921875 0.060546875 0.060546875
0 0.4912109375 0.396484375 0.060546875 0.0498046875
0 0.392578125 0.4345703125 0.0556640625 0.0625
0 0.69921875 0.3154296875 0.029296875 0.078125
0 0.369140625 0.3759765625 0.0556640625 0.060546875
0 0.66015625 0.41015625 0.0419921875 0.0859375
0 0.4072265625 0.328125 0.0390625 0.078125
0 0.921875 0.3408203125 0.0244140625 0.0869140625
0 0.470703125 0.3447265625 0.052734375 0.0732421875
0 0.76953125 0.6376953125 0.0478515625 0.1123046875
0 0.6328125 0.486328125 0.04296875 0.0888671875
0 0.40234375 0.505859375 0.060546875 0.09375
0 0.353515625 0.6337890625 0.083984375 0.1044921875