0 0.4580078125 0.4521484375 0.0400390625 0.0673828125
0 0.4775390625 0.466796875 0.0400390625 0.076171875
1 0.6181640625 0.2568359375 0.02734375 0.0654296875
0 0.638671875 0.396484375 0.03125 0.0498046875
0 0.462890625 0.3994140625 0.03515625 0.0625
0 0.53125 0.376953125 0.03515625 0.04296875
0 0.435546875 0.486328125 0.0400390625 0.0712890625
0 0.5400390625 0.4326171875 0.0498046875 0.06640625
0 0.4296875 0.42578125 0.03515625 0.0576171875
0 0.1005859375 0.439453125 0.03515625 0.0615234375
0 0.521484375 0.4609375 0.0478515625 0.0732421875
0 0.65234375 0.439453125 0.0517578125 0.0634765625
0 0.3427734375 0.494140625 0.0302734375 0.0732421875
0 0.6884765625 0.435546875 0.0556640625 0.072265625
0 0.3994140625 0.64453125 0.0361328125 0.0908203125
0 0.0693359375 0.625 0.04296875 0.078125