0 0.185546875 0.3779296875 0.0322265625 0.078125
0 0.1513671875 0.326171875 0.03515625 0.041015625
0 0.6962890625 0.416015625 0.0302734375 0.0712890625
0 0.154296875 0.375 0.0361328125 0.08203125
0 0.783203125 0.2802734375 0.046875 0.060546875
0 0.2197265625 0.3583984375 0.037109375 0.0751953125
0 0.8173828125 0.28125 0.02734375 0.056640625
0 0.107421875 0.3681640625 0.0517578125 0.0791015625
0 0.611328125 0.5361328125 0.0439453125 0.0810546875
0 0.3310546875 0.390625 0.03515625 0.068359375
0 0.046875 0.37109375 0.052734375 0.08203125
0 0.96875 0.43359375 0.060546875 0.0830078125
0 0.48828125 0.529296875 0.0380859375 0.072265625
0 0.2099609375 0.4462890625 0.048828125 0.083984375
0 0.296875 0.46484375 0.0615234375 0.080078125