0 0.1015625 0.5205078125 0.037109375 0.0556640625
0 0.11328125 0.4013671875 0.0478515625 0.04296875
0 0.587890625 0.48046875 0.044921875 0.060546875
0 0.54296875 0.41015625 0.03515625 0.0419921875
0 0.1123046875 0.4599609375 0.046875 0.06640625
0 0.568359375 0.431640625 0.03515625 0.05078125
0 0.6669921875 0.517578125 0.0400390625 0.044921875
0 0.634765625 0.4951171875 0.03515625 0.052734375
0 0.1181640625 0.568359375 0.060546875 0.0732421875
0 0.7060546875 0.591796875 0.052734375 0.0654296875
0 0.1357421875 0.650390625 0.0498046875 0.0810546875
0 0.818359375 0.619140625 0.060546875 0.0732421875