0 0.490234375 0.4326171875 0.0576171875 0.083984375
1 0.486328125 0.2529296875 0.03515625 0.068359375
0 0.4736328125 0.525390625 0.0654296875 0.1171875
0 0.2705078125 0.498046875 0.0498046875 0.0966796875
0 0.4267578125 0.3974609375 0.0400390625 0.08203125
0 0.4970703125 0.4853515625 0.0712890625 0.091796875
0 0.4306640625 0.4375 0.0546875 0.08984375
0 0.3251953125 0.443359375 0.0654296875 0.0888671875
0 0.5224609375 0.3955078125 0.0478515625 0.08984375
0 0.6923828125 0.4384765625 0.0498046875 0.0634765625
0 0.5927734375 0.5693359375 0.05078125 0.1171875
0 0.88671875 0.494140625 0.0634765625 0.09375
0 0.75390625 0.53515625 0.0546875 0.0859375
0 0.2353515625 0.443359375 0.0478515625 0.0947265625
0 0.669921875 0.51171875 0.091796875 0.091796875
0 0.419921875 0.529296875 0.0703125 0.109375
0 0.62109375 0.3701171875 0.060546875 0.083984375