0 0.54609375 0.72734375 0.0140625 0.07265625
0 0.459375 0.78203125 0.028125 0.06796875
0 0.4484375 0.72578125 0.01875 0.04453125
0 0.18515625 0.790625 0.01875 0.08203125
0 0.225 0.7734375 0.02890625 0.05234375
0 0.29921875 0.721875 0.02421875 0.05234375
0 0.36171875 0.78046875 0.0203125 0.06328125
0 0.31953125 0.7234375 0.025 0.04609375
0 0.3328125 0.7296875 0.02265625 0.03984375
0 0.340625 0.73203125 0.0265625 0.03515625
0 0.35078125 0.74140625 0.03046875 0.0296875
0 0.3625 0.75 0.02890625 0.03125
0 0.37578125 0.77109375 0.025 0.05078125
0 0.41484375 0.7671875 0.0234375 0.03984375
0 0.4046875 0.75703125 0.02421875 0.03828125
0 0.39453125 0.7453125 0.0203125 0.03671875
0 0.384375 0.709375 0.0140625 0.06015625
0 0.36171875 0.69765625 0.01875 0.05859375
0 0.3515625 0.6921875 0.0140625 0.05390625
0 0.3375 0.69609375 0.01875 0.03125
0 0.32734375 0.6828125 0.01328125 0.0296875
1 0.80625 0.64921875 0.0140625 0.0625
1 0.72578125 0.62421875 0.015625 0.05625
2 0.3375 0.87265625 0.02265625 0.09453125
1 0.67578125 0.95390625 0.0203125 0.06484375
1 0.0875 0.7671875 0.01875 0.0859375
1 0.16015625 0.58515625 0.0171875 0.05390625
1 0.50234375 0.71484375 0.01875 0.078125