1 0.87109375 0.6 0.0359375 0.1421875
1 0.28671875 0.2484375 0.01796875 0.07109375
2 0.15546875 0.50078125 0.028125 0.13125
1 0.02265625 0.42578125 0.0390625 0.1078125
0 0.046875 0.340625 0.0296875 0.09375
0 0.215625 0.4265625 0.03984375 0.128125
1 0.02265625 0.2765625 0.0234375 0.07421875
0 0.33515625 0.38828125 0.025 0.1125
0 0.3625 0.3921875 0.02890625 0.1140625
0 0.44296875 0.3875 0.028125 0.1140625
0 0.46640625 0.48046875 0.0578125 0.04765625
0 0.46015625 0.45 0.0328125 0.04765625
0 0.43046875 0.475 0.034375 0.04921875
0 0.428125 0.30390625 0.0296875 0.08359375
0 0.45390625 0.2984375 0.03125 0.09140625
0 0.55390625 0.4109375 0.028125 0.1125
1 0.81796875 0.30078125 0.02265625 0.08359375
0 0.62109375 0.4546875 0.053125 0.103125
0 0.7328125 0.44921875 0.0265625 0.0734375
0 0.7140625 0.4484375 0.04609375 0.0921875
0 0.690625 0.4765625 0.04453125 0.08203125
0 0.6828125 0.45390625 0.034375 0.0859375
0 0.68359375 0.43359375 0.03046875 0.1015625
0 0.66171875 0.40078125 0.02421875 0.0953125
0 0.646875 0.4609375 0.0375 0.0984375
0 0.628125 0.403125 0.01796875 0.07890625
0 0.64609375 0.41171875 0.0140625 0.10078125