0 0.8625 0.490625 0.0765625 0.20078125
0 0.82109375 0.56328125 0.05625 0.2375
0 0.7296875 0.534375 0.07734375 0.16171875
0 0.67265625 0.596875 0.0609375 0.15703125
0 0.62890625 0.65 0.09140625 0.21640625
0 0.60390625 0.54453125 0.0703125 0.16640625
0 0.4828125 0.5765625 0.078125 0.146875
0 0.48671875 0.42265625 0.0671875 0.25
0 0.36015625 0.57421875 0.09296875 0.1546875
0 0.47890625 0.42578125 0.0640625 0.1546875
0 0.29765625 0.62734375 0.06796875 0.15625
0 0.1453125 0.85703125 0.065625 0.2546875
0 0.22421875 0.57421875 0.0796875 0.16015625
0 0.1125 0.6 0.05625 0.24375
1 0.91015625 0.2875 0.06484375 0.25625
2 0.1078125 0.275 0.065625 0.24453125