1 0.88984375 0.81484375 0.04921875 0.19453125
1 0.95625 0.428125 0.02578125 0.125
2 0.790625 0.3484375 0.03671875 0.1015625
1 0.38984375 0.2671875 0.02890625 0.08984375
0 0.27109375 0.54375 0.034375 0.14375
0 0.275 0.3953125 0.025 0.1078125
0 0.31875 0.33984375 0.02890625 0.09296875
0 0.740625 0.61953125 0.05703125 0.134375
0 0.5125 0.64921875 0.0453125 0.16171875
0 0.7 0.525 0.0453125 0.1296875
0 0.7296875 0.4140625 0.0359375 0.096875
0 0.640625 0.43046875 0.04140625 0.07421875
0 0.47421875 0.51328125 0.02890625 0.125
0 0.42265625 0.44765625 0.034375 0.1015625
0 0.3921875 0.40625 0.0328125 0.0953125
0 0.4765625 0.32734375 0.03125 0.08671875
0 0.46328125 0.40078125 0.04453125 0.06953125
0 0.5359375 0.484375 0.046875 0.06484375
0 0.5203125 0.45546875 0.040625 0.07734375
0 0.49375 0.4328125 0.0484375 0.06328125
0 0.57265625 0.4171875 0.02578125 0.08984375
0 0.5921875 0.45859375 0.034375 0.07578125
0 0.56875 0.44765625 0.0296875 0.0703125
0 0.54609375 0.43203125 0.03359375 0.06640625
0 0.540625 0.41328125 0.0375 0.0609375
0 0.53671875 0.39609375 0.0328125 0.06328125