0 0.345703125 0.380859375 0.037109375 0.060546875
0 0.1513671875 0.3798828125 0.037109375 0.09375
0 0.7275390625 0.388671875 0.0390625 0.1044921875
0 0.341796875 0.439453125 0.05859375 0.0634765625
0 0.314453125 0.3984375 0.0546875 0.052734375
0 0.751953125 0.419921875 0.0390625 0.10546875
0 0.697265625 0.4755859375 0.04296875 0.1201171875
0 0.1337890625 0.419921875 0.05078125 0.0966796875
0 0.271484375 0.470703125 0.05859375 0.083984375
0 0.4365234375 0.4052734375 0.08203125 0.060546875
0 0.6376953125 0.63671875 0.0556640625 0.1015625
0 0.416015625 0.4609375 0.07421875 0.0712890625
0 0.369140625 0.306640625 0.052734375 0.091796875
0 0.220703125 0.556640625 0.0625 0.1171875
0 0.5576171875 0.5712890625 0.052734375 0.1044921875
0 0.466796875 0.349609375 0.068359375 0.0810546875
0 0.728515625 0.302734375 0.04296875 0.083984375
0 0.1953125 0.5302734375 0.0654296875 0.0947265625
0 0.3603515625 0.5166015625 0.0732421875 0.0791015625