0 0.57421875 0.439453125 0.05078125 0.03515625
0 0.505859375 0.4150390625 0.0546875 0.044921875
0 0.4970703125 0.4599609375 0.052734375 0.0546875
0 0.4287109375 0.416015625 0.0390625 0.08203125
0 0.4755859375 0.5126953125 0.0791015625 0.0712890625
0 0.5869140625 0.4892578125 0.0634765625 0.0810546875
0 0.654296875 0.34765625 0.0341796875 0.0859375
0 0.384765625 0.45703125 0.0341796875 0.0947265625
0 0.119140625 0.5830078125 0.0390625 0.10546875
0 0.044921875 0.419921875 0.0400390625 0.0947265625
0 0.55078125 0.3662109375 0.0478515625 0.076171875
0 0.322265625 0.3154296875 0.03125 0.0869140625
0 0.908203125 0.44921875 0.0498046875 0.0859375
0 0.755859375 0.4560546875 0.05078125 0.068359375
0 0.5087890625 0.6123046875 0.060546875 0.099609375