0 0.6015625 0.412109375 0.046875 0.05859375
0 0.365234375 0.455078125 0.02734375 0.060546875
0 0.5908203125 0.48046875 0.0400390625 0.060546875
0 0.634765625 0.478515625 0.068359375 0.068359375
0 0.671875 0.4609375 0.046875 0.0810546875
0 0.5517578125 0.3603515625 0.0341796875 0.0576171875
0 0.5625 0.4677734375 0.0400390625 0.0703125
0 0.400390625 0.416015625 0.046875 0.0712890625
1 0.2998046875 0.2529296875 0.0400390625 0.0654296875
0 0.2724609375 0.4873046875 0.0634765625 0.09375
0 0.4462890625 0.423828125 0.0478515625 0.0654296875
0 0.587890625 0.529296875 0.0556640625 0.0732421875
0 0.2587890625 0.677734375 0.0419921875 0.0947265625
1 0.224609375 0.5537109375 0.046875 0.0888671875
0 0.208984375 0.671875 0.0634765625 0.1025390625
0 0.49609375 0.4990234375 0.0546875 0.0703125
0 0.0537109375 0.357421875 0.0390625 0.068359375