0 0.603515625 0.4404296875 0.05078125 0.0341796875
0 0.5068359375 0.470703125 0.0478515625 0.0478515625
0 0.5771484375 0.470703125 0.05078125 0.0400390625
0 0.6162109375 0.4736328125 0.05078125 0.0712890625
0 0.517578125 0.4306640625 0.0576171875 0.0546875
0 0.578125 0.556640625 0.05859375 0.076171875
0 0.458984375 0.576171875 0.0498046875 0.083984375
1 0.1591796875 0.4638671875 0.03125 0.0869140625
0 0.8017578125 0.4794921875 0.05859375 0.05859375
0 0.58203125 0.3974609375 0.0478515625 0.0576171875
0 0.4931640625 0.5380859375 0.0546875 0.060546875
0 0.455078125 0.4892578125 0.0556640625 0.07421875
0 0.650390625 0.533203125 0.05078125 0.0888671875
0 0.1376953125 0.587890625 0.0498046875 0.09375
0 0.6845703125 0.4248046875 0.046875 0.0625
0 0.287109375 0.416015625 0.0400390625 0.0791015625
0 0.2548828125 0.533203125 0.0498046875 0.083984375
0 0.259765625 0.3779296875 0.037109375 0.0712890625
0 0.4765625 0.39453125 0.04296875 0.076171875
0 0.380859375 0.451171875 0.0478515625 0.0732421875