0 0.4990234375 0.4453125 0.044921875 0.0654296875
0 0.490234375 0.509765625 0.0576171875 0.0712890625
0 0.5146484375 0.396484375 0.044921875 0.0625
0 0.572265625 0.3662109375 0.04296875 0.08203125
0 0.572265625 0.5732421875 0.0478515625 0.1123046875
0 0.591796875 0.439453125 0.052734375 0.076171875
1 0.173828125 0.435546875 0.0341796875 0.09375
0 0.3671875 0.4443359375 0.046875 0.0859375
0 0.900390625 0.5224609375 0.046875 0.1044921875
0 0.693359375 0.4873046875 0.04296875 0.0869140625
0 0.44921875 0.3857421875 0.060546875 0.08984375
0 0.521484375 0.521484375 0.0732421875 0.099609375
0 0.146484375 0.5947265625 0.0546875 0.1015625
0 0.216796875 0.3623046875 0.044921875 0.07421875