0 0.5048828125 0.416015625 0.0400390625 0.044921875
0 0.544921875 0.51953125 0.052734375 0.05078125
0 0.560546875 0.4423828125 0.04296875 0.0341796875
0 0.5341796875 0.4287109375 0.04296875 0.044921875
0 0.5625 0.474609375 0.046875 0.044921875
0 0.556640625 0.544921875 0.0419921875 0.076171875
1 0.876953125 0.330078125 0.029296875 0.0732421875
0 0.69140625 0.4267578125 0.0322265625 0.05859375
0 0.71875 0.4423828125 0.0341796875 0.078125
1 0.1826171875 0.5009765625 0.0244140625 0.0791015625
0 0.6025390625 0.498046875 0.0478515625 0.0478515625
0 0.6318359375 0.5185546875 0.05078125 0.052734375
0 0.3984375 0.5126953125 0.04296875 0.068359375
0 0.439453125 0.30078125 0.0263671875 0.0576171875
0 0.373046875 0.455078125 0.0419921875 0.068359375
0 0.771484375 0.466796875 0.037109375 0.0634765625
0 0.396484375 0.4013671875 0.0390625 0.0625
0 0.4677734375 0.4423828125 0.0546875 0.046875
0 0.310546875 0.3193359375 0.03125 0.05078125
0 0.501953125 0.4814453125 0.05859375 0.0498046875
0 0.2529296875 0.4267578125 0.0400390625 0.0625
0 0.33203125 0.52734375 0.03515625 0.0791015625
0 0.3173828125 0.6328125 0.04296875 0.07421875
0 0.75 0.607421875 0.0654296875 0.07421875