0 0.517578125 0.412109375 0.0390625 0.02734375
0 0.513671875 0.4765625 0.0546875 0.046875
0 0.5205078125 0.439453125 0.0400390625 0.0419921875
0 0.6357421875 0.400390625 0.02734375 0.052734375
0 0.556640625 0.458984375 0.0400390625 0.044921875
0 0.513671875 0.505859375 0.0400390625 0.068359375
0 0.4990234375 0.404296875 0.0419921875 0.037109375
0 0.462890625 0.443359375 0.0478515625 0.0498046875
0 0.6611328125 0.416015625 0.0341796875 0.0654296875
0 0.5869140625 0.474609375 0.05078125 0.052734375
1 0.8583984375 0.322265625 0.029296875 0.0703125
0 0.357421875 0.4755859375 0.0400390625 0.0634765625
0 0.287109375 0.4599609375 0.037109375 0.0634765625
0 0.4072265625 0.3896484375 0.0390625 0.0546875
1 0.1943359375 0.4501953125 0.0234375 0.0712890625
0 0.330078125 0.4306640625 0.03515625 0.060546875
0 0.7021484375 0.427734375 0.0322265625 0.0634765625
0 0.353515625 0.2861328125 0.044921875 0.052734375
0 0.1083984375 0.302734375 0.029296875 0.0556640625
0 0.322265625 0.3623046875 0.03125 0.05859375
0 0.458984375 0.623046875 0.0390625 0.0791015625
0 0.7275390625 0.6015625 0.0576171875 0.0625
0 0.435546875 0.416015625 0.044921875 0.0478515625
0 0.572265625 0.396484375 0.0341796875 0.060546875