0 0.4453125 0.73046875 0.0439453125 0.1015625
0 0.5517578125 0.474609375 0.0615234375 0.1103515625
0 0.443359375 0.7578125 0.04296875 0.0458984375
0 0.234375 0.755859375 0.0546875 0.0478515625
0 0.3720703125 0.7587890625 0.0732421875 0.044921875
0 0.134765625 0.5478515625 0.1015625 0.1162109375
1 0.4248046875 0.369140625 0.0703125 0.1044921875
0 0.43359375 0.5986328125 0.078125 0.1171875
0 0.0439453125 0.7177734375 0.08203125 0.1259765625
0 0.283203125 0.5732421875 0.072265625 0.1201171875
0 0.6171875 0.6279296875 0.0771484375 0.126953125