0 0.29296875 0.482421875 0.0390625 0.04296875
0 0.3857421875 0.5673828125 0.0556640625 0.068359375
0 0.1455078125 0.5009765625 0.0341796875 0.0859375
0 0.326171875 0.513671875 0.04296875 0.0546875
0 0.380859375 0.546875 0.05859375 0.04296875
0 0.287109375 0.466796875 0.044921875 0.0498046875
0 0.2841796875 0.544921875 0.046875 0.0703125
1 0.564453125 0.4970703125 0.03125 0.078125
0 0.126953125 0.5390625 0.044921875 0.068359375
0 0.384765625 0.4970703125 0.05078125 0.0498046875
0 0.3193359375 0.2646484375 0.0390625 0.0576171875
0 0.478515625 0.525390625 0.03515625 0.0791015625
0 0.5107421875 0.267578125 0.02734375 0.052734375
0 0.494140625 0.3994140625 0.037109375 0.0576171875
0 0.4228515625 0.619140625 0.0390625 0.07421875
0 0.26171875 0.357421875 0.0419921875 0.0634765625
0 0.392578125 0.44140625 0.052734375 0.0576171875
0 0.4990234375 0.4736328125 0.03515625 0.0625
0 0.7958984375 0.3564453125 0.03515625 0.0654296875
0 0.291015625 0.6103515625 0.0576171875 0.08203125
0 0.796875 0.525390625 0.0341796875 0.0732421875
0 0.240234375 0.4453125 0.037109375 0.068359375