0 0.544921875 0.361328125 0.02734375 0.0478515625
0 0.6669921875 0.3671875 0.0400390625 0.052734375
0 0.74609375 0.375 0.03515625 0.0556640625
0 0.658203125 0.3017578125 0.0322265625 0.0400390625
0 0.8603515625 0.361328125 0.029296875 0.0556640625
0 0.423828125 0.4814453125 0.037109375 0.0556640625
0 0.3408203125 0.3515625 0.02734375 0.052734375
0 0.8359375 0.34375 0.02734375 0.0556640625
0 0.5244140625 0.314453125 0.029296875 0.0478515625
0 0.5771484375 0.3466796875 0.029296875 0.052734375
0 0.6591796875 0.4228515625 0.03125 0.0576171875
0 0.623046875 0.6240234375 0.03515625 0.0703125
0 0.86328125 0.556640625 0.0478515625 0.0625
0 0.556640625 0.56640625 0.03125 0.060546875
0 0.8095703125 0.4755859375 0.046875 0.060546875
0 0.857421875 0.6376953125 0.052734375 0.0654296875