0 0.427734375 0.3232421875 0.0263671875 0.04296875
1 0.638671875 0.5146484375 0.0263671875 0.060546875
0 0.53515625 0.458984375 0.0263671875 0.052734375
0 0.853515625 0.509765625 0.029296875 0.052734375
0 0.98046875 0.5 0.03515625 0.0498046875
0 0.6435546875 0.638671875 0.03125 0.0556640625
0 0.9306640625 0.501953125 0.044921875 0.0556640625
0 0.501953125 0.4580078125 0.029296875 0.046875
0 0.6171875 0.626953125 0.0341796875 0.0556640625
0 0.1943359375 0.5048828125 0.0390625 0.0498046875
0 0.23046875 0.6904296875 0.060546875 0.0654296875
0 0.1796875 0.7021484375 0.04296875 0.0732421875
0 0.4716796875 0.580078125 0.03125 0.05859375