0 0.388671875 0.509765625 0.044921875 0.0654296875
0 0.3486328125 0.458984375 0.052734375 0.0390625
0 0.482421875 0.599609375 0.0576171875 0.06640625
0 0.44140625 0.427734375 0.0478515625 0.05859375
0 0.125 0.494140625 0.03125 0.09765625
0 0.345703125 0.5576171875 0.0546875 0.0712890625
0 0.572265625 0.2919921875 0.0341796875 0.0712890625
0 0.4599609375 0.529296875 0.0732421875 0.060546875
0 0.3046875 0.5830078125 0.0556640625 0.07421875
0 0.4609375 0.482421875 0.07421875 0.0546875
0 0.880859375 0.376953125 0.04296875 0.083984375
1 0.689453125 0.498046875 0.044921875 0.0791015625
0 0.54296875 0.62109375 0.0478515625 0.091796875
0 0.3056640625 0.4482421875 0.0546875 0.0654296875
0 0.5546875 0.4794921875 0.0400390625 0.0810546875
0 0.9228515625 0.56640625 0.044921875 0.0947265625
0 0.619140625 0.517578125 0.046875 0.0810546875
0 0.3271484375 0.298828125 0.0546875 0.078125