0 0.34765625 0.6083984375 0.05078125 0.087890625
0 0.412109375 0.6064453125 0.0400390625 0.10546875
0 0.9189453125 0.5244140625 0.037109375 0.0634765625
0 0.3154296875 0.62890625 0.041015625 0.09765625
0 0.3935546875 0.5771484375 0.0341796875 0.099609375
0 0.4384765625 0.3232421875 0.037109375 0.0810546875
0 0.2802734375 0.6083984375 0.0576171875 0.0751953125
0 0.46484375 0.583984375 0.0439453125 0.0947265625
1 0.9052734375 0.6005859375 0.03515625 0.09765625
0 0.80859375 0.6201171875 0.0498046875 0.0888671875
0 0.7451171875 0.3330078125 0.0263671875 0.064453125
0 0.95703125 0.478515625 0.048828125 0.07421875
0 0.1904296875 0.6220703125 0.0546875 0.091796875
0 0.203125 0.515625 0.0322265625 0.0927734375
0 0.1259765625 0.591796875 0.05859375 0.09375