0 0.48828125 0.6318359375 0.044921875 0.1103515625
0 0.4658203125 0.53515625 0.046875 0.08203125
0 0.587890625 0.30078125 0.03515625 0.0791015625
0 0.423828125 0.361328125 0.04296875 0.0888671875
0 0.44140625 0.6416015625 0.060546875 0.091796875
0 0.6328125 0.3037109375 0.046875 0.0947265625
0 0.1845703125 0.607421875 0.04296875 0.1201171875
1 0.8388671875 0.615234375 0.0341796875 0.1201171875
0 0.548828125 0.5859375 0.0654296875 0.099609375
0 0.421875 0.5712890625 0.0625 0.1171875
0 0.546875 0.30859375 0.052734375 0.0859375
0 0.6171875 0.634765625 0.0400390625 0.0966796875
0 0.658203125 0.615234375 0.046875 0.1025390625
0 0.8544921875 0.3701171875 0.0654296875 0.0869140625
0 0.3828125 0.658203125 0.046875 0.05078125
0 0.6328125 0.3798828125 0.0712890625 0.0966796875