0 0.662109375 0.5234375 0.0478515625 0.037109375
0 0.5751953125 0.27734375 0.037109375 0.0576171875
0 0.6357421875 0.55078125 0.052734375 0.05078125
1 0.2412109375 0.5380859375 0.0234375 0.0859375
0 0.6611328125 0.6015625 0.046875 0.068359375
0 0.548828125 0.619140625 0.0625 0.0703125
0 0.486328125 0.564453125 0.052734375 0.0634765625
0 0.6884765625 0.341796875 0.05078125 0.0625
0 0.5498046875 0.58203125 0.0625 0.044921875
0 0.81640625 0.529296875 0.03515625 0.0732421875
0 0.6689453125 0.501953125 0.046875 0.046875
0 0.5673828125 0.53515625 0.0556640625 0.05078125
0 0.1318359375 0.392578125 0.05078125 0.068359375
0 0.5703125 0.470703125 0.05859375 0.05859375
0 0.642578125 0.419921875 0.052734375 0.06640625
0 0.08203125 0.587890625 0.03515625 0.08984375
0 0.3603515625 0.3310546875 0.0322265625 0.0654296875
0 0.8232421875 0.5947265625 0.0400390625 0.0732421875
0 0.443359375 0.509765625 0.0400390625 0.076171875
0 0.693359375 0.2626953125 0.05078125 0.0625