0 0.6513671875 0.5341796875 0.02734375 0.0556640625
0 0.7294921875 0.5107421875 0.02734375 0.0712890625
0 0.744140625 0.478515625 0.02734375 0.037109375
0 0.673828125 0.556640625 0.0322265625 0.0712890625
0 0.646484375 0.486328125 0.044921875 0.05859375
0 0.7705078125 0.5439453125 0.037109375 0.0625
0 0.6845703125 0.44921875 0.03125 0.0478515625
1 0.44140625 0.517578125 0.0322265625 0.0625
0 0.669921875 0.681640625 0.0419921875 0.068359375
0 0.712890625 0.2666015625 0.0322265625 0.0478515625
0 0.685546875 0.3427734375 0.02734375 0.0576171875
0 0.623046875 0.271484375 0.02734375 0.0498046875
0 0.7080078125 0.6220703125 0.046875 0.0498046875
0 0.712890625 0.396484375 0.037109375 0.0556640625
0 0.6298828125 0.3505859375 0.02734375 0.05078125
0 0.5234375 0.3935546875 0.02734375 0.0498046875
0 0.2646484375 0.494140625 0.029296875 0.0634765625
0 0.876953125 0.5068359375 0.04296875 0.0791015625
0 0.5048828125 0.6435546875 0.0341796875 0.0654296875
0 0.7939453125 0.677734375 0.0556640625 0.0634765625