0 0.330078125 0.5146484375 0.0341796875 0.0634765625
0 0.349609375 0.439453125 0.03125 0.05078125
0 0.4423828125 0.2666015625 0.03125 0.0478515625
0 0.3642578125 0.650390625 0.0498046875 0.06640625
0 0.298828125 0.5390625 0.0390625 0.078125
0 0.365234375 0.5439453125 0.0556640625 0.0625
0 0.3388671875 0.5908203125 0.0400390625 0.0712890625
0 0.419921875 0.4892578125 0.05859375 0.05859375
1 0.669921875 0.4794921875 0.021484375 0.07421875
0 0.400390625 0.3544921875 0.0498046875 0.0498046875
0 0.8203125 0.3662109375 0.037109375 0.0546875
0 0.7138671875 0.275390625 0.02734375 0.0546875
0 0.779296875 0.5693359375 0.0341796875 0.0703125
0 0.5859375 0.435546875 0.0244140625 0.076171875
0 0.7001953125 0.669921875 0.0341796875 0.060546875
0 0.1689453125 0.4013671875 0.0244140625 0.068359375
0 0.421875 0.525390625 0.068359375 0.06640625
0 0.20703125 0.486328125 0.029296875 0.0791015625
0 0.583984375 0.3681640625 0.029296875 0.0576171875
0 0.4287109375 0.4501953125 0.0478515625 0.05859375
0 0.517578125 0.5751953125 0.037109375 0.078125