0 0.5888671875 0.5107421875 0.046875 0.05859375
0 0.5859375 0.4658203125 0.04296875 0.03125
0 0.626953125 0.427734375 0.0341796875 0.046875
0 0.53515625 0.46875 0.05078125 0.046875
0 0.556640625 0.4248046875 0.04296875 0.0498046875
0 0.517578125 0.5 0.0478515625 0.046875
0 0.6181640625 0.458984375 0.0390625 0.05078125
0 0.5673828125 0.3828125 0.0341796875 0.052734375
1 0.337890625 0.466796875 0.0390625 0.0576171875
0 0.662109375 0.423828125 0.0400390625 0.05859375
0 0.501953125 0.5302734375 0.0546875 0.0634765625
0 0.74609375 0.46484375 0.0322265625 0.0791015625
0 0.080078125 0.494140625 0.0322265625 0.068359375
0 0.4140625 0.330078125 0.02734375 0.0556640625
0 0.66796875 0.2724609375 0.0390625 0.0576171875
0 0.42578125 0.6396484375 0.0419921875 0.0703125
0 0.791015625 0.451171875 0.037109375 0.068359375
0 0.572265625 0.2744140625 0.03125 0.0546875
0 0.4130859375 0.4833984375 0.03515625 0.0634765625
0 0.69921875 0.3408203125 0.0419921875 0.05859375
0 0.470703125 0.41796875 0.029296875 0.0634765625
0 0.552734375 0.6328125 0.0576171875 0.0810546875