0 0.251953125 0.4580078125 0.046875 0.0556640625
0 0.2998046875 0.4931640625 0.02734375 0.0634765625
0 0.328125 0.5302734375 0.037109375 0.060546875
0 0.1396484375 0.5 0.03515625 0.07421875
0 0.2724609375 0.4755859375 0.0419921875 0.0576171875
0 0.361328125 0.564453125 0.0546875 0.0634765625
0 0.1298828125 0.5419921875 0.04296875 0.0556640625
0 0.267578125 0.361328125 0.0322265625 0.052734375
0 0.341796875 0.609375 0.0390625 0.0654296875
0 0.8115234375 0.3466796875 0.029296875 0.0712890625
0 0.353515625 0.482421875 0.046875 0.068359375
0 0.365234375 0.4404296875 0.046875 0.0556640625
0 0.255859375 0.5458984375 0.0390625 0.06640625
0 0.501953125 0.267578125 0.029296875 0.0556640625
1 0.5556640625 0.5009765625 0.0390625 0.0732421875
0 0.8037109375 0.5263671875 0.0390625 0.0712890625
0 0.4921875 0.3984375 0.0400390625 0.05859375
0 0.498046875 0.4736328125 0.03515625 0.0625
0 0.431640625 0.6259765625 0.037109375 0.076171875
0 0.4619140625 0.5302734375 0.03515625 0.06640625