0 0.58984375 0.46484375 0.0419921875 0.0322265625
0 0.591796875 0.5107421875 0.044921875 0.05859375
0 0.62890625 0.427734375 0.03515625 0.044921875
0 0.5009765625 0.525390625 0.05078125 0.0703125
0 0.55859375 0.427734375 0.05078125 0.0478515625
0 0.6220703125 0.4580078125 0.04296875 0.0498046875
0 0.416015625 0.478515625 0.02734375 0.07421875
0 0.5400390625 0.4697265625 0.0478515625 0.0478515625
0 0.51953125 0.5 0.044921875 0.0498046875
1 0.341796875 0.466796875 0.037109375 0.060546875
0 0.7529296875 0.46484375 0.0244140625 0.076171875
0 0.576171875 0.275390625 0.03125 0.0556640625
0 0.439453125 0.443359375 0.0322265625 0.06640625
0 0.083984375 0.494140625 0.0341796875 0.0703125
0 0.6689453125 0.421875 0.0341796875 0.0654296875
0 0.6708984375 0.271484375 0.0390625 0.060546875
0 0.470703125 0.373046875 0.03125 0.0576171875
0 0.416015625 0.330078125 0.029296875 0.0576171875
0 0.7021484375 0.33984375 0.0419921875 0.060546875
0 0.43359375 0.638671875 0.0419921875 0.0703125
0 0.794921875 0.451171875 0.037109375 0.0712890625
0 0.5546875 0.6328125 0.0556640625 0.0810546875