0 0.390625 0.521484375 0.052734375 0.06640625
0 0.349609375 0.46484375 0.05859375 0.044921875
0 0.349609375 0.5693359375 0.0546875 0.076171875
0 0.1337890625 0.509765625 0.0390625 0.1044921875
0 0.4921875 0.6142578125 0.0625 0.0712890625
0 0.3056640625 0.595703125 0.0576171875 0.083984375
0 0.591796875 0.2939453125 0.037109375 0.0712890625
0 0.470703125 0.48828125 0.0791015625 0.0576171875
0 0.892578125 0.5732421875 0.0419921875 0.1025390625
0 0.4462890625 0.4345703125 0.0478515625 0.0810546875
1 0.712890625 0.5009765625 0.044921875 0.1015625
0 0.548828125 0.6396484375 0.0498046875 0.0888671875
0 0.306640625 0.455078125 0.0556640625 0.0712890625
0 0.91015625 0.380859375 0.05078125 0.0869140625
0 0.326171875 0.2978515625 0.052734375 0.08203125
0 0.46875 0.5380859375 0.068359375 0.0634765625
0 0.5673828125 0.48828125 0.04296875 0.0859375
0 0.634765625 0.5283203125 0.0478515625 0.083984375