0 0.3662109375 0.490234375 0.0546875 0.04296875
0 0.3916015625 0.5205078125 0.0478515625 0.0654296875
0 0.3505859375 0.4638671875 0.0576171875 0.0400390625
0 0.134765625 0.5087890625 0.037109375 0.1044921875
0 0.34765625 0.568359375 0.0546875 0.07421875
0 0.4404296875 0.439453125 0.0498046875 0.0703125
0 0.306640625 0.595703125 0.05859375 0.0810546875
0 0.490234375 0.6123046875 0.05859375 0.07421875
0 0.4697265625 0.490234375 0.08203125 0.0546875
0 0.58984375 0.2939453125 0.0390625 0.0712890625
0 0.4697265625 0.5380859375 0.0791015625 0.06640625
0 0.546875 0.6396484375 0.0498046875 0.0888671875
0 0.306640625 0.455078125 0.0556640625 0.0712890625
0 0.876953125 0.5791015625 0.0478515625 0.0947265625
1 0.712890625 0.5048828125 0.046875 0.09375
0 0.9091796875 0.380859375 0.0498046875 0.0869140625
0 0.6337890625 0.5283203125 0.0478515625 0.083984375
0 0.326171875 0.296875 0.0546875 0.083984375
0 0.56640625 0.48828125 0.044921875 0.0859375