0 0.728515625 0.490234375 0.0390625 0.0419921875
0 0.748046875 0.5537109375 0.0400390625 0.0546875
0 0.646484375 0.53125 0.052734375 0.068359375
1 0.4404296875 0.517578125 0.0341796875 0.060546875
0 0.2783203125 0.4921875 0.0244140625 0.0712890625
0 0.716796875 0.263671875 0.03125 0.05078125
0 0.625 0.271484375 0.02734375 0.0498046875
0 0.697265625 0.34375 0.0322265625 0.0625
0 0.634765625 0.3505859375 0.029296875 0.0546875
0 0.6484375 0.4677734375 0.0498046875 0.044921875
0 0.583984375 0.4775390625 0.0400390625 0.0634765625
0 0.7392578125 0.3916015625 0.046875 0.0634765625
0 0.6708984375 0.681640625 0.0419921875 0.0703125
0 0.52734375 0.3955078125 0.0322265625 0.046875
0 0.748046875 0.623046875 0.044921875 0.07421875
0 0.8740234375 0.50390625 0.0390625 0.0888671875
0 0.654296875 0.560546875 0.0478515625 0.0703125
0 0.7958984375 0.677734375 0.0634765625 0.076171875
0 0.509765625 0.642578125 0.0400390625 0.068359375