0 0.4033203125 0.4755859375 0.0595703125 0.08203125
0 0.2939453125 0.44140625 0.0341796875 0.08203125
0 0.2236328125 0.474609375 0.0390625 0.083984375
0 0.140625 0.41796875 0.033203125 0.0703125
0 0.5458984375 0.5703125 0.0625 0.0888671875
0 0.26953125 0.443359375 0.0390625 0.08203125
0 0.7626953125 0.6640625 0.056640625 0.087890625
0 0.171875 0.4755859375 0.0556640625 0.083984375
0 0.466796875 0.4560546875 0.0390625 0.07421875
1 0.2451171875 0.328125 0.0361328125 0.0556640625
0 0.5625 0.462890625 0.0390625 0.07421875
0 0.7294921875 0.4697265625 0.0390625 0.08203125
1 0.1396484375 0.703125 0.041015625 0.1005859375
0 0.7109375 0.6796875 0.056640625 0.095703125
0 0.7939453125 0.451171875 0.06640625 0.0634765625
0 0.87109375 0.517578125 0.0654296875 0.0771484375