0 0.45703125 0.3642578125 0.046875 0.0498046875
0 0.494140625 0.431640625 0.05078125 0.08203125
0 0.4365234375 0.4306640625 0.05078125 0.0966796875
0 0.8349609375 0.3125 0.0458984375 0.07421875
0 0.9619140625 0.3330078125 0.0478515625 0.0712890625
0 0.8828125 0.4677734375 0.0498046875 0.0732421875
0 0.212890625 0.46484375 0.037109375 0.078125
0 0.677734375 0.37109375 0.0341796875 0.0849609375
0 0.85546875 0.6640625 0.0439453125 0.046875
0 0.900390625 0.529296875 0.0615234375 0.0947265625
0 0.896484375 0.6484375 0.041015625 0.080078125
1 0.09375 0.3115234375 0.03515625 0.091796875
0 0.189453125 0.3876953125 0.0390625 0.099609375
0 0.94140625 0.3994140625 0.05078125 0.091796875
0 0.419921875 0.376953125 0.05859375 0.078125
0 0.5283203125 0.435546875 0.0546875 0.09375