0 0.6455078125 0.53125 0.07421875 0.0556640625
0 0.7158203125 0.4951171875 0.0625 0.0625
0 0.8037109375 0.45703125 0.0390625 0.0859375
0 0.9775390625 0.556640625 0.0419921875 0.1103515625
0 0.78125 0.4931640625 0.0556640625 0.076171875
0 0.796875 0.5546875 0.046875 0.0966796875
0 0.759765625 0.6123046875 0.091796875 0.0966796875
0 0.923828125 0.5380859375 0.05859375 0.09765625
0 0.642578125 0.4716796875 0.0576171875 0.08984375
0 0.646484375 0.6396484375 0.0576171875 0.1015625
0 0.5869140625 0.486328125 0.0546875 0.091796875
0 0.1259765625 0.615234375 0.0546875 0.10546875
0 0.619140625 0.5869140625 0.068359375 0.091796875
0 0.275390625 0.4169921875 0.0546875 0.0966796875
1 0.287109375 0.5283203125 0.052734375 0.1025390625
0 0.4052734375 0.53125 0.076171875 0.09375
0 0.451171875 0.5810546875 0.05859375 0.10546875