0 0.654296875 0.4619140625 0.0517578125 0.0849609375
0 0.591796875 0.5390625 0.0546875 0.0859375
0 0.404296875 0.462890625 0.0361328125 0.07421875
0 0.7138671875 0.3037109375 0.0419921875 0.0625
0 0.677734375 0.5107421875 0.0419921875 0.08203125
0 0.5791015625 0.50390625 0.0390625 0.0625
0 0.4189453125 0.306640625 0.02734375 0.06640625
0 0.8447265625 0.501953125 0.0380859375 0.08203125
0 0.6669921875 0.576171875 0.0576171875 0.09375
0 0.875 0.5390625 0.0546875 0.107421875
0 0.12890625 0.5498046875 0.03515625 0.0986328125
0 0.5849609375 0.603515625 0.068359375 0.0859375
0 0.5263671875 0.59375 0.0693359375 0.08203125
0 0.3984375 0.544921875 0.041015625 0.0927734375
1 0.291015625 0.5263671875 0.05078125 0.0966796875
0 0.2470703125 0.4140625 0.03125 0.0859375
0 0.68359375 0.3671875 0.0576171875 0.064453125
0 0.3203125 0.619140625 0.03515625 0.08984375
0 0.4443359375 0.3583984375 0.0390625 0.0654296875