0 0.2001953125 0.6728515625 0.03125 0.044921875
0 0.345703125 0.296875 0.03125 0.0556640625
0 0.529296875 0.38671875 0.0400390625 0.0703125
0 0.4580078125 0.412109375 0.03125 0.0576171875
0 0.345703125 0.4619140625 0.0400390625 0.08203125
0 0.5888671875 0.451171875 0.0400390625 0.0810546875
0 0.3837890625 0.306640625 0.044921875 0.0712890625
0 0.455078125 0.478515625 0.0419921875 0.091796875
0 0.4287109375 0.5322265625 0.044921875 0.0859375
0 0.669921875 0.46484375 0.03515625 0.0859375
0 0.314453125 0.4375 0.046875 0.0712890625
0 0.2353515625 0.3818359375 0.0419921875 0.0732421875
1 0.134765625 0.4033203125 0.037109375 0.083984375
0 0.8271484375 0.419921875 0.0634765625 0.0888671875
0 0.74609375 0.4599609375 0.05078125 0.0732421875
0 0.400390625 0.4423828125 0.0478515625 0.08984375
0 0.4951171875 0.423828125 0.046875 0.0859375
0 0.3486328125 0.521484375 0.0498046875 0.0732421875
0 0.62890625 0.482421875 0.06640625 0.0869140625
0 0.55078125 0.4560546875 0.0576171875 0.0869140625