0 0.9267578125 0.4599609375 0.0341796875 0.03515625
0 0.1572265625 0.23828125 0.044921875 0.03515625
0 0.923828125 0.5732421875 0.0712890625 0.0966796875
0 0.123046875 0.349609375 0.0478515625 0.0634765625
0 0.509765625 0.478515625 0.052734375 0.060546875
0 0.060546875 0.2451171875 0.03125 0.052734375
0 0.4130859375 0.2705078125 0.0322265625 0.0556640625
0 0.369140625 0.5087890625 0.060546875 0.0791015625
0 0.4658203125 0.4033203125 0.046875 0.07421875
0 0.4326171875 0.4013671875 0.03125 0.078125
0 0.8681640625 0.4990234375 0.0546875 0.0859375
0 0.6337890625 0.4658203125 0.044921875 0.068359375
0 0.53125 0.248046875 0.0400390625 0.05859375
0 0.9697265625 0.484375 0.0576171875 0.0966796875
1 0.28125 0.45703125 0.0498046875 0.091796875
0 0.849609375 0.568359375 0.08203125 0.1015625
0 0.93359375 0.5078125 0.076171875 0.0869140625