0 0.48046875 0.4462890625 0.0390625 0.0478515625
0 0.458984375 0.517578125 0.05078125 0.0478515625
0 0.5419921875 0.5068359375 0.0400390625 0.0546875
0 0.2109375 0.373046875 0.0400390625 0.0546875
0 0.3251953125 0.322265625 0.04296875 0.0498046875
1 0.2353515625 0.443359375 0.0263671875 0.060546875
0 0.23046875 0.494140625 0.03515625 0.0576171875
0 0.357421875 0.34765625 0.0322265625 0.05078125
1 0.9267578125 0.505859375 0.0244140625 0.0732421875
0 0.3349609375 0.4033203125 0.0322265625 0.0498046875
0 0.341796875 0.4736328125 0.0341796875 0.052734375
0 0.6728515625 0.4619140625 0.0390625 0.0791015625
0 0.5771484375 0.314453125 0.0390625 0.0498046875
0 0.447265625 0.619140625 0.0400390625 0.06640625
0 0.568359375 0.3486328125 0.0478515625 0.0498046875
0 0.529296875 0.375 0.044921875 0.05859375
0 0.552734375 0.626953125 0.05859375 0.0654296875