0 0.548828125 0.431640625 0.0625 0.068359375
0 0.474609375 0.4228515625 0.0419921875 0.0888671875
0 0.5576171875 0.3779296875 0.0400390625 0.0498046875
0 0.376953125 0.353515625 0.0419921875 0.0810546875
0 0.556640625 0.3232421875 0.037109375 0.0712890625
0 0.47265625 0.3330078125 0.0390625 0.0625
0 0.583984375 0.326171875 0.037109375 0.0791015625
0 0.42578125 0.357421875 0.060546875 0.06640625
0 0.3935546875 0.416015625 0.0712890625 0.0654296875
0 0.7890625 0.3662109375 0.046875 0.076171875
0 0.6083984375 0.4140625 0.0634765625 0.07421875
0 0.623046875 0.3681640625 0.0322265625 0.0634765625
0 0.419921875 0.482421875 0.06640625 0.08984375
1 0.943359375 0.427734375 0.0322265625 0.099609375
0 0.5859375 0.470703125 0.068359375 0.0576171875
0 0.669921875 0.3955078125 0.03515625 0.0712890625
0 0.869140625 0.509765625 0.052734375 0.0966796875
0 0.716796875 0.453125 0.0576171875 0.083984375