0 0.447265625 0.482421875 0.052734375 0.05078125
1 0.1650390625 0.478515625 0.0263671875 0.0791015625
0 0.458984375 0.517578125 0.0654296875 0.05078125
0 0.4208984375 0.4501953125 0.060546875 0.0498046875
0 0.0751953125 0.3623046875 0.037109375 0.0625
0 0.578125 0.5234375 0.0498046875 0.0625
0 0.7578125 0.4775390625 0.037109375 0.0732421875
0 0.2529296875 0.298828125 0.0341796875 0.0576171875
0 0.267578125 0.45703125 0.0400390625 0.06640625
0 0.6865234375 0.4501953125 0.044921875 0.0869140625
0 0.474609375 0.5625 0.04296875 0.078125
0 0.4716796875 0.341796875 0.04296875 0.05859375
0 0.232421875 0.5283203125 0.0400390625 0.07421875
0 0.7041015625 0.623046875 0.06640625 0.0859375
0 0.302734375 0.5078125 0.0419921875 0.0712890625
0 0.390625 0.619140625 0.052734375 0.076171875
0 0.2705078125 0.373046875 0.0400390625 0.0634765625
0 0.396484375 0.2861328125 0.04296875 0.0625