0 0.3505859375 0.2998046875 0.0263671875 0.046875
1 0.244140625 0.43359375 0.01953125 0.0634765625
0 0.529296875 0.4755859375 0.0400390625 0.05078125
1 0.8916015625 0.369140625 0.0234375 0.05859375
0 0.451171875 0.4794921875 0.0400390625 0.0400390625
0 0.673828125 0.43359375 0.029296875 0.0546875
0 0.3349609375 0.484375 0.03515625 0.0556640625
0 0.462890625 0.412109375 0.037109375 0.037109375
0 0.5654296875 0.302734375 0.03125 0.0498046875
0 0.3798828125 0.62890625 0.037109375 0.0634765625
0 0.3828125 0.4443359375 0.037109375 0.060546875
0 0.19140625 0.373046875 0.029296875 0.0498046875
0 0.361328125 0.419921875 0.0322265625 0.05078125
0 0.3291015625 0.33984375 0.0234375 0.0576171875
0 0.56640625 0.345703125 0.0322265625 0.0556640625
0 0.015625 0.435546875 0.021484375 0.0654296875
0 0.4912109375 0.626953125 0.0419921875 0.068359375