0 0.44921875 0.4541015625 0.0576171875 0.0390625
0 0.373046875 0.490234375 0.0546875 0.09765625
0 0.3759765625 0.3828125 0.05078125 0.0966796875
0 0.443359375 0.498046875 0.0654296875 0.0859375
0 0.5166015625 0.4921875 0.076171875 0.0654296875
0 0.333984375 0.48046875 0.0732421875 0.09765625
0 0.826171875 0.58984375 0.05859375 0.11328125
0 0.3427734375 0.41796875 0.0859375 0.0791015625
0 0.6396484375 0.6806640625 0.0546875 0.09765625
0 0.16796875 0.400390625 0.0390625 0.10546875
0 0.3681640625 0.267578125 0.05078125 0.0966796875
0 0.5615234375 0.2802734375 0.0419921875 0.1015625