0 0.1162109375 0.59375 0.0634765625 0.0556640625
0 0.515625 0.44140625 0.0341796875 0.06640625
0 0.560546875 0.5537109375 0.0498046875 0.0859375
0 0.4208984375 0.529296875 0.0546875 0.0791015625
0 0.447265625 0.4619140625 0.0546875 0.0732421875
0 0.0224609375 0.4111328125 0.044921875 0.078125
0 0.509765625 0.5576171875 0.0634765625 0.078125
0 0.4912109375 0.482421875 0.0546875 0.08984375
0 0.6083984375 0.5517578125 0.0634765625 0.0869140625
0 0.109375 0.6337890625 0.05859375 0.0888671875
0 0.2861328125 0.478515625 0.046875 0.0869140625
0 0.466796875 0.5537109375 0.0634765625 0.091796875
1 0.779296875 0.283203125 0.03125 0.078125
0 0.2890625 0.576171875 0.046875 0.0869140625
0 0.3828125 0.529296875 0.0498046875 0.083984375
0 0.103515625 0.4091796875 0.0478515625 0.078125
0 0.7646484375 0.451171875 0.076171875 0.08203125
0 0.6005859375 0.498046875 0.0634765625 0.0732421875