0 0.470703125 0.4609375 0.0634765625 0.0966796875
0 0.34375 0.513671875 0.046875 0.0869140625
0 0.431640625 0.564453125 0.0634765625 0.09375
0 0.263671875 0.62890625 0.05078125 0.09765625
0 0.1337890625 0.64453125 0.05078125 0.091796875
0 0.486328125 0.546875 0.0576171875 0.0966796875
1 0.7255859375 0.2685546875 0.03515625 0.0869140625
0 0.072265625 0.47265625 0.0400390625 0.091796875
0 0.509765625 0.458984375 0.05859375 0.0947265625
0 0.4052734375 0.45703125 0.0634765625 0.091796875
0 0.244140625 0.564453125 0.0634765625 0.068359375
0 0.3759765625 0.5849609375 0.06640625 0.1103515625
0 0.732421875 0.4453125 0.052734375 0.1025390625