0 0.50390625 0.611328125 0.0322265625 0.0634765625
0 0.4853515625 0.5595703125 0.0478515625 0.02734375
0 0.724609375 0.5576171875 0.0498046875 0.0556640625
0 0.5390625 0.4951171875 0.0625 0.0498046875
0 0.4853515625 0.5830078125 0.05078125 0.037109375
0 0.30859375 0.564453125 0.044921875 0.0634765625
0 0.451171875 0.494140625 0.046875 0.05078125
0 0.6943359375 0.5205078125 0.044921875 0.0556640625
0 0.552734375 0.544921875 0.0478515625 0.0576171875
0 0.603515625 0.626953125 0.0712890625 0.05078125
0 0.455078125 0.54296875 0.0498046875 0.06640625
0 0.5712890625 0.576171875 0.0576171875 0.0498046875
0 0.193359375 0.5498046875 0.0322265625 0.09375
0 0.4765625 0.630859375 0.0556640625 0.0625
0 0.7275390625 0.615234375 0.0478515625 0.07421875
0 0.970703125 0.423828125 0.037109375 0.078125
0 0.62109375 0.296875 0.0322265625 0.0625
0 0.921875 0.650390625 0.0498046875 0.08203125
0 0.6513671875 0.4833984375 0.04296875 0.0732421875
0 0.376953125 0.3037109375 0.0498046875 0.06640625