0 0.5869140625 0.4462890625 0.044921875 0.029296875
0 0.353515625 0.455078125 0.0419921875 0.052734375
0 0.009765625 0.38671875 0.0185546875 0.060546875
0 0.337890625 0.4912109375 0.0419921875 0.06640625
0 0.505859375 0.4755859375 0.052734375 0.0419921875
0 0.564453125 0.4921875 0.04296875 0.0498046875
0 0.49609375 0.505859375 0.0478515625 0.0419921875
0 0.6240234375 0.6748046875 0.06640625 0.09375
0 0.5869140625 0.544921875 0.05078125 0.0546875
0 0.47265625 0.3623046875 0.0322265625 0.0556640625
0 0.505859375 0.4443359375 0.0576171875 0.0419921875
0 0.3505859375 0.5283203125 0.0478515625 0.0712890625
0 0.494140625 0.5458984375 0.0654296875 0.0546875
0 0.845703125 0.486328125 0.0390625 0.0712890625
0 0.4609375 0.6826171875 0.04296875 0.083984375
0 0.59375 0.3623046875 0.04296875 0.05859375