0 0.55078125 0.326171875 0.03515625 0.0576171875
0 0.3359375 0.4228515625 0.02734375 0.0546875
0 0.3408203125 0.51171875 0.0341796875 0.076171875
0 0.2958984375 0.5234375 0.05078125 0.0654296875
0 0.388671875 0.5517578125 0.03515625 0.078125
0 0.3173828125 0.427734375 0.0341796875 0.0576171875
0 0.79296875 0.6650390625 0.044921875 0.060546875
0 0.921875 0.3603515625 0.0341796875 0.060546875
0 0.6962890625 0.564453125 0.03515625 0.0556640625
0 0.380859375 0.4755859375 0.0546875 0.060546875
0 0.478515625 0.3115234375 0.029296875 0.0634765625
0 0.5498046875 0.4599609375 0.0341796875 0.0703125
0 0.5693359375 0.662109375 0.044921875 0.0703125
0 0.728515625 0.5439453125 0.05078125 0.05859375
0 0.9697265625 0.525390625 0.0478515625 0.06640625