0 0.4931640625 0.482421875 0.029296875 0.0634765625
0 0.4619140625 0.509765625 0.0576171875 0.078125
0 0.5234375 0.5458984375 0.0400390625 0.0859375
0 0.361328125 0.740234375 0.0390625 0.0810546875
0 0.4150390625 0.517578125 0.0478515625 0.08984375
0 0.3271484375 0.537109375 0.044921875 0.083984375
0 0.5224609375 0.4560546875 0.0419921875 0.078125
0 0.6748046875 0.4775390625 0.0400390625 0.06640625
0 0.4208984375 0.7353515625 0.06640625 0.091796875
0 0.373046875 0.384765625 0.037109375 0.0654296875
0 0.4384765625 0.3837890625 0.0322265625 0.0703125
0 0.7041015625 0.498046875 0.060546875 0.07421875