0 0.513671875 0.4150390625 0.029296875 0.0576171875
0 0.5390625 0.3525390625 0.046875 0.0390625
0 0.4111328125 0.4404296875 0.0341796875 0.07421875
0 0.548828125 0.3974609375 0.0498046875 0.060546875
0 0.6533203125 0.3447265625 0.0654296875 0.0478515625
0 0.5732421875 0.45703125 0.07421875 0.060546875
0 0.666015625 0.455078125 0.044921875 0.0966796875
0 0.6357421875 0.3779296875 0.05859375 0.052734375
0 0.6474609375 0.2978515625 0.0390625 0.0546875
0 0.3525390625 0.3720703125 0.060546875 0.0966796875
0 0.552734375 0.4873046875 0.044921875 0.0810546875
0 0.5703125 0.3037109375 0.0556640625 0.0791015625
0 0.6162109375 0.4306640625 0.0703125 0.0634765625
0 0.48046875 0.4248046875 0.0634765625 0.07421875
0 0.4150390625 0.478515625 0.0732421875 0.091796875
0 0.708984375 0.369140625 0.05078125 0.08984375
0 0.505859375 0.64453125 0.0556640625 0.09765625
0 0.3525390625 0.642578125 0.0888671875 0.0888671875