0 0.451171875 0.4833984375 0.037109375 0.05078125
0 0.552734375 0.521484375 0.044921875 0.0400390625
0 0.54296875 0.447265625 0.0546875 0.046875
0 0.458984375 0.447265625 0.0390625 0.0390625
0 0.9482421875 0.3759765625 0.021484375 0.0791015625
0 0.572265625 0.5908203125 0.037109375 0.09375
0 0.4658203125 0.53515625 0.0498046875 0.06640625
0 0.5439453125 0.486328125 0.0498046875 0.044921875
0 0.232421875 0.494140625 0.0234375 0.0810546875
0 0.69921875 0.517578125 0.03515625 0.07421875
0 0.95703125 0.541015625 0.0419921875 0.08203125
0 0.4306640625 0.3681640625 0.0419921875 0.06640625
0 0.404296875 0.458984375 0.03125 0.068359375
0 0.6689453125 0.4619140625 0.0400390625 0.0634765625
0 0.5205078125 0.294921875 0.03125 0.0546875
0 0.6044921875 0.361328125 0.02734375 0.0634765625
0 0.4658203125 0.578125 0.052734375 0.083984375
0 0.44140625 0.291015625 0.0419921875 0.060546875