0 0.7822265625 0.5390625 0.0732421875 0.083984375
0 0.60546875 0.5419921875 0.0703125 0.130859375
1 0.009765625 0.4345703125 0.01953125 0.130859375
0 0.6201171875 0.458984375 0.0556640625 0.05859375
0 0.4833984375 0.5283203125 0.0546875 0.09375
0 0.767578125 0.4736328125 0.060546875 0.0654296875
0 0.5732421875 0.4736328125 0.0654296875 0.099609375
0 0.947265625 0.44921875 0.083984375 0.1044921875
0 0.6708984375 0.537109375 0.076171875 0.14453125
0 0.53515625 0.544921875 0.0703125 0.1416015625
0 0.4697265625 0.6171875 0.076171875 0.1494140625
0 0.41015625 0.58984375 0.0947265625 0.14453125
0 0.369140625 0.51171875 0.08984375 0.1259765625