0 0.5390625 0.56640625 0.0498046875 0.03515625
1 0.990234375 0.5927734375 0.0185546875 0.0859375
0 0.451171875 0.515625 0.0400390625 0.02734375
0 0.537109375 0.5205078125 0.0498046875 0.046875
0 0.4443359375 0.572265625 0.0478515625 0.0419921875
0 0.443359375 0.541015625 0.0419921875 0.03515625
0 0.283203125 0.515625 0.0390625 0.0400390625
1 0.9462890625 0.462890625 0.0322265625 0.07421875
0 0.42578125 0.634765625 0.0576171875 0.06640625
0 0.451171875 0.4775390625 0.037109375 0.0546875
0 0.54296875 0.6279296875 0.0634765625 0.0810546875
0 0.265625 0.5576171875 0.046875 0.068359375
0 0.224609375 0.478515625 0.0341796875 0.068359375
0 0.3251953125 0.3955078125 0.03125 0.05859375
0 0.5693359375 0.4873046875 0.03515625 0.0625
0 0.5419921875 0.3974609375 0.046875 0.0576171875
0 0.796875 0.544921875 0.0400390625 0.0732421875