0 0.5712890625 0.427734375 0.0322265625 0.1044921875
0 0.529296875 0.443359375 0.046875 0.125
0 0.783203125 0.466796875 0.0400390625 0.107421875
0 0.4853515625 0.4501953125 0.05078125 0.099609375
1 0.583984375 0.2724609375 0.0322265625 0.0791015625
0 0.802734375 0.4423828125 0.04296875 0.10546875
0 0.609375 0.44140625 0.03125 0.1201171875
0 0.294921875 0.48046875 0.03515625 0.1103515625
0 0.197265625 0.478515625 0.0322265625 0.1123046875
0 0.466796875 0.4892578125 0.0546875 0.1181640625
0 0.677734375 0.349609375 0.0390625 0.099609375
0 0.2880859375 0.3115234375 0.0322265625 0.0947265625
0 0.783203125 0.34765625 0.0341796875 0.091796875
0 0.244140625 0.4365234375 0.044921875 0.107421875
0 0.740234375 0.4140625 0.03515625 0.109375
0 0.2001953125 0.3037109375 0.0341796875 0.0947265625
0 0.7314453125 0.599609375 0.052734375 0.12890625