0 0.4482421875 0.505859375 0.0400390625 0.0390625
0 0.4150390625 0.529296875 0.03515625 0.1025390625
0 0.0107421875 0.333984375 0.021484375 0.099609375
0 0.24609375 0.4072265625 0.0322265625 0.0791015625
0 0.40234375 0.419921875 0.0478515625 0.099609375
0 0.373046875 0.41015625 0.0390625 0.1044921875
0 0.9296875 0.6474609375 0.04296875 0.107421875
0 0.18359375 0.4150390625 0.0390625 0.09765625
0 0.87890625 0.455078125 0.0322265625 0.0966796875
0 0.5517578125 0.46484375 0.03125 0.107421875
0 0.3212890625 0.4580078125 0.0390625 0.099609375
0 0.24609375 0.484375 0.0419921875 0.10546875
0 0.6416015625 0.451171875 0.03515625 0.10546875
0 0.8828125 0.552734375 0.0498046875 0.109375