0 0.310546875 0.373046875 0.1044921875 0.177734375
0 0.958984375 0.45703125 0.078125 0.1416015625
0 0.458984375 0.302734375 0.091796875 0.1640625
0 0.0693359375 0.337890625 0.1103515625 0.2373046875
0 0.56640625 0.328125 0.091796875 0.21875
0 0.681640625 0.4111328125 0.140625 0.2587890625
0 0.798828125 0.287109375 0.09765625 0.130859375
0 0.2236328125 0.595703125 0.1591796875 0.3125
0 0.3466796875 0.56640625 0.1025390625 0.25390625
0 0.173828125 0.396484375 0.109375 0.25390625
0 0.5517578125 0.54296875 0.177734375 0.2509765625