0 0.5205078125 0.3720703125 0.0654296875 0.115234375
0 0.517578125 0.3046875 0.0703125 0.068359375
0 0.5888671875 0.5009765625 0.0810546875 0.1171875
0 0.6708984375 0.328125 0.0634765625 0.130859375
0 0.4990234375 0.4404296875 0.0859375 0.140625
0 0.623046875 0.3369140625 0.0576171875 0.1357421875
0 0.6376953125 0.455078125 0.0810546875 0.130859375
0 0.4423828125 0.54296875 0.109375 0.0859375
0 0.5361328125 0.5087890625 0.0869140625 0.14453125
0 0.751953125 0.4736328125 0.0947265625 0.130859375
0 0.412109375 0.310546875 0.052734375 0.138671875
0 0.4111328125 0.61328125 0.0625 0.169921875
0 0.1650390625 0.451171875 0.06640625 0.1640625