0 0.595703125 0.4833984375 0.03125 0.0478515625
0 0.595703125 0.68359375 0.0732421875 0.0859375
0 0.564453125 0.458984375 0.046875 0.037109375
0 0.5908203125 0.451171875 0.04296875 0.0400390625
0 0.4716796875 0.50390625 0.0556640625 0.0634765625
0 0.2783203125 0.3486328125 0.03125 0.0556640625
0 0.4921875 0.4736328125 0.04296875 0.0400390625
0 0.5947265625 0.5390625 0.0478515625 0.07421875
0 0.4775390625 0.541015625 0.060546875 0.0634765625
0 0.822265625 0.5029296875 0.052734375 0.078125
0 0.3134765625 0.4697265625 0.0419921875 0.0419921875
0 0.4599609375 0.685546875 0.05078125 0.06640625
0 0.30859375 0.513671875 0.044921875 0.0703125
0 0.4970703125 0.439453125 0.0400390625 0.037109375
0 0.4990234375 0.564453125 0.076171875 0.0810546875
0 0.2001953125 0.453125 0.04296875 0.0654296875
0 0.5927734375 0.359375 0.0576171875 0.05859375