0 0.3994140625 0.38671875 0.05078125 0.0595703125
0 0.1767578125 0.4375 0.0556640625 0.078125
0 0.30859375 0.421875 0.0400390625 0.0419921875
0 0.2431640625 0.5029296875 0.0419921875 0.0673828125
0 0.2490234375 0.4580078125 0.0419921875 0.04296875
0 0.3974609375 0.4169921875 0.0361328125 0.060546875
0 0.310546875 0.392578125 0.0390625 0.041015625
0 0.294921875 0.46484375 0.0537109375 0.072265625
0 0.4931640625 0.6484375 0.0517578125 0.078125
0 0.326171875 0.5029296875 0.044921875 0.0830078125
0 0.4296875 0.3447265625 0.05859375 0.064453125
0 0.666015625 0.28515625 0.044921875 0.05078125
0 0.341796875 0.46484375 0.0400390625 0.0712890625
0 0.4775390625 0.2861328125 0.052734375 0.060546875
0 0.361328125 0.443359375 0.0654296875 0.0703125
0 0.6865234375 0.3505859375 0.033203125 0.05859375
0 0.6201171875 0.396484375 0.0458984375 0.0673828125
0 0.283203125 0.6396484375 0.068359375 0.0732421875
0 0.509765625 0.5126953125 0.03515625 0.078125