0 0.53515625 0.427734375 0.0576171875 0.0576171875
0 0.560546875 0.5 0.060546875 0.0712890625
0 0.455078125 0.541015625 0.05078125 0.1123046875
0 0.525390625 0.5302734375 0.0625 0.1103515625
0 0.404296875 0.4423828125 0.0576171875 0.10546875
0 0.4541015625 0.431640625 0.0576171875 0.0966796875
0 0.345703125 0.48046875 0.0859375 0.1103515625
0 0.599609375 0.4970703125 0.06640625 0.109375
0 0.580078125 0.5703125 0.076171875 0.125
0 0.658203125 0.4482421875 0.068359375 0.10546875
0 0.736328125 0.5 0.0703125 0.1123046875
0 0.2099609375 0.494140625 0.0888671875 0.1103515625