0 0.57421875 0.53515625 0.05078125 0.060546875
0 0.5205078125 0.4892578125 0.037109375 0.0498046875
0 0.583984375 0.4794921875 0.0400390625 0.037109375
0 0.4912109375 0.521484375 0.044921875 0.0390625
0 0.388671875 0.5029296875 0.0322265625 0.0556640625
0 0.3662109375 0.5263671875 0.0390625 0.0654296875
0 0.4775390625 0.5537109375 0.0546875 0.05078125
0 0.5556640625 0.40625 0.029296875 0.046875
0 0.50390625 0.470703125 0.029296875 0.0478515625
0 0.5869140625 0.603515625 0.060546875 0.06640625
0 0.431640625 0.6904296875 0.04296875 0.0712890625
0 0.5322265625 0.69140625 0.0634765625 0.076171875
0 0.7734375 0.5146484375 0.037109375 0.060546875
0 0.6572265625 0.40625 0.0478515625 0.0556640625
0 0.458984375 0.6083984375 0.0419921875 0.060546875