0 0.5146484375 0.3896484375 0.0234375 0.0322265625
0 0.5517578125 0.400390625 0.0400390625 0.0625
0 0.53515625 0.439453125 0.0390625 0.06640625
0 0.3369140625 0.677734375 0.03515625 0.0400390625
0 0.330078125 0.326171875 0.029296875 0.052734375
0 0.634765625 0.42578125 0.03515625 0.0634765625
0 0.501953125 0.443359375 0.03125 0.060546875
0 0.3837890625 0.685546875 0.029296875 0.029296875
1 0.9931640625 0.478515625 0.013671875 0.076171875
1 0.91796875 0.373046875 0.01953125 0.0654296875
0 0.447265625 0.4326171875 0.0400390625 0.0654296875
0 0.3662109375 0.322265625 0.0322265625 0.052734375
0 0.1376953125 0.396484375 0.0341796875 0.060546875
0 0.099609375 0.4521484375 0.0419921875 0.06640625
0 0.2080078125 0.38671875 0.046875 0.0634765625
0 0.095703125 0.5322265625 0.0341796875 0.06640625
0 0.244140625 0.5341796875 0.0546875 0.07421875