0 0.513671875 0.4873046875 0.05078125 0.083984375
0 0.3271484375 0.44921875 0.029296875 0.06640625
0 0.482421875 0.3916015625 0.0341796875 0.060546875
0 0.59375 0.3330078125 0.0341796875 0.0556640625
0 0.3056640625 0.4599609375 0.0419921875 0.076171875
0 0.45703125 0.416015625 0.0390625 0.0732421875
0 0.5419921875 0.4443359375 0.046875 0.0732421875
0 0.646484375 0.431640625 0.0400390625 0.0732421875
0 0.79296875 0.328125 0.029296875 0.0556640625
0 0.80859375 0.66796875 0.0419921875 0.1015625
0 0.892578125 0.6767578125 0.0400390625 0.09375
0 0.689453125 0.525390625 0.05078125 0.076171875
0 0.884765625 0.5537109375 0.060546875 0.0859375