0 0.9013671875 0.529296875 0.068359375 0.099609375
0 0.73046875 0.4609375 0.044921875 0.083984375
0 0.0498046875 0.3974609375 0.0498046875 0.060546875
0 0.904296875 0.474609375 0.0400390625 0.0859375
0 0.828125 0.5439453125 0.05859375 0.09375
0 0.4326171875 0.435546875 0.0556640625 0.091796875
0 0.072265625 0.40625 0.0634765625 0.083984375
0 0.779296875 0.474609375 0.060546875 0.04296875
0 0.107421875 0.470703125 0.05078125 0.0712890625
0 0.095703125 0.583984375 0.0498046875 0.1015625
0 0.7958984375 0.5302734375 0.060546875 0.1044921875
0 0.1630859375 0.5927734375 0.05078125 0.123046875