0 0.1484375 0.39453125 0.0625 0.1015625
0 0.052734375 0.5048828125 0.09765625 0.146484375
0 0.01953125 0.4140625 0.0390625 0.146484375
0 0.23828125 0.400390625 0.08203125 0.125
0 0.9697265625 0.2626953125 0.060546875 0.0869140625
0 0.931640625 0.7294921875 0.1201171875 0.1025390625
0 0.1328125 0.478515625 0.078125 0.14453125
0 0.2685546875 0.416015625 0.0869140625 0.14453125
0 0.466796875 0.4501953125 0.07421875 0.1435546875
0 0.0947265625 0.37890625 0.1015625 0.12890625
0 0.5234375 0.5126953125 0.09375 0.1591796875
0 0.4091796875 0.525390625 0.09375 0.15625
0 0.861328125 0.28125 0.0966796875 0.1181640625