0 0.5859375 0.4775390625 0.0400390625 0.06640625
0 0.5439453125 0.4912109375 0.037109375 0.06640625
0 0.5703125 0.384765625 0.02734375 0.0478515625
0 0.3779296875 0.419921875 0.037109375 0.068359375
0 0.4970703125 0.474609375 0.046875 0.0712890625
1 0.103515625 0.341796875 0.0244140625 0.068359375
0 0.5380859375 0.3935546875 0.0419921875 0.05859375
0 0.7001953125 0.390625 0.0341796875 0.052734375
0 0.6787109375 0.4345703125 0.0390625 0.0625
0 0.5986328125 0.435546875 0.0498046875 0.060546875
0 0.6162109375 0.591796875 0.0390625 0.078125
0 0.69921875 0.3095703125 0.0390625 0.0556640625
0 0.5712890625 0.646484375 0.044921875 0.0791015625
0 0.4404296875 0.4365234375 0.037109375 0.05078125
0 0.736328125 0.314453125 0.04296875 0.05078125
0 0.5283203125 0.634765625 0.05859375 0.07421875
0 0.3681640625 0.5869140625 0.0419921875 0.0732421875