0 0.48046875 0.4287109375 0.0390625 0.05078125
0 0.578125 0.447265625 0.0341796875 0.0703125
0 0.443359375 0.70703125 0.0634765625 0.0859375
0 0.0283203125 0.69140625 0.052734375 0.076171875
0 0.5087890625 0.3896484375 0.03515625 0.0390625
0 0.51953125 0.4765625 0.0546875 0.068359375
0 0.453125 0.474609375 0.0654296875 0.0625
0 0.560546875 0.4951171875 0.037109375 0.078125
0 0.470703125 0.5126953125 0.0732421875 0.07421875
0 0.3251953125 0.41796875 0.0400390625 0.0703125
0 0.052734375 0.37890625 0.037109375 0.0732421875
0 0.62109375 0.3427734375 0.0478515625 0.060546875
0 0.2802734375 0.4580078125 0.044921875 0.0712890625
0 0.818359375 0.466796875 0.0390625 0.068359375
0 0.3466796875 0.3359375 0.037109375 0.05859375
0 0.26953125 0.57421875 0.05078125 0.08203125
0 0.5302734375 0.6015625 0.060546875 0.08984375