1 0.615234375 0.291015625 0.0341796875 0.08203125
0 0.572265625 0.4248046875 0.0341796875 0.068359375
0 0.697265625 0.3828125 0.0341796875 0.0869140625
0 0.6025390625 0.4208984375 0.0419921875 0.0947265625
0 0.103515625 0.501953125 0.0498046875 0.1025390625
0 0.59765625 0.728515625 0.03515625 0.099609375
0 0.544921875 0.462890625 0.037109375 0.078125
0 0.431640625 0.4453125 0.0498046875 0.0810546875
0 0.6279296875 0.4541015625 0.04296875 0.107421875
0 0.7216796875 0.521484375 0.037109375 0.10546875
0 0.8837890625 0.357421875 0.05078125 0.0869140625
0 0.380859375 0.4443359375 0.0791015625 0.060546875
0 0.5107421875 0.484375 0.0498046875 0.08984375
0 0.7080078125 0.4228515625 0.046875 0.0859375
0 0.912109375 0.353515625 0.0419921875 0.0859375
0 0.662109375 0.4150390625 0.0419921875 0.091796875