0 0.4775390625 0.466796875 0.044921875 0.0859375
0 0.7626953125 0.41796875 0.0498046875 0.06640625
0 0.728515625 0.431640625 0.0390625 0.0625
0 0.787109375 0.4990234375 0.060546875 0.107421875
0 0.5146484375 0.4833984375 0.0634765625 0.1044921875
0 0.8115234375 0.453125 0.0634765625 0.078125
0 0.7216796875 0.5009765625 0.0810546875 0.1171875
0 0.037109375 0.388671875 0.0634765625 0.1044921875
0 0.1298828125 0.7138671875 0.0400390625 0.04296875
0 0.4169921875 0.4736328125 0.0625 0.115234375
0 0.2421875 0.3544921875 0.0625 0.09375