0 0.443359375 0.3583984375 0.03515625 0.0419921875
0 0.474609375 0.388671875 0.037109375 0.0400390625
1 0.0517578125 0.3134765625 0.0185546875 0.0546875
0 0.537109375 0.392578125 0.0390625 0.0546875
0 0.5205078125 0.4287109375 0.03125 0.05078125
0 0.517578125 0.3330078125 0.0341796875 0.04296875
0 0.529296875 0.455078125 0.02734375 0.0556640625
0 0.501953125 0.3095703125 0.0244140625 0.0400390625
0 0.8974609375 0.37890625 0.0263671875 0.0576171875
0 0.501953125 0.2666015625 0.0244140625 0.044921875
0 0.462890625 0.486328125 0.0419921875 0.05859375
0 0.4453125 0.26171875 0.03125 0.0478515625
0 0.341796875 0.380859375 0.03125 0.060546875
0 0.431640625 0.314453125 0.0263671875 0.046875
0 0.443359375 0.447265625 0.0390625 0.0576171875
0 0.4453125 0.6435546875 0.04296875 0.068359375
0 0.708984375 0.498046875 0.0322265625 0.0556640625
0 0.7587890625 0.6318359375 0.03515625 0.0634765625