0 0.455078125 0.4580078125 0.052734375 0.046875
0 0.501953125 0.4736328125 0.044921875 0.0654296875
0 0.271484375 0.455078125 0.0322265625 0.099609375
0 0.5595703125 0.4482421875 0.05859375 0.05859375
0 0.4521484375 0.43359375 0.0576171875 0.0478515625
0 0.576171875 0.4833984375 0.0576171875 0.0576171875
0 0.439453125 0.283203125 0.0419921875 0.07421875
0 0.5458984375 0.3994140625 0.05078125 0.0732421875
0 0.5908203125 0.53515625 0.078125 0.0732421875
0 0.462890625 0.515625 0.0654296875 0.07421875
0 0.400390625 0.341796875 0.0498046875 0.078125
0 0.7705078125 0.4951171875 0.0498046875 0.09375
0 0.724609375 0.4140625 0.0419921875 0.08984375
0 0.76171875 0.283203125 0.03515625 0.078125
0 0.498046875 0.65625 0.08203125 0.1025390625
0 0.4150390625 0.412109375 0.044921875 0.083984375
0 0.6298828125 0.662109375 0.0712890625 0.091796875
0 0.283203125 0.5087890625 0.0498046875 0.0888671875
0 0.6279296875 0.3408203125 0.03125 0.08984375