0 0.580078125 0.466796875 0.0546875 0.06640625
0 0.5234375 0.431640625 0.0654296875 0.083984375
0 0.533203125 0.5380859375 0.05859375 0.1103515625
0 0.55859375 0.318359375 0.0419921875 0.068359375
0 0.783203125 0.556640625 0.0498046875 0.11328125
0 0.599609375 0.3876953125 0.0859375 0.0869140625
0 0.3369140625 0.56640625 0.0732421875 0.1171875
0 0.494140625 0.615234375 0.0654296875 0.1259765625
0 0.458984375 0.419921875 0.0712890625 0.091796875
0 0.662109375 0.32421875 0.0556640625 0.091796875
0 0.322265625 0.3759765625 0.0498046875 0.08203125
0 0.2646484375 0.4912109375 0.06640625 0.1201171875
0 0.6689453125 0.4951171875 0.0625 0.1123046875
0 0.6435546875 0.5859375 0.083984375 0.1181640625
0 0.162109375 0.46875 0.05859375 0.10546875
0 0.4921875 0.501953125 0.078125 0.1171875
0 0.7431640625 0.4853515625 0.0732421875 0.1103515625
0 0.853515625 0.5322265625 0.083984375 0.1416015625