0 0.50390625 0.306640625 0.029296875 0.0341796875
0 0.4658203125 0.384765625 0.02734375 0.0498046875
0 0.517578125 0.427734375 0.029296875 0.044921875
0 0.4462890625 0.365234375 0.029296875 0.0419921875
0 0.5283203125 0.455078125 0.03125 0.0556640625
0 0.533203125 0.392578125 0.037109375 0.05078125
1 0.052734375 0.3134765625 0.01953125 0.0546875
0 0.447265625 0.412109375 0.0341796875 0.0576171875
0 0.46484375 0.486328125 0.0419921875 0.05859375
0 0.923828125 0.37109375 0.029296875 0.0546875
0 0.501953125 0.265625 0.0244140625 0.04296875
0 0.345703125 0.3798828125 0.0400390625 0.05859375
0 0.51171875 0.333984375 0.0419921875 0.0419921875
0 0.4462890625 0.2626953125 0.029296875 0.046875
0 0.4326171875 0.314453125 0.02734375 0.04296875
0 0.447265625 0.6435546875 0.04296875 0.068359375
0 0.443359375 0.451171875 0.0419921875 0.0498046875
0 0.759765625 0.630859375 0.037109375 0.0654296875
0 0.7099609375 0.498046875 0.0322265625 0.0556640625