0 0.4921875 0.453125 0.052734375 0.099609375
0 0.474609375 0.380859375 0.052734375 0.06640625
0 0.4130859375 0.484375 0.044921875 0.0966796875
0 0.3857421875 0.447265625 0.0498046875 0.1044921875
0 0.689453125 0.419921875 0.0556640625 0.1025390625
0 0.6943359375 0.4755859375 0.05078125 0.107421875
0 0.4228515625 0.5458984375 0.0576171875 0.1201171875
0 0.87890625 0.474609375 0.0478515625 0.1025390625
0 0.4609375 0.490234375 0.068359375 0.1103515625
0 0.3486328125 0.421875 0.052734375 0.09375
0 0.4267578125 0.416015625 0.0498046875 0.0654296875
0 0.5419921875 0.4091796875 0.068359375 0.0966796875
0 0.2646484375 0.4599609375 0.0703125 0.1044921875
0 0.318359375 0.3095703125 0.044921875 0.08984375
0 0.5078125 0.3037109375 0.0654296875 0.0859375
0 0.0302734375 0.5185546875 0.060546875 0.08984375
0 0.212890625 0.37109375 0.0625 0.0888671875