0 0.439453125 0.5244140625 0.0732421875 0.08203125
0 0.8154296875 0.3984375 0.04296875 0.052734375
1 0.7646484375 0.2587890625 0.0322265625 0.0732421875
0 0.869140625 0.44921875 0.046875 0.06640625
0 0.548828125 0.50390625 0.0478515625 0.08203125
0 0.474609375 0.439453125 0.0341796875 0.06640625
0 0.822265625 0.3154296875 0.05859375 0.0556640625
0 0.505859375 0.4482421875 0.0478515625 0.0712890625
0 0.8701171875 0.3212890625 0.037109375 0.060546875
0 0.853515625 0.6982421875 0.05078125 0.068359375
0 0.7705078125 0.404296875 0.0654296875 0.0654296875
0 0.642578125 0.5234375 0.0576171875 0.07421875
1 0.126953125 0.404296875 0.037109375 0.0703125
0 0.310546875 0.4814453125 0.0625 0.07421875