0 0.5791015625 0.4541015625 0.0546875 0.0390625
0 0.482421875 0.4453125 0.05078125 0.0400390625
0 0.57421875 0.4736328125 0.0546875 0.052734375
0 0.5595703125 0.529296875 0.0556640625 0.060546875
0 0.546875 0.55078125 0.05859375 0.06640625
1 0.576171875 0.248046875 0.037109375 0.05859375
0 0.375 0.361328125 0.02734375 0.078125
0 0.4599609375 0.505859375 0.05078125 0.05078125
0 0.6025390625 0.3056640625 0.029296875 0.0703125
0 0.4423828125 0.548828125 0.0556640625 0.0625
0 0.73828125 0.5166015625 0.0419921875 0.08203125
0 0.017578125 0.37109375 0.0322265625 0.08203125
0 0.26171875 0.5810546875 0.0390625 0.0966796875
0 0.5322265625 0.3095703125 0.0322265625 0.068359375
0 0.6318359375 0.353515625 0.0478515625 0.078125
0 0.255859375 0.51171875 0.04296875 0.08203125
0 0.62109375 0.392578125 0.05078125 0.0810546875
0 0.341796875 0.4248046875 0.0390625 0.078125