0 0.4189453125 0.462890625 0.05859375 0.0654296875
0 0.7177734375 0.4482421875 0.0546875 0.078125
0 0.4462890625 0.419921875 0.0576171875 0.052734375
0 0.390625 0.48046875 0.05859375 0.0546875
0 0.365234375 0.521484375 0.0625 0.0634765625
0 0.86328125 0.498046875 0.0576171875 0.1025390625
0 0.5791015625 0.369140625 0.0546875 0.1044921875
0 0.0283203125 0.5029296875 0.052734375 0.10546875
0 0.48828125 0.533203125 0.06640625 0.083984375
0 0.30859375 0.548828125 0.0859375 0.1015625
0 0.6181640625 0.3037109375 0.0732421875 0.08203125
0 0.7041015625 0.484375 0.0634765625 0.109375
0 0.2265625 0.4736328125 0.0556640625 0.0966796875
0 0.3212890625 0.4345703125 0.05078125 0.083984375
0 0.2939453125 0.365234375 0.05859375 0.0888671875
0 0.37890625 0.306640625 0.0478515625 0.0869140625