0 0.46875 0.4189453125 0.0380859375 0.0537109375
0 0.017578125 0.4716796875 0.0341796875 0.07421875
0 0.32421875 0.5166015625 0.0439453125 0.06640625
0 0.4912109375 0.376953125 0.03515625 0.0595703125
0 0.5712890625 0.478515625 0.044921875 0.0654296875
1 0.8916015625 0.3603515625 0.033203125 0.0830078125
0 0.4580078125 0.3818359375 0.0390625 0.0634765625
0 0.302734375 0.54296875 0.0390625 0.087890625
1 0.146484375 0.2568359375 0.0361328125 0.0732421875
0 0.455078125 0.4755859375 0.060546875 0.0849609375
0 0.5439453125 0.490234375 0.0400390625 0.0888671875
0 0.4169921875 0.4580078125 0.0576171875 0.087890625
0 0.6064453125 0.451171875 0.056640625 0.0947265625
0 0.337890625 0.419921875 0.0478515625 0.0869140625
1 0.9384765625 0.5068359375 0.046875 0.0791015625