0 0.455078125 0.4580078125 0.0390625 0.0498046875
0 0.4326171875 0.5146484375 0.0625 0.0390625
0 0.4267578125 0.4599609375 0.04296875 0.0732421875
0 0.7021484375 0.41015625 0.03515625 0.091796875
0 0.478515625 0.486328125 0.046875 0.0634765625
0 0.5478515625 0.513671875 0.06640625 0.0576171875
0 0.4306640625 0.5498046875 0.060546875 0.0712890625
0 0.728515625 0.4541015625 0.0419921875 0.091796875
0 0.76171875 0.505859375 0.03515625 0.1015625
0 0.5478515625 0.439453125 0.0703125 0.052734375
0 0.7236328125 0.298828125 0.03125 0.078125
0 0.365234375 0.443359375 0.04296875 0.0966796875
0 0.880859375 0.607421875 0.05859375 0.11328125
0 0.4599609375 0.296875 0.05078125 0.07421875
0 0.15234375 0.4814453125 0.0478515625 0.0810546875
0 0.5556640625 0.5634765625 0.0791015625 0.076171875
0 0.3671875 0.6103515625 0.0810546875 0.09765625