0 0.490234375 0.5009765625 0.0478515625 0.0546875
0 0.654296875 0.443359375 0.0546875 0.0732421875
0 0.568359375 0.466796875 0.08203125 0.06640625
0 0.560546875 0.4990234375 0.0576171875 0.0478515625
0 0.439453125 0.470703125 0.04296875 0.0654296875
0 0.5654296875 0.423828125 0.0869140625 0.060546875
0 0.4619140625 0.419921875 0.05078125 0.05078125
0 0.4853515625 0.44921875 0.05078125 0.0576171875
0 0.591796875 0.544921875 0.0732421875 0.07421875
0 0.4716796875 0.556640625 0.078125 0.09765625
0 0.822265625 0.2978515625 0.0322265625 0.08203125
0 0.91015625 0.57421875 0.05078125 0.1015625
0 0.6796875 0.4814453125 0.0498046875 0.09375
0 0.669921875 0.55078125 0.05078125 0.1015625
0 0.443359375 0.541015625 0.0576171875 0.08984375
0 0.1201171875 0.478515625 0.0498046875 0.0859375
0 0.451171875 0.2900390625 0.0546875 0.0732421875
0 0.482421875 0.3583984375 0.0576171875 0.08203125
0 0.595703125 0.365234375 0.04296875 0.078125