0 0.509765625 0.404296875 0.05078125 0.0341796875
0 0.494140625 0.3701171875 0.046875 0.037109375
0 0.466796875 0.4033203125 0.05078125 0.05859375
0 0.6572265625 0.3798828125 0.03515625 0.09375
0 0.427734375 0.482421875 0.0576171875 0.060546875
0 0.2890625 0.435546875 0.0498046875 0.083984375
0 0.263671875 0.3974609375 0.0556640625 0.0703125
0 0.400390625 0.427734375 0.07421875 0.052734375
0 0.2021484375 0.3154296875 0.0390625 0.0869140625
0 0.0498046875 0.6416015625 0.0556640625 0.0947265625
0 0.625 0.541015625 0.0712890625 0.083984375
0 0.53125 0.458984375 0.0625 0.0654296875
0 0.248046875 0.345703125 0.0400390625 0.05859375
0 0.3701171875 0.3671875 0.068359375 0.052734375
0 0.6298828125 0.3603515625 0.0400390625 0.0732421875
0 0.611328125 0.6357421875 0.0791015625 0.0966796875
0 0.3837890625 0.525390625 0.0390625 0.099609375
0 0.38671875 0.3935546875 0.06640625 0.0556640625
0 0.802734375 0.384765625 0.044921875 0.078125