0 0.7060546875 0.4638671875 0.0654296875 0.068359375
0 0.83984375 0.4501953125 0.0322265625 0.1123046875
0 0.6611328125 0.4912109375 0.078125 0.0791015625
0 0.609375 0.51171875 0.068359375 0.0732421875
0 0.85546875 0.4208984375 0.03515625 0.1015625
0 0.474609375 0.4287109375 0.03515625 0.08203125
0 0.5380859375 0.5205078125 0.0419921875 0.1181640625
0 0.345703125 0.4482421875 0.044921875 0.099609375
1 0.982421875 0.46875 0.03515625 0.12109375
0 0.458984375 0.5107421875 0.0634765625 0.078125
0 0.255859375 0.439453125 0.03125 0.1025390625
0 0.79296875 0.4912109375 0.0478515625 0.0888671875