1 0.373046875 0.462890625 0.0263671875 0.083984375
0 0.1796875 0.5546875 0.046875 0.1123046875
0 0.6455078125 0.513671875 0.0498046875 0.06640625
0 0.376953125 0.53125 0.037109375 0.099609375
0 0.5458984375 0.341796875 0.029296875 0.05078125
0 0.380859375 0.619140625 0.0400390625 0.107421875
0 0.5634765625 0.431640625 0.03515625 0.0703125
0 0.435546875 0.4716796875 0.037109375 0.0966796875
0 0.560546875 0.490234375 0.0556640625 0.0576171875
0 0.7646484375 0.345703125 0.0419921875 0.05859375
0 0.158203125 0.4609375 0.0400390625 0.09375
0 0.5166015625 0.5107421875 0.05078125 0.0712890625
0 0.5087890625 0.3857421875 0.029296875 0.0712890625
0 0.744140625 0.3974609375 0.0478515625 0.06640625
0 0.517578125 0.630859375 0.07421875 0.12109375
0 0.6318359375 0.564453125 0.0703125 0.099609375