0 0.5234375 0.4296875 0.02734375 0.0556640625
1 0.9892578125 0.3623046875 0.021484375 0.0810546875
0 0.4990234375 0.4853515625 0.0478515625 0.08203125
0 0.54296875 0.501953125 0.044921875 0.0966796875
0 0.5009765625 0.4404296875 0.044921875 0.078125
0 0.0234375 0.34375 0.046875 0.0712890625
0 0.462890625 0.4560546875 0.0341796875 0.078125
1 0.2978515625 0.25 0.0419921875 0.0556640625
0 0.060546875 0.4287109375 0.060546875 0.0791015625
0 0.5986328125 0.4423828125 0.04296875 0.078125
0 0.11328125 0.3798828125 0.0419921875 0.07421875
0 0.1162109375 0.4814453125 0.06640625 0.078125
0 0.228515625 0.447265625 0.05078125 0.0810546875
0 0.0341796875 0.5302734375 0.068359375 0.0791015625
0 0.392578125 0.458984375 0.04296875 0.0634765625
0 0.2265625 0.5810546875 0.0556640625 0.08984375
0 0.6806640625 0.47265625 0.0576171875 0.076171875