0 0.7041015625 0.451171875 0.0390625 0.078125
1 0.455078125 0.279296875 0.0263671875 0.0556640625
0 0.8251953125 0.541015625 0.052734375 0.08203125
0 0.8447265625 0.529296875 0.0478515625 0.091796875
0 0.251953125 0.3623046875 0.0546875 0.046875
0 0.916015625 0.482421875 0.0419921875 0.0869140625
0 0.2734375 0.6005859375 0.0400390625 0.0888671875
0 0.271484375 0.4208984375 0.0390625 0.0703125
0 0.4990234375 0.4521484375 0.0390625 0.076171875
0 0.7353515625 0.45703125 0.044921875 0.076171875
0 0.697265625 0.5009765625 0.052734375 0.08203125
0 0.5341796875 0.404296875 0.04296875 0.06640625