0 0.37890625 0.458984375 0.0419921875 0.05859375
0 0.302734375 0.5 0.0478515625 0.0869140625
1 0.166015625 0.298828125 0.03125 0.07421875
0 0.3720703125 0.521484375 0.0498046875 0.078125
1 0.861328125 0.3505859375 0.03515625 0.08203125
0 0.4150390625 0.521484375 0.044921875 0.076171875
0 0.0771484375 0.677734375 0.05078125 0.0966796875
0 0.7265625 0.46484375 0.0712890625 0.0888671875
0 0.4951171875 0.5205078125 0.052734375 0.078125
0 0.2744140625 0.478515625 0.0390625 0.091796875
0 0.4345703125 0.462890625 0.046875 0.0732421875
0 0.056640625 0.462890625 0.0625 0.0810546875