0 0.4765625 0.3818359375 0.0341796875 0.0478515625
0 0.640625 0.494140625 0.046875 0.0625
0 0.642578125 0.412109375 0.046875 0.060546875
0 0.2685546875 0.4853515625 0.02734375 0.08203125
0 0.708984375 0.3984375 0.02734375 0.0625
0 0.5361328125 0.46875 0.046875 0.0498046875
0 0.53515625 0.4326171875 0.044921875 0.037109375
0 0.5419921875 0.39453125 0.0498046875 0.0546875
0 0.63671875 0.357421875 0.0419921875 0.0634765625
0 0.3857421875 0.34765625 0.02734375 0.0703125
0 0.505859375 0.494140625 0.05859375 0.0703125
0 0.2626953125 0.572265625 0.0400390625 0.0966796875
0 0.5859375 0.564453125 0.0625 0.0859375
0 0.8564453125 0.4482421875 0.0400390625 0.0712890625