0 0.4287109375 0.46484375 0.044921875 0.0791015625
0 0.849609375 0.375 0.03515625 0.08984375
0 0.466796875 0.4541015625 0.052734375 0.0859375
0 0.3896484375 0.482421875 0.076171875 0.0859375
0 0.2509765625 0.4736328125 0.0478515625 0.083984375
0 0.587890625 0.287109375 0.0498046875 0.0712890625
0 0.5810546875 0.4208984375 0.078125 0.0703125
0 0.701171875 0.4921875 0.046875 0.09375
0 0.5380859375 0.3642578125 0.0576171875 0.0810546875
0 0.923828125 0.3115234375 0.04296875 0.076171875
0 0.5126953125 0.5341796875 0.0810546875 0.09375
0 0.755859375 0.5654296875 0.0478515625 0.0966796875
0 0.294921875 0.435546875 0.0576171875 0.09765625
0 0.603515625 0.3974609375 0.06640625 0.06640625
0 0.24609375 0.6806640625 0.0791015625 0.1015625
0 0.3857421875 0.5576171875 0.0712890625 0.08984375
0 0.5556640625 0.4599609375 0.0791015625 0.08203125