0 0.439453125 0.5029296875 0.05078125 0.0712890625
0 0.6904296875 0.466796875 0.0556640625 0.0966796875
0 0.544921875 0.4501953125 0.0546875 0.0654296875
0 0.572265625 0.376953125 0.0419921875 0.05078125
0 0.5234375 0.439453125 0.0556640625 0.0888671875
0 0.587890625 0.4482421875 0.046875 0.0810546875
0 0.5693359375 0.517578125 0.0478515625 0.091796875
0 0.4599609375 0.5283203125 0.0546875 0.0869140625
0 0.669921875 0.568359375 0.0634765625 0.1044921875
0 0.173828125 0.43359375 0.0556640625 0.1015625
0 0.4267578125 0.4755859375 0.05859375 0.0576171875
0 0.5185546875 0.548828125 0.068359375 0.1123046875
0 0.724609375 0.578125 0.0654296875 0.109375
0 0.7587890625 0.470703125 0.0703125 0.0966796875