0 0.771484375 0.583984375 0.037109375 0.068359375
0 0.1591796875 0.421875 0.0400390625 0.068359375
0 0.578125 0.5537109375 0.037109375 0.08203125
0 0.943359375 0.544921875 0.068359375 0.0810546875
0 0.677734375 0.58203125 0.04296875 0.0732421875
0 0.607421875 0.50390625 0.05078125 0.0634765625
0 0.642578125 0.51171875 0.0390625 0.060546875
0 0.751953125 0.591796875 0.052734375 0.0732421875
0 0.615234375 0.5556640625 0.0478515625 0.0703125
0 0.25 0.5302734375 0.052734375 0.0703125
0 0.1796875 0.69140625 0.0556640625 0.0634765625
0 0.2470703125 0.6630859375 0.05859375 0.076171875