0 0.7275390625 0.419921875 0.029296875 0.07421875
0 0.51953125 0.4052734375 0.0390625 0.0478515625
0 0.5576171875 0.4306640625 0.0400390625 0.0478515625
0 0.541015625 0.3818359375 0.0341796875 0.0478515625
0 0.7412109375 0.40234375 0.03515625 0.06640625
0 0.583984375 0.458984375 0.052734375 0.060546875
0 0.36328125 0.376953125 0.0234375 0.05859375
0 0.595703125 0.4140625 0.037109375 0.04296875
1 0.630859375 0.2451171875 0.0341796875 0.052734375
0 0.6162109375 0.3984375 0.0546875 0.05859375
0 0.49609375 0.439453125 0.0546875 0.05078125
0 0.201171875 0.6357421875 0.029296875 0.09375
0 0.654296875 0.373046875 0.0263671875 0.083984375
0 0.423828125 0.291015625 0.0234375 0.0654296875
0 0.359375 0.421875 0.02734375 0.078125
0 0.138671875 0.462890625 0.0244140625 0.07421875
0 0.26953125 0.525390625 0.029296875 0.083984375
0 0.2705078125 0.3408203125 0.0244140625 0.07421875
0 0.5263671875 0.537109375 0.0498046875 0.0791015625
0 0.47265625 0.494140625 0.0634765625 0.0498046875
0 0.642578125 0.2998046875 0.05078125 0.0625
0 0.515625 0.64453125 0.0625 0.08203125