0 0.4716796875 0.412109375 0.046875 0.0400390625
0 0.9697265625 0.39453125 0.0322265625 0.076171875
0 0.396484375 0.4560546875 0.0400390625 0.05859375
0 0.498046875 0.478515625 0.0478515625 0.0498046875
0 0.39453125 0.419921875 0.0419921875 0.0419921875
0 0.40625 0.3837890625 0.037109375 0.06640625
0 0.40625 0.49609375 0.0498046875 0.06640625
0 0.484375 0.4375 0.05859375 0.046875
0 0.375 0.361328125 0.046875 0.06640625
0 0.5234375 0.5166015625 0.0556640625 0.0791015625
0 0.634765625 0.4111328125 0.03125 0.0556640625
0 0.3388671875 0.404296875 0.03125 0.078125
0 0.1630859375 0.4638671875 0.0419921875 0.07421875
0 0.4306640625 0.5302734375 0.0546875 0.08203125
0 0.6357421875 0.4658203125 0.0400390625 0.0625
0 0.58984375 0.3720703125 0.0322265625 0.0712890625
0 0.64453125 0.333984375 0.0322265625 0.0703125
0 0.822265625 0.478515625 0.0341796875 0.0810546875
0 0.748046875 0.5458984375 0.037109375 0.08203125