0 0.44140625 0.3720703125 0.03515625 0.052734375
0 0.5791015625 0.4501953125 0.0546875 0.046875
0 0.560546875 0.482421875 0.0576171875 0.0556640625
0 0.58984375 0.427734375 0.05078125 0.0576171875
0 0.662109375 0.5625 0.0732421875 0.08984375
0 0.46875 0.453125 0.05859375 0.05859375
0 0.486328125 0.490234375 0.068359375 0.060546875
0 0.763671875 0.4521484375 0.0546875 0.091796875
0 0.515625 0.546875 0.078125 0.0869140625
0 0.3935546875 0.306640625 0.0341796875 0.068359375
0 0.7509765625 0.587890625 0.0703125 0.0966796875
0 0.6064453125 0.3740234375 0.0498046875 0.08203125
0 0.8173828125 0.49609375 0.04296875 0.076171875
0 0.255859375 0.5595703125 0.046875 0.08984375
0 0.4521484375 0.40625 0.0634765625 0.07421875
0 0.50390625 0.2958984375 0.060546875 0.06640625
0 0.41015625 0.5234375 0.0478515625 0.083984375
0 0.3310546875 0.6396484375 0.046875 0.091796875