0 0.5224609375 0.369140625 0.044921875 0.0712890625
1 0.552734375 0.2470703125 0.02734375 0.0556640625
0 0.587890625 0.4228515625 0.0341796875 0.08203125
0 0.544921875 0.4208984375 0.0390625 0.0791015625
0 0.4658203125 0.431640625 0.046875 0.0712890625
0 0.5068359375 0.451171875 0.05078125 0.08203125
0 0.4736328125 0.3828125 0.0400390625 0.052734375
0 0.4580078125 0.4833984375 0.0400390625 0.0732421875
0 0.1416015625 0.5537109375 0.0576171875 0.0859375
0 0.412109375 0.53125 0.0625 0.083984375
0 0.3271484375 0.3408203125 0.0322265625 0.068359375
0 0.6533203125 0.43359375 0.0498046875 0.06640625
0 0.771484375 0.443359375 0.0419921875 0.076171875
0 0.3466796875 0.412109375 0.04296875 0.0703125
0 0.1474609375 0.373046875 0.044921875 0.0712890625