0 0.537109375 0.4208984375 0.05859375 0.0576171875
0 0.5703125 0.462890625 0.0654296875 0.05859375
0 0.5673828125 0.341796875 0.052734375 0.0546875
0 0.568359375 0.375 0.0625 0.037109375
0 0.4677734375 0.4833984375 0.05078125 0.0888671875
0 0.4677734375 0.4521484375 0.060546875 0.0546875
0 0.5859375 0.3056640625 0.046875 0.06640625
0 0.4853515625 0.3134765625 0.0419921875 0.076171875
0 0.4677734375 0.416015625 0.0546875 0.046875
0 0.587890625 0.408203125 0.04296875 0.052734375
0 0.478515625 0.380859375 0.0546875 0.0498046875
0 0.333984375 0.384765625 0.046875 0.0546875
0 0.455078125 0.3388671875 0.0498046875 0.0712890625
0 0.8701171875 0.41796875 0.0498046875 0.08203125
0 0.5927734375 0.533203125 0.0791015625 0.08984375
0 0.4462890625 0.541015625 0.0576171875 0.08984375
0 0.384765625 0.3515625 0.0400390625 0.083984375
0 0.6298828125 0.369140625 0.052734375 0.078125
0 0.32421875 0.4443359375 0.044921875 0.0791015625