0 0.484375 0.380859375 0.02734375 0.046875
0 0.4892578125 0.4609375 0.046875 0.07421875
0 0.720703125 0.4765625 0.0390625 0.07421875
0 0.75 0.494140625 0.037109375 0.0859375
0 0.45703125 0.3955078125 0.0322265625 0.0556640625
0 0.5146484375 0.40234375 0.0478515625 0.076171875
0 0.427734375 0.365234375 0.046875 0.0791015625
0 0.66796875 0.2919921875 0.03515625 0.052734375
0 0.6123046875 0.3203125 0.0341796875 0.0712890625
0 0.435546875 0.455078125 0.052734375 0.078125
0 0.7724609375 0.4560546875 0.0478515625 0.083984375
0 0.8935546875 0.3134765625 0.0498046875 0.06640625
0 0.7021484375 0.6845703125 0.05078125 0.083984375
0 0.6611328125 0.5859375 0.04296875 0.07421875
0 0.712890625 0.28125 0.0400390625 0.05859375
0 0.9033203125 0.689453125 0.0556640625 0.091796875
0 0.306640625 0.4091796875 0.05078125 0.083984375
0 0.796875 0.34375 0.0341796875 0.0712890625