0 0.439453125 0.4111328125 0.0400390625 0.046875
0 0.4404296875 0.466796875 0.0400390625 0.0576171875
0 0.49609375 0.3720703125 0.0419921875 0.046875
0 0.525390625 0.482421875 0.0478515625 0.0732421875
0 0.509765625 0.41015625 0.0556640625 0.05078125
0 0.5732421875 0.599609375 0.0400390625 0.083984375
0 0.2978515625 0.427734375 0.044921875 0.0810546875
0 0.6943359375 0.3447265625 0.0263671875 0.0703125
0 0.453125 0.490234375 0.0400390625 0.05859375
0 0.6533203125 0.416015625 0.0341796875 0.07421875
0 0.94140625 0.4384765625 0.03515625 0.0791015625
0 0.271484375 0.4521484375 0.03125 0.0791015625
0 0.4208984375 0.392578125 0.0419921875 0.0498046875
0 0.716796875 0.3173828125 0.037109375 0.068359375
0 0.2900390625 0.3818359375 0.03515625 0.0634765625
0 0.6865234375 0.470703125 0.0322265625 0.076171875
0 0.423828125 0.3271484375 0.0478515625 0.0634765625
0 0.435546875 0.595703125 0.0576171875 0.0888671875