0 0.5 0.4755859375 0.052734375 0.0478515625
0 0.4716796875 0.408203125 0.046875 0.03515625
0 0.4091796875 0.494140625 0.046875 0.0625
0 0.408203125 0.380859375 0.037109375 0.060546875
0 0.486328125 0.435546875 0.05859375 0.0498046875
0 0.9658203125 0.3974609375 0.0341796875 0.0732421875
0 0.376953125 0.3623046875 0.0498046875 0.0712890625
0 0.7021484375 0.3369140625 0.0322265625 0.0634765625
0 0.337890625 0.41015625 0.0390625 0.0703125
0 0.1640625 0.46484375 0.0400390625 0.0732421875
0 0.517578125 0.51953125 0.060546875 0.0732421875
0 0.431640625 0.5283203125 0.052734375 0.078125
0 0.5439453125 0.4453125 0.05859375 0.068359375
0 0.62109375 0.4091796875 0.0322265625 0.068359375
0 0.765625 0.5478515625 0.037109375 0.0791015625
0 0.7333984375 0.4765625 0.060546875 0.068359375
0 0.5703125 0.3740234375 0.0341796875 0.0703125