0 0.4482421875 0.447265625 0.037109375 0.0654296875
0 0.5087890625 0.482421875 0.0390625 0.08203125
0 0.4052734375 0.408203125 0.0419921875 0.07421875
0 0.4189453125 0.466796875 0.037109375 0.078125
0 0.455078125 0.369140625 0.0322265625 0.05859375
0 0.478515625 0.501953125 0.0478515625 0.076171875
0 0.4697265625 0.4248046875 0.0390625 0.0556640625
0 0.97265625 0.412109375 0.0478515625 0.068359375
0 0.236328125 0.462890625 0.05859375 0.068359375
0 0.3330078125 0.455078125 0.0498046875 0.0732421875
0 0.36328125 0.4287109375 0.03515625 0.0703125
0 0.5595703125 0.3779296875 0.0341796875 0.0654296875
0 0.759765625 0.3408203125 0.044921875 0.0625
0 0.7900390625 0.548828125 0.044921875 0.0859375
0 0.611328125 0.484375 0.04296875 0.0654296875
0 0.62890625 0.412109375 0.03515625 0.0556640625
0 0.376953125 0.521484375 0.0556640625 0.0810546875