0 0.455078125 0.3701171875 0.04296875 0.07421875
0 0.322265625 0.3984375 0.05859375 0.0869140625
0 0.4775390625 0.490234375 0.0478515625 0.1123046875
0 0.3681640625 0.3681640625 0.044921875 0.08203125
0 0.396484375 0.564453125 0.05859375 0.1015625
0 0.0283203125 0.3408203125 0.046875 0.083984375
0 0.4287109375 0.4580078125 0.076171875 0.0966796875
0 0.552734375 0.404296875 0.0498046875 0.0859375
0 0.36328125 0.5517578125 0.0576171875 0.109375
0 0.0517578125 0.408203125 0.0498046875 0.0966796875
0 0.03125 0.48046875 0.0625 0.1044921875
0 0.533203125 0.4189453125 0.0546875 0.08984375
0 0.759765625 0.447265625 0.0556640625 0.11328125
0 0.705078125 0.3994140625 0.046875 0.0947265625
0 0.529296875 0.494140625 0.0732421875 0.099609375
0 0.2578125 0.501953125 0.09375 0.099609375