0 0.466796875 0.4619140625 0.060546875 0.0732421875
0 0.470703125 0.431640625 0.0576171875 0.044921875
0 0.3837890625 0.548828125 0.0576171875 0.08984375
0 0.44921875 0.572265625 0.0634765625 0.1044921875
0 0.5908203125 0.4921875 0.068359375 0.052734375
0 0.638671875 0.580078125 0.046875 0.09375
0 0.4970703125 0.5419921875 0.05859375 0.09375
0 0.1787109375 0.484375 0.05078125 0.08984375
0 0.767578125 0.51171875 0.052734375 0.091796875
0 0.5771484375 0.4462890625 0.0703125 0.060546875
0 0.595703125 0.5400390625 0.06640625 0.06640625
0 0.5478515625 0.396484375 0.044921875 0.0634765625
0 0.759765625 0.4404296875 0.04296875 0.078125
0 0.4287109375 0.330078125 0.0546875 0.0810546875
0 0.8046875 0.314453125 0.0400390625 0.08203125