0 0.439453125 0.44921875 0.02734375 0.060546875
1 0.466796875 0.2841796875 0.0234375 0.04296875
0 0.240234375 0.44921875 0.0234375 0.05078125
0 0.4072265625 0.462890625 0.0390625 0.04296875
0 0.3701171875 0.44140625 0.03125 0.0419921875
1 0.0361328125 0.3720703125 0.0185546875 0.0556640625
0 0.25 0.4296875 0.021484375 0.05859375
0 0.439453125 0.365234375 0.021484375 0.037109375
0 0.3828125 0.4892578125 0.037109375 0.0556640625
0 0.4130859375 0.326171875 0.0263671875 0.037109375
0 0.3759765625 0.3603515625 0.029296875 0.044921875
0 0.3212890625 0.48046875 0.0419921875 0.0576171875
0 0.8466796875 0.4013671875 0.0244140625 0.052734375
0 0.48046875 0.330078125 0.0234375 0.0400390625
0 0.6943359375 0.466796875 0.0234375 0.052734375
0 0.3466796875 0.5546875 0.0341796875 0.052734375
0 0.244140625 0.55078125 0.0498046875 0.0576171875