0 0.587890625 0.505859375 0.037109375 0.0625
0 0.619140625 0.5126953125 0.05078125 0.052734375
0 0.578125 0.431640625 0.052734375 0.05078125
0 0.568359375 0.455078125 0.05078125 0.04296875
0 0.548828125 0.4873046875 0.0576171875 0.0556640625
0 0.4853515625 0.57421875 0.0419921875 0.1015625
0 0.521484375 0.5458984375 0.044921875 0.0791015625
0 0.2421875 0.5537109375 0.0498046875 0.09765625
0 0.294921875 0.4951171875 0.03515625 0.09375
0 0.70703125 0.5166015625 0.0419921875 0.08203125
0 0.650390625 0.564453125 0.0712890625 0.0888671875
0 0.375 0.30859375 0.0244140625 0.0791015625
0 0.7373046875 0.58984375 0.068359375 0.091796875
0 0.4755859375 0.49609375 0.0703125 0.0576171875
0 0.4609375 0.45703125 0.05859375 0.0576171875
0 0.755859375 0.453125 0.037109375 0.09375
0 0.3291015625 0.638671875 0.0419921875 0.09765625
0 0.4375 0.3974609375 0.052734375 0.0732421875
0 0.802734375 0.4990234375 0.04296875 0.076171875
0 0.49609375 0.3046875 0.060546875 0.0654296875