0 0.5830078125 0.4345703125 0.03125 0.0966796875
0 0.474609375 0.361328125 0.0498046875 0.05078125
0 0.5087890625 0.431640625 0.0419921875 0.08203125
0 0.3056640625 0.4140625 0.0263671875 0.099609375
0 0.732421875 0.375 0.03515625 0.0869140625
0 0.3232421875 0.447265625 0.03125 0.0966796875
0 0.6015625 0.345703125 0.0341796875 0.0888671875
0 0.458984375 0.458984375 0.0625 0.08984375
0 0.451171875 0.5576171875 0.060546875 0.0869140625
0 0.79296875 0.3349609375 0.0322265625 0.0888671875
0 0.8623046875 0.6220703125 0.0400390625 0.10546875
0 0.9521484375 0.4833984375 0.0478515625 0.09765625
0 0.712890625 0.4423828125 0.037109375 0.0966796875
0 0.578125 0.4951171875 0.0625 0.1025390625
0 0.8955078125 0.3662109375 0.0341796875 0.0888671875
0 0.724609375 0.546875 0.0400390625 0.1025390625
0 0.392578125 0.5830078125 0.0703125 0.099609375