0 0.60546875 0.458984375 0.044921875 0.0498046875
0 0.2001953125 0.6484375 0.046875 0.099609375
0 0.591796875 0.42578125 0.05078125 0.03515625
0 0.3681640625 0.447265625 0.0478515625 0.0869140625
0 0.48828125 0.5185546875 0.0791015625 0.05859375
0 0.5751953125 0.3701171875 0.046875 0.078125
0 0.6142578125 0.392578125 0.05859375 0.0732421875
0 0.494140625 0.474609375 0.06640625 0.0556640625
0 0.4931640625 0.419921875 0.06640625 0.0556640625
0 0.4013671875 0.3857421875 0.0400390625 0.0869140625
0 0.498046875 0.5615234375 0.0703125 0.0703125
0 0.603515625 0.560546875 0.060546875 0.0712890625
0 0.375 0.5048828125 0.052734375 0.0810546875
0 0.099609375 0.5263671875 0.0478515625 0.0869140625
0 0.880859375 0.4736328125 0.044921875 0.083984375
0 0.3017578125 0.330078125 0.046875 0.068359375
0 0.748046875 0.482421875 0.0546875 0.068359375