0 0.619140625 0.517578125 0.0546875 0.083984375
0 0.5205078125 0.5078125 0.0498046875 0.046875
0 0.544921875 0.4736328125 0.0556640625 0.0498046875
0 0.4833984375 0.3095703125 0.0322265625 0.068359375
0 0.6474609375 0.46484375 0.0478515625 0.06640625
0 0.775390625 0.521484375 0.0400390625 0.0966796875
0 0.5498046875 0.5712890625 0.0625 0.1044921875
0 0.6708984375 0.4482421875 0.0576171875 0.07421875
0 0.47265625 0.423828125 0.03515625 0.078125
0 0.431640625 0.494140625 0.04296875 0.0791015625
0 0.80078125 0.4853515625 0.044921875 0.091796875
0 0.5224609375 0.365234375 0.03515625 0.06640625
0 0.5849609375 0.423828125 0.0478515625 0.0634765625
0 0.681640625 0.404296875 0.0546875 0.0791015625
0 0.7138671875 0.3779296875 0.0498046875 0.07421875
0 0.4150390625 0.5810546875 0.0419921875 0.0966796875
0 0.4833984375 0.5390625 0.06640625 0.083984375
0 0.3330078125 0.3955078125 0.03125 0.078125
0 0.80078125 0.3076171875 0.05078125 0.0712890625
0 0.265625 0.5087890625 0.0341796875 0.0888671875