0 0.634765625 0.49609375 0.044921875 0.0634765625
0 0.580078125 0.482421875 0.03515625 0.0712890625
0 0.615234375 0.4443359375 0.037109375 0.0546875
0 0.27734375 0.505859375 0.03515625 0.083984375
0 0.673828125 0.5185546875 0.037109375 0.0869140625
0 0.181640625 0.267578125 0.052734375 0.07421875
0 0.2998046875 0.5322265625 0.04296875 0.0888671875
0 0.6318359375 0.4208984375 0.0546875 0.0634765625
0 0.724609375 0.513671875 0.0703125 0.09375
0 0.7431640625 0.474609375 0.0478515625 0.09375
0 0.5966796875 0.501953125 0.0556640625 0.08984375
0 0.501953125 0.4521484375 0.05078125 0.0791015625
0 0.2333984375 0.396484375 0.05078125 0.0791015625
0 0.185546875 0.578125 0.0400390625 0.09375
0 0.25 0.5634765625 0.0654296875 0.08203125
0 0.400390625 0.41796875 0.0419921875 0.076171875