0 0.5205078125 0.3515625 0.04296875 0.04296875
0 0.5322265625 0.373046875 0.0419921875 0.046875
0 0.67578125 0.4755859375 0.0390625 0.08203125
0 0.4765625 0.376953125 0.037109375 0.05078125
0 0.5302734375 0.400390625 0.0390625 0.0478515625
0 0.666015625 0.4111328125 0.029296875 0.05859375
0 0.3154296875 0.357421875 0.0400390625 0.0859375
0 0.7880859375 0.5888671875 0.029296875 0.09375
0 0.5234375 0.431640625 0.052734375 0.0654296875
0 0.6728515625 0.2880859375 0.0234375 0.06640625
0 0.4326171875 0.392578125 0.046875 0.0703125
0 0.8134765625 0.3330078125 0.0322265625 0.068359375
0 0.46484375 0.3046875 0.03515625 0.0654296875
0 0.462890625 0.4482421875 0.046875 0.068359375
0 0.533203125 0.3154296875 0.046875 0.0556640625
0 0.4150390625 0.46484375 0.05078125 0.076171875
0 0.416015625 0.6064453125 0.06640625 0.08984375