0 0.4912109375 0.4404296875 0.044921875 0.0400390625
0 0.615234375 0.400390625 0.0390625 0.05859375
0 0.74609375 0.4326171875 0.0322265625 0.068359375
0 0.626953125 0.4765625 0.0712890625 0.0712890625
0 0.5966796875 0.4169921875 0.046875 0.0498046875
0 0.748046875 0.4912109375 0.04296875 0.06640625
0 0.240234375 0.283203125 0.0390625 0.0576171875
0 0.587890625 0.357421875 0.0419921875 0.06640625
0 0.4775390625 0.4833984375 0.06640625 0.0703125
0 0.3212890625 0.4453125 0.0419921875 0.0712890625
0 0.4384765625 0.365234375 0.0322265625 0.0712890625
0 0.583984375 0.28515625 0.046875 0.0576171875
0 0.095703125 0.5966796875 0.0498046875 0.099609375
0 0.560546875 0.548828125 0.05859375 0.083984375
0 0.6142578125 0.533203125 0.07421875 0.078125
0 0.34375 0.5009765625 0.046875 0.0732421875
0 0.4951171875 0.5146484375 0.068359375 0.0791015625