1 0.5546875 0.248046875 0.03125 0.0576171875
0 0.578125 0.478515625 0.0498046875 0.0546875
0 0.7607421875 0.4794921875 0.04296875 0.08984375
0 0.478515625 0.5029296875 0.0546875 0.0556640625
0 0.490234375 0.458984375 0.0703125 0.05078125
0 0.5947265625 0.4638671875 0.05078125 0.07421875
0 0.7470703125 0.501953125 0.037109375 0.1015625
0 0.3134765625 0.5498046875 0.03515625 0.0966796875
0 0.455078125 0.5439453125 0.0712890625 0.0556640625
0 0.6259765625 0.4345703125 0.0546875 0.08984375
0 0.630859375 0.3330078125 0.02734375 0.0810546875
0 0.2119140625 0.3271484375 0.0322265625 0.0732421875
0 0.58203125 0.548828125 0.0576171875 0.08203125
0 0.400390625 0.513671875 0.0478515625 0.0859375
0 0.3740234375 0.3720703125 0.0322265625 0.083984375
0 0.583984375 0.373046875 0.0419921875 0.078125
0 0.548828125 0.583984375 0.060546875 0.0732421875
0 0.283203125 0.6162109375 0.04296875 0.107421875
0 0.380859375 0.4619140625 0.0419921875 0.08203125
0 0.4423828125 0.583984375 0.068359375 0.099609375