0 0.525390625 0.40625 0.05859375 0.068359375
0 0.4755859375 0.48828125 0.06640625 0.05078125
0 0.59375 0.599609375 0.068359375 0.0791015625
0 0.4755859375 0.5390625 0.060546875 0.0712890625
0 0.560546875 0.5029296875 0.060546875 0.068359375
0 0.61328125 0.5439453125 0.0634765625 0.099609375
0 0.517578125 0.4599609375 0.068359375 0.0634765625
0 0.6357421875 0.447265625 0.068359375 0.076171875
0 0.615234375 0.4697265625 0.0546875 0.076171875
0 0.8076171875 0.482421875 0.0625 0.1015625
0 0.029296875 0.4931640625 0.046875 0.107421875
0 0.126953125 0.3642578125 0.0400390625 0.0869140625
0 0.7880859375 0.53125 0.0576171875 0.1025390625
0 0.650390625 0.365234375 0.0703125 0.0869140625
0 0.341796875 0.494140625 0.05859375 0.091796875
0 0.4287109375 0.568359375 0.0888671875 0.107421875
0 0.576171875 0.2666015625 0.0400390625 0.0732421875
0 0.7431640625 0.263671875 0.060546875 0.0859375
0 0.23046875 0.619140625 0.0732421875 0.1171875