0 0.384765625 0.416015625 0.0556640625 0.08984375
0 0.603515625 0.3916015625 0.068359375 0.1201171875
0 0.3779296875 0.4541015625 0.0869140625 0.1103515625
0 0.341796875 0.431640625 0.060546875 0.1171875
0 0.6484375 0.53515625 0.07421875 0.1357421875
0 0.7255859375 0.5380859375 0.091796875 0.1328125
0 0.5625 0.498046875 0.078125 0.123046875
0 0.1533203125 0.2705078125 0.0498046875 0.0966796875
0 0.515625 0.505859375 0.08984375 0.11328125
0 0.6572265625 0.41796875 0.076171875 0.12890625
0 0.0458984375 0.583984375 0.0791015625 0.1484375