0 0.990234375 0.337890625 0.01953125 0.091796875
0 0.509765625 0.427734375 0.052734375 0.0703125
1 0.013671875 0.271484375 0.0263671875 0.083984375
0 0.3662109375 0.365234375 0.0390625 0.1123046875
0 0.5556640625 0.392578125 0.0546875 0.05078125
0 0.6318359375 0.396484375 0.0576171875 0.0478515625
0 0.6572265625 0.3427734375 0.05078125 0.0390625
0 0.654296875 0.3837890625 0.060546875 0.0703125
0 0.5908203125 0.451171875 0.0625 0.099609375
0 0.728515625 0.390625 0.03515625 0.0966796875
0 0.7705078125 0.3447265625 0.037109375 0.091796875
0 0.490234375 0.4521484375 0.05859375 0.0791015625
0 0.642578125 0.462890625 0.04296875 0.0888671875
0 0.552734375 0.3642578125 0.0498046875 0.03125
0 0.4267578125 0.419921875 0.037109375 0.091796875
0 0.5703125 0.6015625 0.046875 0.1181640625
0 0.615234375 0.5341796875 0.0419921875 0.10546875
0 0.390625 0.5205078125 0.0654296875 0.109375
0 0.3681640625 0.603515625 0.0732421875 0.1025390625