0 0.478515625 0.4033203125 0.05078125 0.04296875
0 0.509765625 0.443359375 0.05078125 0.05859375
0 0.5859375 0.4375 0.0400390625 0.0966796875
0 0.314453125 0.416015625 0.037109375 0.091796875
0 0.7890625 0.337890625 0.0341796875 0.0888671875
0 0.478515625 0.3671875 0.052734375 0.0400390625
0 0.57421875 0.501953125 0.0732421875 0.0869140625
0 0.587890625 0.3466796875 0.03515625 0.0869140625
0 0.703125 0.44921875 0.0341796875 0.09765625
0 0.455078125 0.4619140625 0.060546875 0.0859375
0 0.451171875 0.5576171875 0.0625 0.0869140625
0 0.328125 0.4521484375 0.037109375 0.0888671875
0 0.892578125 0.6298828125 0.044921875 0.109375
0 0.744140625 0.5595703125 0.0419921875 0.10546875
0 0.9072265625 0.365234375 0.03515625 0.0869140625
0 0.732421875 0.3701171875 0.037109375 0.08984375
0 0.3916015625 0.5830078125 0.0703125 0.099609375