0 0.5166015625 0.439453125 0.044921875 0.04296875
0 0.61328125 0.376953125 0.0390625 0.05859375
0 0.529296875 0.404296875 0.0498046875 0.046875
0 0.5869140625 0.470703125 0.0419921875 0.06640625
0 0.3515625 0.4169921875 0.0341796875 0.0810546875
0 0.17578125 0.3115234375 0.03515625 0.0634765625
0 0.6220703125 0.4140625 0.0400390625 0.0498046875
0 0.560546875 0.541015625 0.05859375 0.083984375
0 0.611328125 0.4423828125 0.046875 0.0498046875
0 0.4912109375 0.4794921875 0.0791015625 0.068359375
0 0.6162109375 0.49609375 0.0419921875 0.076171875
0 0.337890625 0.4892578125 0.04296875 0.0810546875
0 0.767578125 0.4990234375 0.0390625 0.0888671875
0 0.4921875 0.5146484375 0.078125 0.0732421875
0 0.6689453125 0.50390625 0.0498046875 0.08203125
0 0.3046875 0.564453125 0.0400390625 0.09765625
0 0.5302734375 0.302734375 0.0419921875 0.0625
0 0.6220703125 0.572265625 0.068359375 0.0732421875
0 0.0732421875 0.630859375 0.0498046875 0.1015625
0 0.6943359375 0.5791015625 0.0634765625 0.091796875