0 0.517578125 0.4111328125 0.0322265625 0.04296875
0 0.5302734375 0.4521484375 0.0478515625 0.0791015625
0 0.609375 0.41015625 0.052734375 0.1015625
0 0.15234375 0.501953125 0.05078125 0.107421875
0 0.4990234375 0.4716796875 0.0546875 0.10546875
0 0.45703125 0.470703125 0.05078125 0.08984375
0 0.623046875 0.3564453125 0.0400390625 0.0810546875
0 0.666015625 0.419921875 0.0546875 0.1044921875
0 0.580078125 0.423828125 0.05859375 0.09765625
0 0.134765625 0.3076171875 0.0498046875 0.0966796875
0 0.529296875 0.5224609375 0.076171875 0.1044921875
0 0.7724609375 0.4599609375 0.0732421875 0.107421875
0 0.171875 0.572265625 0.0654296875 0.0947265625