0 0.60546875 0.478515625 0.044921875 0.076171875
0 0.6162109375 0.4951171875 0.0419921875 0.0830078125
0 0.521484375 0.462890625 0.041015625 0.0830078125
1 0.287109375 0.2587890625 0.021484375 0.060546875
0 0.3466796875 0.39453125 0.03515625 0.060546875
0 0.3271484375 0.4130859375 0.0341796875 0.07421875
0 0.48828125 0.451171875 0.052734375 0.076171875
0 0.5458984375 0.482421875 0.044921875 0.0712890625
0 0.275390625 0.3232421875 0.0517578125 0.0595703125
0 0.64453125 0.466796875 0.0361328125 0.0625
0 0.458984375 0.42578125 0.052734375 0.08203125
1 0.859375 0.3291015625 0.02734375 0.06640625
0 0.1513671875 0.3837890625 0.0400390625 0.0556640625
0 0.6982421875 0.4384765625 0.0556640625 0.0791015625
0 0.361328125 0.5009765625 0.04296875 0.0703125
0 0.517578125 0.6591796875 0.0732421875 0.07421875
0 0.232421875 0.6630859375 0.056640625 0.0751953125