0 0.4921875 0.478515625 0.04296875 0.0419921875
0 0.4482421875 0.419921875 0.04296875 0.037109375
0 0.453125 0.4453125 0.037109375 0.0498046875
0 0.5322265625 0.451171875 0.0419921875 0.046875
0 0.58984375 0.498046875 0.0419921875 0.0478515625
0 0.505859375 0.501953125 0.0400390625 0.05078125
0 0.6123046875 0.4375 0.03125 0.0625
0 0.5537109375 0.474609375 0.0390625 0.04296875
0 0.517578125 0.4228515625 0.037109375 0.0419921875
1 0.3828125 0.298828125 0.0341796875 0.05078125
0 0.5400390625 0.587890625 0.03515625 0.083984375
1 0.755859375 0.443359375 0.0244140625 0.0634765625
0 0.576171875 0.40234375 0.029296875 0.060546875
0 0.65234375 0.4853515625 0.0322265625 0.060546875
1 0.1357421875 0.5595703125 0.0341796875 0.083984375
0 0.6796875 0.525390625 0.03125 0.068359375
0 0.541015625 0.365234375 0.02734375 0.0576171875
0 0.283203125 0.4423828125 0.03125 0.0625
0 0.330078125 0.4521484375 0.03515625 0.0703125
0 0.7099609375 0.591796875 0.029296875 0.06640625
0 0.3603515625 0.369140625 0.0478515625 0.0576171875