0 0.5693359375 0.43359375 0.02734375 0.0625
1 0.1484375 0.74609375 0.0615234375 0.0703125
0 0.59765625 0.44921875 0.0439453125 0.0439453125
0 0.0390625 0.40234375 0.0419921875 0.046875
0 0.046875 0.4541015625 0.04296875 0.076171875
0 0.3779296875 0.4501953125 0.0380859375 0.080078125
0 0.603515625 0.4931640625 0.04296875 0.0771484375
0 0.4130859375 0.453125 0.03515625 0.0546875
0 0.08984375 0.404296875 0.048828125 0.0634765625
0 0.03515625 0.521484375 0.0625 0.0869140625
0 0.4453125 0.447265625 0.0439453125 0.0693359375
0 0.7802734375 0.48046875 0.0537109375 0.080078125
0 0.462890625 0.541015625 0.0478515625 0.0888671875
0 0.0859375 0.5205078125 0.0517578125 0.0849609375
0 0.072265625 0.4453125 0.048828125 0.068359375
0 0.4150390625 0.544921875 0.05859375 0.0869140625