0 0.58984375 0.4443359375 0.044921875 0.0546875
0 0.6181640625 0.4267578125 0.0478515625 0.052734375
0 0.984375 0.55078125 0.03125 0.091796875
1 0.9833984375 0.4794921875 0.0322265625 0.1025390625
0 0.490234375 0.486328125 0.0625 0.0634765625
0 0.646484375 0.474609375 0.076171875 0.0625
0 0.5966796875 0.501953125 0.0810546875 0.0712890625
0 0.32421875 0.525390625 0.06640625 0.1025390625
0 0.529296875 0.5244140625 0.05859375 0.0859375
0 0.220703125 0.6640625 0.0576171875 0.052734375
0 0.7109375 0.4443359375 0.07421875 0.060546875
0 0.443359375 0.501953125 0.060546875 0.068359375
0 0.75 0.5166015625 0.0498046875 0.09765625
0 0.2216796875 0.4326171875 0.0400390625 0.08984375
0 0.865234375 0.388671875 0.0322265625 0.08984375
0 0.806640625 0.474609375 0.0498046875 0.0859375
0 0.189453125 0.580078125 0.068359375 0.11328125
0 0.66796875 0.642578125 0.0478515625 0.091796875
0 0.373046875 0.4404296875 0.0498046875 0.09375
0 0.080078125 0.6650390625 0.08203125 0.1259765625