0 0.7216796875 0.6650390625 0.04296875 0.0478515625
0 0.3701171875 0.453125 0.0498046875 0.03125
0 0.40234375 0.4970703125 0.05078125 0.0556640625
0 0.3212890625 0.4375 0.0576171875 0.0498046875
0 0.333984375 0.455078125 0.0498046875 0.05859375
0 0.373046875 0.482421875 0.0478515625 0.0654296875
1 0.693359375 0.4326171875 0.03515625 0.0810546875
0 0.7138671875 0.703125 0.083984375 0.12109375
0 0.439453125 0.431640625 0.0478515625 0.0654296875
0 0.7158203125 0.408203125 0.0341796875 0.0888671875
0 0.16015625 0.458984375 0.0263671875 0.099609375
0 0.568359375 0.3798828125 0.02734375 0.0810546875
0 0.46875 0.4794921875 0.0654296875 0.052734375
0 0.53125 0.427734375 0.0341796875 0.08984375
0 0.388671875 0.4052734375 0.0390625 0.0791015625
0 0.681640625 0.49609375 0.037109375 0.09765625
0 0.416015625 0.521484375 0.060546875 0.0625
0 0.52734375 0.5126953125 0.060546875 0.0625
0 0.7978515625 0.6044921875 0.0390625 0.109375
0 0.873046875 0.6669921875 0.0390625 0.1181640625
0 0.1171875 0.4501953125 0.037109375 0.0810546875
0 0.5556640625 0.6337890625 0.0546875 0.107421875
0 0.5771484375 0.4736328125 0.0419921875 0.0869140625
0 0.271484375 0.431640625 0.04296875 0.0712890625