0 0.720703125 0.6689453125 0.046875 0.0400390625
0 0.37109375 0.453125 0.0478515625 0.0341796875
0 0.4033203125 0.498046875 0.052734375 0.0576171875
0 0.333984375 0.4541015625 0.0498046875 0.060546875
0 0.3203125 0.4365234375 0.0556640625 0.05078125
0 0.6748046875 0.404296875 0.02734375 0.078125
0 0.373046875 0.482421875 0.0478515625 0.0654296875
0 0.705078125 0.703125 0.078125 0.1181640625
0 0.466796875 0.478515625 0.0625 0.05078125
1 0.697265625 0.4326171875 0.037109375 0.083984375
0 0.3818359375 0.4091796875 0.0419921875 0.0712890625
0 0.525390625 0.51171875 0.05859375 0.0634765625
0 0.673828125 0.4951171875 0.037109375 0.099609375
0 0.166015625 0.458984375 0.0341796875 0.09765625
0 0.5439453125 0.376953125 0.02734375 0.08203125
0 0.4169921875 0.521484375 0.05859375 0.0625
0 0.4306640625 0.4462890625 0.05078125 0.05078125
0 0.763671875 0.615234375 0.04296875 0.1123046875
0 0.513671875 0.431640625 0.0322265625 0.0859375
0 0.8544921875 0.681640625 0.04296875 0.11328125
0 0.576171875 0.4765625 0.0419921875 0.0810546875
0 0.271484375 0.43359375 0.046875 0.06640625
0 0.1181640625 0.451171875 0.0390625 0.076171875
0 0.546875 0.638671875 0.0712890625 0.1025390625