0 0.65625 0.369140625 0.0625 0.138671875
0 0.978515625 0.5078125 0.04296875 0.2236328125
0 0.693359375 0.373046875 0.064453125 0.1328125
1 0.0869140625 0.27734375 0.0615234375 0.11328125
0 0.7451171875 0.51171875 0.0888671875 0.259765625
0 0.85546875 0.419921875 0.08984375 0.1513671875
0 0.3857421875 0.458984375 0.130859375 0.171875
0 0.6748046875 0.5361328125 0.0927734375 0.25390625
0 0.8388671875 0.578125 0.1015625 0.2548828125
0 0.5205078125 0.69140625 0.09765625 0.1767578125
0 0.5400390625 0.4013671875 0.0703125 0.220703125
0 0.3525390625 0.39453125 0.0791015625 0.19921875
0 0.4609375 0.3828125 0.10546875 0.234375