0 0.5224609375 0.423828125 0.0791015625 0.1435546875
0 0.34375 0.451171875 0.0654296875 0.20703125
0 0.90234375 0.5126953125 0.0888671875 0.23046875
0 0.33984375 0.69140625 0.078125 0.17578125
0 0.6259765625 0.462890625 0.08203125 0.2275390625
0 0.966796875 0.509765625 0.0654296875 0.2373046875
0 0.6640625 0.52734375 0.0791015625 0.2578125
1 0.1806640625 0.326171875 0.0693359375 0.203125
0 0.8681640625 0.5947265625 0.103515625 0.26171875
0 0.7314453125 0.4423828125 0.06640625 0.23046875
0 0.533203125 0.56640625 0.09765625 0.2490234375
0 0.4404296875 0.44921875 0.09765625 0.248046875