0 0.6279296875 0.42578125 0.037109375 0.05078125
0 0.591796875 0.4443359375 0.044921875 0.0546875
0 0.2490234375 0.701171875 0.076171875 0.12109375
0 0.552734375 0.4443359375 0.046875 0.03515625
0 0.263671875 0.6630859375 0.0498046875 0.0478515625
1 0.9853515625 0.4833984375 0.029296875 0.1103515625
0 0.6474609375 0.4755859375 0.076171875 0.060546875
0 0.326171875 0.525390625 0.06640625 0.1025390625
0 0.59765625 0.5029296875 0.0791015625 0.0712890625
0 0.443359375 0.501953125 0.060546875 0.06640625
0 0.712890625 0.4453125 0.076171875 0.05859375
0 0.529296875 0.5244140625 0.0634765625 0.0859375
0 0.2236328125 0.435546875 0.0400390625 0.0888671875
0 0.666015625 0.642578125 0.046875 0.0888671875
0 0.7998046875 0.4775390625 0.046875 0.0791015625
0 0.189453125 0.58203125 0.068359375 0.11328125
0 0.375 0.44140625 0.0498046875 0.091796875
0 0.84765625 0.392578125 0.03515625 0.08984375
0 0.73828125 0.5205078125 0.0478515625 0.08984375
0 0.0810546875 0.666015625 0.083984375 0.123046875