0 0.373046875 0.4833984375 0.0478515625 0.06640625
0 0.3359375 0.455078125 0.0498046875 0.05859375
0 0.373046875 0.455078125 0.0498046875 0.0341796875
0 0.3212890625 0.4375 0.0576171875 0.052734375
0 0.404296875 0.4990234375 0.052734375 0.060546875
0 0.5263671875 0.376953125 0.02734375 0.0810546875
0 0.42578125 0.4453125 0.05078125 0.052734375
0 0.701171875 0.7099609375 0.0810546875 0.1044921875
0 0.4677734375 0.478515625 0.0634765625 0.0546875
0 0.5263671875 0.5126953125 0.05859375 0.0625
0 0.3828125 0.4111328125 0.0400390625 0.068359375
0 0.646484375 0.41015625 0.0244140625 0.0859375
0 0.41796875 0.521484375 0.060546875 0.0625
0 0.6640625 0.5029296875 0.04296875 0.0869140625
0 0.2744140625 0.4345703125 0.044921875 0.0654296875
0 0.173828125 0.4638671875 0.0419921875 0.08984375
1 0.697265625 0.43359375 0.037109375 0.08203125
0 0.5068359375 0.4326171875 0.0390625 0.0810546875
0 0.576171875 0.4765625 0.0419921875 0.0810546875
0 0.75390625 0.626953125 0.0478515625 0.10546875
0 0.84375 0.685546875 0.052734375 0.1103515625
0 0.552734375 0.640625 0.07421875 0.0966796875
0 0.119140625 0.451171875 0.0390625 0.078125