0 0.5185546875 0.4814453125 0.0400390625 0.0869140625
0 0.490234375 0.42578125 0.0390625 0.0546875
0 0.544921875 0.4697265625 0.0546875 0.0791015625
0 0.5478515625 0.400390625 0.05078125 0.083984375
0 0.18359375 0.6748046875 0.060546875 0.0869140625
0 0.517578125 0.388671875 0.037109375 0.076171875
0 0.2822265625 0.587890625 0.0546875 0.08984375
0 0.486328125 0.47265625 0.0546875 0.076171875
0 0.2333984375 0.677734375 0.0546875 0.078125
0 0.1728515625 0.365234375 0.0732421875 0.068359375
0 0.2822265625 0.373046875 0.0546875 0.0703125
0 0.447265625 0.44140625 0.06640625 0.0791015625
0 0.18359375 0.4892578125 0.0419921875 0.08984375
0 0.662109375 0.3671875 0.037109375 0.0810546875
0 0.0361328125 0.6171875 0.068359375 0.099609375
0 0.3173828125 0.396484375 0.0654296875 0.091796875
0 0.7353515625 0.4462890625 0.044921875 0.091796875