0 0.345703125 0.4345703125 0.03515625 0.099609375
0 0.3994140625 0.2998046875 0.044921875 0.0869140625
0 0.353515625 0.560546875 0.0634765625 0.1025390625
0 0.33203125 0.51953125 0.0703125 0.0732421875
0 0.5478515625 0.4619140625 0.05078125 0.107421875
0 0.400390625 0.517578125 0.0703125 0.08203125
0 0.3740234375 0.3857421875 0.06640625 0.083984375
0 0.8603515625 0.310546875 0.076171875 0.0859375
0 0.4921875 0.474609375 0.083984375 0.09375
0 0.599609375 0.458984375 0.0732421875 0.115234375
0 0.4609375 0.564453125 0.0712890625 0.1259765625
0 0.3154296875 0.39453125 0.05859375 0.091796875