0 0.0205078125 0.306640625 0.041015625 0.0654296875
0 0.0625 0.302734375 0.0380859375 0.078125
0 0.0556640625 0.3955078125 0.04296875 0.0849609375
0 0.486328125 0.4892578125 0.0703125 0.09765625
0 0.1328125 0.501953125 0.0556640625 0.0849609375
0 0.400390625 0.509765625 0.0517578125 0.1005859375
0 0.462890625 0.48046875 0.044921875 0.1005859375
0 0.611328125 0.48828125 0.0458984375 0.0986328125
0 0.5615234375 0.5498046875 0.0673828125 0.10546875
0 0.0830078125 0.5068359375 0.05078125 0.0751953125
0 0.6533203125 0.48828125 0.048828125 0.09375
0 0.353515625 0.5078125 0.05859375 0.0927734375
0 0.5419921875 0.5361328125 0.0625 0.1005859375
0 0.775390625 0.5068359375 0.05859375 0.09375
1 0.82421875 0.60546875 0.0625 0.0986328125