0 0.7705078125 0.4462890625 0.0458984375 0.072265625
0 0.666015625 0.44140625 0.05859375 0.095703125
0 0.4052734375 0.3544921875 0.0390625 0.068359375
0 0.833984375 0.40625 0.04296875 0.08203125
0 0.6357421875 0.380859375 0.0400390625 0.05078125
0 0.7861328125 0.52734375 0.0537109375 0.1171875
0 0.3359375 0.365234375 0.05078125 0.0751953125
0 0.51171875 0.4619140625 0.052734375 0.09765625
0 0.6748046875 0.3896484375 0.05078125 0.0869140625
0 0.388671875 0.3857421875 0.0546875 0.0703125
0 0.82421875 0.478515625 0.05859375 0.0966796875
0 0.5615234375 0.373046875 0.0703125 0.0810546875
0 0.6142578125 0.453125 0.0693359375 0.1171875
0 0.2958984375 0.4052734375 0.04296875 0.08203125
0 0.5810546875 0.4033203125 0.0673828125 0.095703125
0 0.4658203125 0.5107421875 0.0625 0.1025390625
0 0.2158203125 0.349609375 0.0439453125 0.076171875
0 0.6787109375 0.5146484375 0.0888671875 0.0966796875