0 0.447265625 0.375 0.029296875 0.0703125
0 0.748046875 0.35546875 0.029296875 0.0673828125
0 0.4423828125 0.4560546875 0.0322265625 0.083984375
1 0.7275390625 0.2421875 0.03515625 0.046875
0 0.4677734375 0.40625 0.04296875 0.060546875
0 0.724609375 0.357421875 0.044921875 0.0693359375
0 0.4609375 0.470703125 0.0322265625 0.0810546875
0 0.6796875 0.5517578125 0.03515625 0.0791015625
0 0.4189453125 0.4072265625 0.041015625 0.0576171875
0 0.505859375 0.4033203125 0.0517578125 0.064453125
1 0.0224609375 0.32421875 0.02734375 0.0771484375
0 0.33203125 0.408203125 0.0341796875 0.0810546875
0 0.708984375 0.291015625 0.044921875 0.060546875
0 0.6845703125 0.6767578125 0.0498046875 0.0400390625
0 0.4072265625 0.4619140625 0.05078125 0.0751953125
0 0.7568359375 0.4228515625 0.048828125 0.076171875
0 0.642578125 0.5595703125 0.0673828125 0.087890625