0 0.4931640625 0.474609375 0.0947265625 0.1357421875
0 0.6572265625 0.404296875 0.0947265625 0.1572265625
0 0.671875 0.4580078125 0.0869140625 0.171875
0 0.802734375 0.470703125 0.0712890625 0.15234375
0 0.2587890625 0.498046875 0.0732421875 0.17578125
0 0.4326171875 0.5029296875 0.099609375 0.130859375
0 0.314453125 0.4873046875 0.0732421875 0.177734375
0 0.9638671875 0.3603515625 0.0712890625 0.169921875
0 0.7392578125 0.5283203125 0.0869140625 0.208984375
0 0.82421875 0.595703125 0.14453125 0.201171875
0 0.8828125 0.416015625 0.0966796875 0.201171875