0 0.6279296875 0.330078125 0.0185546875 0.0390625
0 0.6103515625 0.3193359375 0.01953125 0.0322265625
0 0.638671875 0.353515625 0.021484375 0.0263671875
0 0.240234375 0.4345703125 0.0263671875 0.0341796875
0 0.728515625 0.470703125 0.029296875 0.037109375
0 0.66015625 0.380859375 0.029296875 0.03125
0 0.23046875 0.3330078125 0.0263671875 0.04296875
0 0.2353515625 0.4873046875 0.0263671875 0.04296875
0 0.6865234375 0.416015625 0.029296875 0.03515625
0 0.763671875 0.51171875 0.0322265625 0.0419921875
0 0.80078125 0.5595703125 0.0322265625 0.0498046875
0 0.1435546875 0.37890625 0.02734375 0.03515625
0 0.8408203125 0.6083984375 0.03125 0.0478515625
0 0.1298828125 0.552734375 0.037109375 0.044921875
0 0.2412109375 0.6650390625 0.03515625 0.0478515625
0 0.8662109375 0.6416015625 0.0322265625 0.0576171875