0 0.486328125 0.4140625 0.0634765625 0.078125
0 0.357421875 0.4755859375 0.05078125 0.1103515625
0 0.587890625 0.41015625 0.0546875 0.107421875
0 0.3408203125 0.384765625 0.0712890625 0.0712890625
0 0.509765625 0.4365234375 0.083984375 0.107421875
0 0.609375 0.369140625 0.0498046875 0.0869140625
0 0.9130859375 0.5029296875 0.044921875 0.12109375
0 0.548828125 0.3671875 0.0732421875 0.109375
0 0.3955078125 0.462890625 0.05859375 0.09375
1 0.033203125 0.2666015625 0.044921875 0.0947265625
0 0.2998046875 0.4365234375 0.078125 0.1171875