0 0.37890625 0.45703125 0.0390625 0.0390625
1 0.4697265625 0.244140625 0.0263671875 0.0498046875
0 0.46875 0.4755859375 0.05859375 0.044921875
0 0.3701171875 0.4404296875 0.0498046875 0.052734375
0 0.466796875 0.509765625 0.0654296875 0.0478515625
0 0.466796875 0.5537109375 0.0732421875 0.060546875
0 0.2373046875 0.466796875 0.052734375 0.08203125
0 0.3564453125 0.509765625 0.052734375 0.0703125
0 0.4052734375 0.482421875 0.0419921875 0.060546875
0 0.3623046875 0.5322265625 0.05859375 0.060546875
0 0.2197265625 0.498046875 0.0419921875 0.078125
0 0.6455078125 0.294921875 0.03125 0.0625
0 0.607421875 0.4619140625 0.0390625 0.0478515625
0 0.466796875 0.4267578125 0.0546875 0.0556640625
0 0.927734375 0.5595703125 0.0478515625 0.0810546875
0 0.5927734375 0.5029296875 0.0419921875 0.068359375
0 0.3662109375 0.37109375 0.044921875 0.0732421875
0 0.447265625 0.6689453125 0.04296875 0.0869140625
0 0.517578125 0.3759765625 0.0322265625 0.06640625
0 0.421875 0.2978515625 0.04296875 0.060546875
0 0.2958984375 0.658203125 0.0703125 0.09375