1 0.9853515625 0.376953125 0.029296875 0.08984375
0 0.5009765625 0.51171875 0.0390625 0.076171875
0 0.3974609375 0.4599609375 0.0546875 0.076171875
0 0.5625 0.4970703125 0.0498046875 0.0810546875
0 0.42578125 0.427734375 0.0419921875 0.0703125
0 0.48046875 0.4638671875 0.03515625 0.068359375
0 0.447265625 0.478515625 0.04296875 0.0732421875
0 0.458984375 0.5771484375 0.060546875 0.091796875
0 0.5166015625 0.55859375 0.0634765625 0.09765625
0 0.24609375 0.4150390625 0.044921875 0.0791015625
0 0.41015625 0.5205078125 0.0576171875 0.08984375
0 0.28515625 0.576171875 0.0419921875 0.09375
0 0.2548828125 0.353515625 0.0341796875 0.052734375
0 0.240234375 0.513671875 0.0498046875 0.0859375
0 0.201171875 0.638671875 0.0576171875 0.1015625
0 0.7451171875 0.498046875 0.046875 0.078125
0 0.150390625 0.48046875 0.05078125 0.08203125
0 0.3427734375 0.349609375 0.0576171875 0.0732421875