1 0.681640625 0.240234375 0.03515625 0.04296875
0 0.4306640625 0.390625 0.0263671875 0.037109375
1 0.0126953125 0.37109375 0.0244140625 0.0791015625
0 0.576171875 0.57421875 0.037109375 0.0732421875
0 0.3095703125 0.505859375 0.046875 0.076171875
0 0.427734375 0.486328125 0.04296875 0.0791015625
0 0.7099609375 0.279296875 0.029296875 0.0556640625
0 0.677734375 0.279296875 0.0419921875 0.0625
0 0.5205078125 0.6748046875 0.0498046875 0.046875
0 0.58203125 0.6767578125 0.044921875 0.046875
0 0.458984375 0.421875 0.0400390625 0.068359375
0 0.431640625 0.4345703125 0.04296875 0.07421875
0 0.4951171875 0.4404296875 0.046875 0.0810546875
0 0.3837890625 0.45703125 0.0546875 0.0703125
0 0.966796875 0.4794921875 0.060546875 0.07421875
0 0.8134765625 0.390625 0.03515625 0.0712890625
0 0.693359375 0.3955078125 0.060546875 0.07421875
0 0.6591796875 0.595703125 0.0498046875 0.0859375
0 0.6962890625 0.33203125 0.05078125 0.060546875
0 0.3544921875 0.4970703125 0.0556640625 0.078125
0 0.3779296875 0.412109375 0.052734375 0.06640625
0 0.873046875 0.345703125 0.0322265625 0.0654296875