0 0.6005859375 0.392578125 0.06640625 0.0947265625
0 0.65234375 0.4990234375 0.123046875 0.1669921875
0 0.330078125 0.380859375 0.09375 0.18359375
0 0.560546875 0.474609375 0.078125 0.15625
0 0.447265625 0.431640625 0.078125 0.1669921875
0 0.4912109375 0.337890625 0.060546875 0.1025390625
0 0.4677734375 0.611328125 0.1484375 0.1279296875
0 0.4443359375 0.505859375 0.107421875 0.16015625
0 0.884765625 0.4091796875 0.1044921875 0.1806640625
0 0.7587890625 0.4306640625 0.0703125 0.1728515625
0 0.619140625 0.625 0.0888671875 0.193359375
0 0.2880859375 0.509765625 0.1259765625 0.138671875
0 0.541015625 0.64453125 0.0859375 0.1728515625