0 0.529296875 0.443359375 0.03125 0.0478515625
0 0.4814453125 0.41796875 0.037109375 0.0546875
0 0.48828125 0.4501953125 0.044921875 0.0654296875
0 0.478515625 0.357421875 0.029296875 0.04296875
1 0.875 0.326171875 0.02734375 0.0634765625
0 0.666015625 0.4267578125 0.029296875 0.046875
0 0.5498046875 0.46875 0.037109375 0.0625
0 0.591796875 0.48046875 0.044921875 0.05078125
0 0.525390625 0.509765625 0.052734375 0.0634765625
0 0.560546875 0.4033203125 0.0322265625 0.0556640625
0 0.3662109375 0.291015625 0.0263671875 0.044921875
0 0.662109375 0.46875 0.0419921875 0.0625
0 0.41796875 0.2880859375 0.029296875 0.044921875
0 0.451171875 0.443359375 0.05078125 0.0654296875
0 0.2294921875 0.3828125 0.02734375 0.052734375
0 0.603515625 0.630859375 0.04296875 0.0634765625
0 0.4228515625 0.369140625 0.0263671875 0.0546875
0 0.5205078125 0.623046875 0.037109375 0.06640625
0 0.498046875 0.4736328125 0.0478515625 0.0625