0 0.337890625 0.48828125 0.03515625 0.0859375
0 0.3173828125 0.4609375 0.02734375 0.05859375
0 0.30078125 0.498046875 0.0419921875 0.076171875
0 0.19921875 0.5009765625 0.044921875 0.076171875
0 0.32421875 0.4228515625 0.0478515625 0.060546875
0 0.365234375 0.443359375 0.0390625 0.0712890625
0 0.201171875 0.4443359375 0.03515625 0.0703125
0 0.41796875 0.4423828125 0.0419921875 0.068359375
0 0.630859375 0.275390625 0.0322265625 0.0576171875
0 0.6259765625 0.501953125 0.0478515625 0.08203125
0 0.65625 0.494140625 0.0341796875 0.078125
0 0.775390625 0.455078125 0.05859375 0.0810546875
0 0.3994140625 0.455078125 0.0478515625 0.0869140625
0 0.68359375 0.2744140625 0.029296875 0.0576171875
0 0.271484375 0.509765625 0.03515625 0.091796875
0 0.611328125 0.6806640625 0.0625 0.091796875
0 0.7109375 0.369140625 0.0341796875 0.0732421875
0 0.599609375 0.3583984375 0.0478515625 0.0703125
0 0.556640625 0.6826171875 0.06640625 0.08984375