0 0.384765625 0.427734375 0.05078125 0.0546875
0 0.642578125 0.4677734375 0.0400390625 0.0634765625
0 0.6337890625 0.4296875 0.0419921875 0.0498046875
0 0.515625 0.490234375 0.0556640625 0.04296875
0 0.4140625 0.490234375 0.04296875 0.04296875
0 0.5224609375 0.525390625 0.0634765625 0.060546875
0 0.439453125 0.521484375 0.044921875 0.0859375
0 0.478515625 0.419921875 0.0556640625 0.044921875
0 0.3720703125 0.50390625 0.0556640625 0.0791015625
0 0.4853515625 0.462890625 0.05078125 0.05078125
0 0.7275390625 0.4990234375 0.03515625 0.0859375
0 0.3642578125 0.34375 0.04296875 0.068359375
0 0.134765625 0.4775390625 0.044921875 0.06640625
0 0.80859375 0.548828125 0.0419921875 0.083984375
0 0.396484375 0.5517578125 0.0625 0.083984375
0 0.580078125 0.53515625 0.037109375 0.0888671875
0 0.4345703125 0.3408203125 0.02734375 0.07421875