0 0.4609375 0.462890625 0.078125 0.0859375
0 0.5673828125 0.462890625 0.05859375 0.09375
0 0.2294921875 0.4453125 0.0556640625 0.1123046875
0 0.494140625 0.470703125 0.0546875 0.099609375
0 0.560546875 0.494140625 0.06640625 0.099609375
0 0.5400390625 0.380859375 0.05078125 0.0869140625
0 0.5849609375 0.42578125 0.0634765625 0.09765625
0 0.8779296875 0.4453125 0.0498046875 0.115234375
0 0.923828125 0.494140625 0.052734375 0.1123046875
1 0.15625 0.3583984375 0.0498046875 0.1015625
0 0.955078125 0.3525390625 0.05859375 0.09765625
0 0.328125 0.4521484375 0.0712890625 0.0947265625