0 0.392578125 0.3369140625 0.037109375 0.0576171875
0 0.40625 0.392578125 0.0625 0.083984375
0 0.431640625 0.40234375 0.060546875 0.0859375
0 0.474609375 0.35546875 0.0478515625 0.076171875
0 0.501953125 0.4482421875 0.0625 0.09375
0 0.095703125 0.4228515625 0.078125 0.076171875
0 0.4443359375 0.439453125 0.0634765625 0.08203125
0 0.64453125 0.408203125 0.06640625 0.076171875
0 0.5703125 0.361328125 0.0625 0.0810546875
0 0.5830078125 0.6259765625 0.0498046875 0.1044921875
0 0.3408203125 0.4228515625 0.05859375 0.0947265625
0 0.9267578125 0.3544921875 0.0400390625 0.078125
0 0.6103515625 0.3125 0.044921875 0.0712890625
0 0.560546875 0.4755859375 0.0546875 0.091796875
0 0.67578125 0.6201171875 0.0478515625 0.109375