0 0.4736328125 0.5224609375 0.068359375 0.099609375
0 0.2490234375 0.685546875 0.072265625 0.115234375
0 0.419921875 0.4736328125 0.056640625 0.130859375
0 0.4755859375 0.4794921875 0.076171875 0.1181640625
0 0.396484375 0.443359375 0.060546875 0.1181640625
1 0.982421875 0.3291015625 0.03515625 0.1240234375
0 0.0302734375 0.384765625 0.0595703125 0.10546875
0 0.0322265625 0.603515625 0.0634765625 0.1396484375
0 0.482421875 0.63671875 0.072265625 0.1455078125
0 0.744140625 0.5029296875 0.0673828125 0.1298828125
0 0.2919921875 0.4580078125 0.078125 0.107421875