0 0.029296875 0.7197265625 0.0556640625 0.1220703125
0 0.412109375 0.439453125 0.0517578125 0.107421875
0 0.259765625 0.568359375 0.1103515625 0.0517578125
1 0.4482421875 0.2685546875 0.0625 0.0966796875
0 0.373046875 0.4892578125 0.0595703125 0.125
1 0.982421875 0.373046875 0.0341796875 0.1123046875
0 0.345703125 0.470703125 0.068359375 0.1201171875
0 0.44140625 0.6513671875 0.06640625 0.1259765625
0 0.2783203125 0.662109375 0.056640625 0.1025390625
0 0.134765625 0.4169921875 0.0791015625 0.1103515625
0 0.705078125 0.5029296875 0.056640625 0.1279296875
0 0.5927734375 0.5322265625 0.0478515625 0.1220703125
0 0.111328125 0.62890625 0.1064453125 0.138671875
0 0.490234375 0.4931640625 0.0751953125 0.125