0 0.3955078125 0.4736328125 0.0751953125 0.1298828125
1 0.4306640625 0.255859375 0.04296875 0.07421875
0 0.3466796875 0.5380859375 0.0859375 0.044921875
1 0.9833984375 0.345703125 0.033203125 0.1171875
0 0.3193359375 0.4619140625 0.056640625 0.119140625
0 0.0673828125 0.6220703125 0.080078125 0.1455078125
0 0.2734375 0.666015625 0.0517578125 0.0947265625
0 0.4697265625 0.646484375 0.0576171875 0.12890625
0 0.0654296875 0.3955078125 0.0751953125 0.10546875
0 0.5341796875 0.53125 0.08203125 0.119140625
0 0.7255859375 0.5029296875 0.0712890625 0.1279296875
0 0.490234375 0.4951171875 0.0751953125 0.13671875