0 0.783203125 0.4169921875 0.0263671875 0.0498046875
0 0.7978515625 0.3779296875 0.0283203125 0.0439453125
0 0.6826171875 0.5771484375 0.046875 0.0595703125
0 0.75390625 0.4375 0.0361328125 0.0625
0 0.6943359375 0.494140625 0.037109375 0.0556640625
0 0.8076171875 0.4306640625 0.0283203125 0.060546875
0 0.8251953125 0.3681640625 0.0322265625 0.046875
0 0.75390625 0.404296875 0.04296875 0.05859375
0 0.7548828125 0.3056640625 0.029296875 0.0478515625
0 0.8642578125 0.3818359375 0.0234375 0.0546875
0 0.4443359375 0.296875 0.01953125 0.0537109375
0 0.69140625 0.447265625 0.029296875 0.0478515625
0 0.1728515625 0.4541015625 0.0234375 0.0654296875
0 0.4716796875 0.359375 0.0205078125 0.0556640625
0 0.1533203125 0.373046875 0.02734375 0.0498046875
0 0.404296875 0.431640625 0.029296875 0.0576171875
0 0.767578125 0.353515625 0.0322265625 0.046875
0 0.7060546875 0.30859375 0.01953125 0.0478515625
0 0.384765625 0.5107421875 0.021484375 0.0556640625
0 0.21875 0.5673828125 0.03125 0.064453125
0 0.888671875 0.3935546875 0.0234375 0.0625