0 0.447265625 0.462890625 0.0361328125 0.0966796875
0 0.6181640625 0.630859375 0.0546875 0.1025390625
0 0.5966796875 0.6728515625 0.0703125 0.08203125
0 0.3916015625 0.4892578125 0.0439453125 0.1044921875
0 0.4736328125 0.4599609375 0.037109375 0.0947265625
1 0.6103515625 0.251953125 0.0341796875 0.0654296875
0 0.2978515625 0.4716796875 0.0361328125 0.103515625
0 0.083984375 0.5478515625 0.0654296875 0.1015625
0 0.4306640625 0.490234375 0.052734375 0.1103515625
0 0.7451171875 0.3779296875 0.0361328125 0.0869140625
0 0.3466796875 0.5595703125 0.0595703125 0.1025390625
0 0.7763671875 0.3935546875 0.0400390625 0.09375
0 0.2265625 0.53515625 0.0546875 0.107421875
0 0.4912109375 0.583984375 0.05859375 0.1015625