0 0.09375 0.2998046875 0.1044921875 0.158203125
0 0.56640625 0.6357421875 0.0810546875 0.1201171875
0 0.7568359375 0.4609375 0.0771484375 0.13671875
0 0.7802734375 0.294921875 0.1015625 0.146484375
0 0.310546875 0.5068359375 0.087890625 0.1328125
0 0.7060546875 0.4853515625 0.125 0.162109375
0 0.18359375 0.380859375 0.095703125 0.16015625
0 0.2646484375 0.3671875 0.08984375 0.15625
0 0.341796875 0.328125 0.076171875 0.140625
0 0.90625 0.4140625 0.103515625 0.1484375
0 0.5087890625 0.6279296875 0.08984375 0.1416015625