0 0.453125 0.5029296875 0.03125 0.09375
0 0.3134765625 0.46484375 0.0390625 0.0703125
0 0.3544921875 0.5107421875 0.04296875 0.0625
0 0.345703125 0.46484375 0.03515625 0.0419921875
0 0.9326171875 0.5986328125 0.04296875 0.099609375
1 0.6279296875 0.32421875 0.0400390625 0.0859375
0 0.470703125 0.515625 0.03125 0.09375
0 0.57421875 0.4775390625 0.0546875 0.091796875
0 0.6123046875 0.484375 0.0498046875 0.09375
0 0.9716796875 0.615234375 0.046875 0.1044921875
0 0.3076171875 0.533203125 0.05859375 0.107421875
0 0.021484375 0.4970703125 0.0400390625 0.10546875
0 0.513671875 0.4765625 0.0498046875 0.099609375
0 0.3896484375 0.5087890625 0.0634765625 0.107421875
0 0.904296875 0.625 0.0556640625 0.1123046875
0 0.646484375 0.4619140625 0.0625 0.091796875
0 0.126953125 0.494140625 0.046875 0.08203125