0 0.376953125 0.423828125 0.0546875 0.0908203125
0 0.5205078125 0.5537109375 0.046875 0.109375
0 0.5625 0.5400390625 0.0498046875 0.1142578125
0 0.453125 0.4892578125 0.044921875 0.0625
0 0.787109375 0.2841796875 0.0537109375 0.080078125
0 0.4736328125 0.5390625 0.0615234375 0.115234375
0 0.7978515625 0.3984375 0.0615234375 0.0947265625
0 0.912109375 0.576171875 0.0625 0.1171875
0 0.404296875 0.4677734375 0.0498046875 0.1015625
0 0.2431640625 0.4521484375 0.0576171875 0.111328125
0 0.6357421875 0.431640625 0.0595703125 0.109375
0 0.83984375 0.2939453125 0.056640625 0.0849609375
0 0.3515625 0.5947265625 0.05859375 0.123046875
0 0.5673828125 0.4169921875 0.076171875 0.09375