0 0.517578125 0.505859375 0.0791015625 0.037109375
0 0.513671875 0.4658203125 0.0498046875 0.0654296875
0 0.4228515625 0.427734375 0.029296875 0.076171875
0 0.498046875 0.43359375 0.03515625 0.0859375
0 0.44140625 0.455078125 0.0419921875 0.0869140625
0 0.5185546875 0.4013671875 0.03125 0.0654296875
0 0.458984375 0.498046875 0.0576171875 0.078125
0 0.572265625 0.470703125 0.068359375 0.09765625
0 0.3251953125 0.4677734375 0.037109375 0.107421875
0 0.2919921875 0.4638671875 0.0498046875 0.099609375
0 0.408203125 0.267578125 0.02734375 0.0732421875
0 0.529296875 0.29296875 0.037109375 0.0791015625
0 0.302734375 0.3056640625 0.029296875 0.08203125
0 0.4140625 0.5146484375 0.0400390625 0.09765625
0 0.5810546875 0.408203125 0.0400390625 0.09765625
0 0.9619140625 0.443359375 0.0478515625 0.109375
0 0.2607421875 0.578125 0.04296875 0.1181640625
0 0.1162109375 0.46484375 0.044921875 0.09765625
0 0.1640625 0.384765625 0.0341796875 0.0859375