0 0.3818359375 0.4013671875 0.0322265625 0.037109375
0 0.46484375 0.373046875 0.0390625 0.04296875
0 0.4052734375 0.390625 0.0322265625 0.04296875
0 0.556640625 0.404296875 0.0244140625 0.0625
1 0.0546875 0.28515625 0.0244140625 0.05078125
0 0.4775390625 0.33984375 0.0419921875 0.044921875
0 0.560546875 0.3671875 0.03125 0.0400390625
0 0.451171875 0.396484375 0.0400390625 0.044921875
0 0.2763671875 0.3759765625 0.0244140625 0.060546875
0 0.37109375 0.353515625 0.029296875 0.044921875
0 0.28125 0.5146484375 0.046875 0.060546875
0 0.431640625 0.4208984375 0.037109375 0.044921875
0 0.369140625 0.4208984375 0.03515625 0.0419921875
0 0.486328125 0.6416015625 0.0322265625 0.076171875
0 0.4365234375 0.3017578125 0.0419921875 0.0498046875
0 0.5341796875 0.3056640625 0.02734375 0.0478515625
0 0.7685546875 0.359375 0.02734375 0.0556640625
0 0.24609375 0.396484375 0.0263671875 0.0546875
1 0.634765625 0.396484375 0.03125 0.0576171875
0 0.666015625 0.513671875 0.02734375 0.07421875
0 0.509765625 0.46484375 0.03125 0.0634765625
0 0.2529296875 0.646484375 0.0556640625 0.068359375