0 0.8876953125 0.55859375 0.052734375 0.0791015625
0 0.4384765625 0.431640625 0.029296875 0.0546875
0 0.794921875 0.73828125 0.0419921875 0.0859375
0 0.423828125 0.4892578125 0.0390625 0.0869140625
0 0.900390625 0.603515625 0.05859375 0.1025390625
1 0.638671875 0.2734375 0.0390625 0.0810546875
0 0.392578125 0.4736328125 0.0400390625 0.099609375
0 0.34375 0.4287109375 0.0400390625 0.0791015625
0 0.498046875 0.4462890625 0.052734375 0.08203125
0 0.3466796875 0.486328125 0.0556640625 0.09765625
0 0.201171875 0.455078125 0.04296875 0.09765625
0 0.232421875 0.4833984375 0.0400390625 0.08203125
0 0.529296875 0.453125 0.05859375 0.08984375
0 0.7626953125 0.439453125 0.052734375 0.0888671875
0 0.93359375 0.572265625 0.0478515625 0.09765625