0 0.9365234375 0.58984375 0.0966796875 0.1513671875
0 0.84375 0.36328125 0.10546875 0.154296875
0 0.36328125 0.6044921875 0.087890625 0.17578125
0 0.0322265625 0.3388671875 0.0634765625 0.166015625
0 0.3203125 0.4853515625 0.083984375 0.126953125
0 0.70703125 0.291015625 0.1142578125 0.14453125
0 0.490234375 0.458984375 0.0986328125 0.146484375
0 0.580078125 0.466796875 0.1103515625 0.15234375
0 0.0576171875 0.392578125 0.103515625 0.154296875
0 0.234375 0.306640625 0.0908203125 0.15234375
0 0.4140625 0.57421875 0.087890625 0.171875