0 0.474609375 0.41796875 0.02734375 0.0478515625
0 0.4326171875 0.3125 0.02734375 0.052734375
0 0.666015625 0.388671875 0.03515625 0.0654296875
0 0.5712890625 0.4638671875 0.0478515625 0.083984375
0 0.689453125 0.4462890625 0.06640625 0.0791015625
0 0.5478515625 0.4814453125 0.044921875 0.078125
0 0.6982421875 0.39453125 0.046875 0.0703125
0 0.5810546875 0.326171875 0.02734375 0.0556640625
0 0.431640625 0.3837890625 0.0244140625 0.0546875
0 0.296875 0.603515625 0.068359375 0.1279296875
0 0.4658203125 0.4677734375 0.0498046875 0.076171875
0 0.7919921875 0.435546875 0.04296875 0.0576171875
0 0.4208984375 0.47265625 0.044921875 0.0791015625
0 0.873046875 0.419921875 0.0419921875 0.08203125