0 0.369140625 0.44921875 0.0400390625 0.056640625
0 0.431640625 0.4560546875 0.03125 0.052734375
0 0.451171875 0.5283203125 0.05078125 0.1455078125
0 0.39453125 0.43359375 0.0390625 0.064453125
0 0.40625 0.4931640625 0.0576171875 0.09765625
0 0.0625 0.6904296875 0.06640625 0.08984375
0 0.484375 0.51953125 0.0400390625 0.125
0 0.625 0.4150390625 0.0615234375 0.107421875
0 0.3271484375 0.5166015625 0.08984375 0.1337890625
0 0.18359375 0.40234375 0.083984375 0.1103515625
0 0.40234375 0.5810546875 0.060546875 0.13671875
0 0.1171875 0.62890625 0.07421875 0.1484375
0 0.21875 0.6474609375 0.072265625 0.109375
0 0.884765625 0.59765625 0.068359375 0.1455078125
0 0.705078125 0.3798828125 0.05859375 0.12109375
0 0.9267578125 0.556640625 0.0595703125 0.140625