0 0.5888671875 0.44921875 0.0400390625 0.0419921875
0 0.7431640625 0.4326171875 0.0322265625 0.083984375
0 0.61328125 0.48046875 0.0419921875 0.0419921875
0 0.41015625 0.455078125 0.0322265625 0.0732421875
0 0.533203125 0.4404296875 0.052734375 0.03125
0 0.427734375 0.427734375 0.02734375 0.0703125
0 0.638671875 0.4150390625 0.0419921875 0.0576171875
0 0.537109375 0.47265625 0.046875 0.0478515625
0 0.603515625 0.365234375 0.037109375 0.0556640625
0 0.4580078125 0.3818359375 0.021484375 0.06640625
0 0.27734375 0.353515625 0.029296875 0.0556640625
0 0.4892578125 0.5126953125 0.0400390625 0.07421875
0 0.408203125 0.568359375 0.037109375 0.083984375
0 0.6455078125 0.583984375 0.04296875 0.0947265625
0 0.5966796875 0.537109375 0.0498046875 0.0810546875