0 0.84375 0.482421875 0.05078125 0.076171875
0 0.6865234375 0.3857421875 0.0322265625 0.048828125
0 0.712890625 0.384765625 0.0439453125 0.068359375
0 0.55078125 0.48046875 0.05859375 0.0869140625
0 0.6328125 0.408203125 0.05078125 0.0947265625
0 0.59765625 0.447265625 0.0595703125 0.1015625
0 0.591796875 0.3935546875 0.056640625 0.09375
0 0.5302734375 0.419921875 0.046875 0.0673828125
0 0.255859375 0.419921875 0.0546875 0.08984375
0 0.71484375 0.46875 0.046875 0.1171875
0 0.6728515625 0.453125 0.060546875 0.1220703125
0 0.75390625 0.4951171875 0.0537109375 0.1015625
0 0.4775390625 0.470703125 0.06640625 0.0869140625
0 0.814453125 0.5146484375 0.078125 0.10546875
0 0.5595703125 0.560546875 0.07421875 0.109375
0 0.353515625 0.4365234375 0.060546875 0.1181640625