0 0.4794921875 0.458984375 0.0341796875 0.08203125
0 0.501953125 0.4873046875 0.0390625 0.0869140625
0 0.400390625 0.404296875 0.03515625 0.07421875
0 0.4228515625 0.28125 0.0234375 0.0556640625
0 0.439453125 0.439453125 0.04296875 0.0712890625
0 0.357421875 0.4736328125 0.03515625 0.078125
0 0.4541015625 0.462890625 0.0419921875 0.0810546875
0 0.978515625 0.416015625 0.0322265625 0.0888671875
0 0.5478515625 0.302734375 0.0390625 0.0625
0 0.5908203125 0.447265625 0.0341796875 0.083984375
0 0.40234375 0.47265625 0.044921875 0.0947265625
0 0.33984375 0.306640625 0.029296875 0.0654296875
0 0.55859375 0.3955078125 0.0390625 0.078125
0 0.0625 0.3671875 0.0341796875 0.07421875
0 0.3251953125 0.544921875 0.0400390625 0.0947265625
0 0.248046875 0.5908203125 0.0546875 0.1123046875
0 0.9052734375 0.4296875 0.044921875 0.0966796875
0 0.6337890625 0.3974609375 0.029296875 0.0791015625