0 0.5537109375 0.4658203125 0.08203125 0.12109375
0 0.6767578125 0.4501953125 0.068359375 0.068359375
0 0.642578125 0.46484375 0.0634765625 0.0859375
0 0.564453125 0.36328125 0.0810546875 0.091796875
0 0.6669921875 0.412109375 0.05859375 0.068359375
0 0.1279296875 0.3251953125 0.05859375 0.099609375
0 0.693359375 0.5263671875 0.05859375 0.12109375
0 0.97265625 0.490234375 0.0546875 0.1435546875
0 0.5732421875 0.7177734375 0.0712890625 0.1171875
0 0.494140625 0.318359375 0.078125 0.1044921875
0 0.4794921875 0.513671875 0.0810546875 0.1337890625
0 0.388671875 0.2646484375 0.0703125 0.091796875
0 0.7158203125 0.6982421875 0.0966796875 0.1435546875
0 0.1083984375 0.36328125 0.060546875 0.1103515625
0 0.30859375 0.2685546875 0.0634765625 0.0966796875
0 0.91015625 0.5166015625 0.0791015625 0.1201171875
0 0.6533203125 0.583984375 0.068359375 0.146484375
0 0.7548828125 0.5537109375 0.10546875 0.1357421875
0 0.5673828125 0.5546875 0.1025390625 0.1279296875