0 0.5986328125 0.5634765625 0.0458984375 0.115234375
0 0.705078125 0.447265625 0.0537109375 0.08984375
0 0.2255859375 0.5107421875 0.0439453125 0.099609375
0 0.1318359375 0.6162109375 0.05078125 0.1123046875
0 0.1982421875 0.509765625 0.0390625 0.099609375
0 0.8603515625 0.5498046875 0.0517578125 0.12109375
0 0.962890625 0.533203125 0.0556640625 0.109375
0 0.56640625 0.4873046875 0.0546875 0.1044921875
1 0.619140625 0.4033203125 0.0439453125 0.080078125
0 0.173828125 0.619140625 0.052734375 0.107421875
0 0.8974609375 0.576171875 0.0595703125 0.1005859375
0 0.119140625 0.439453125 0.0458984375 0.0849609375
0 0.8134765625 0.5556640625 0.060546875 0.119140625
0 0.75 0.4423828125 0.056640625 0.091796875
0 0.4404296875 0.5234375 0.0556640625 0.0986328125