0 0.5908203125 0.4052734375 0.03515625 0.0634765625
1 0.552734375 0.298828125 0.03515625 0.0625
0 0.8408203125 0.4384765625 0.0546875 0.0859375
0 0.6298828125 0.4443359375 0.037109375 0.0703125
0 0.60546875 0.43359375 0.04296875 0.08203125
0 0.25390625 0.3427734375 0.0263671875 0.056640625
0 0.7919921875 0.4375 0.0361328125 0.0927734375
0 0.7138671875 0.4150390625 0.0361328125 0.0810546875
0 0.66796875 0.4443359375 0.0478515625 0.0830078125
0 0.2275390625 0.3662109375 0.0361328125 0.0576171875
0 0.3095703125 0.3525390625 0.037109375 0.0498046875
0 0.095703125 0.6044921875 0.05078125 0.1005859375
0 0.0341796875 0.6123046875 0.0673828125 0.099609375