0 0.5576171875 0.4013671875 0.0380859375 0.0556640625
0 0.61328125 0.4296875 0.0439453125 0.03515625
0 0.5751953125 0.322265625 0.021484375 0.0419921875
1 0.333984375 0.4052734375 0.017578125 0.056640625
0 0.5068359375 0.3916015625 0.0302734375 0.060546875
0 0.572265625 0.435546875 0.0390625 0.056640625
1 0.966796875 0.302734375 0.01953125 0.05078125
1 0.97265625 0.5107421875 0.0205078125 0.0625
0 0.115234375 0.5537109375 0.03125 0.052734375
0 0.4248046875 0.31640625 0.033203125 0.0439453125
0 0.3935546875 0.509765625 0.033203125 0.056640625
0 0.6181640625 0.359375 0.037109375 0.0498046875
0 0.453125 0.35546875 0.033203125 0.060546875
0 0.4814453125 0.65625 0.03125 0.05078125
0 0.478515625 0.4189453125 0.0400390625 0.0546875
0 0.732421875 0.392578125 0.02734375 0.0517578125
0 0.6845703125 0.390625 0.02734375 0.0546875
0 0.5224609375 0.58984375 0.0302734375 0.0517578125
0 0.294921875 0.6591796875 0.0302734375 0.0478515625