1 0.349609375 0.373046875 0.015625 0.05078125
1 0.958984375 0.2744140625 0.01953125 0.046875
0 0.5546875 0.353515625 0.033203125 0.0302734375
1 0.9638671875 0.4736328125 0.021484375 0.0625
0 0.4755859375 0.35546875 0.02734375 0.0341796875
0 0.6123046875 0.3447265625 0.0390625 0.03125
0 0.4130859375 0.32421875 0.0283203125 0.0673828125
0 0.6083984375 0.408203125 0.033203125 0.044921875
0 0.5439453125 0.384765625 0.03515625 0.0390625
0 0.4560546875 0.287109375 0.0283203125 0.052734375
0 0.4716796875 0.39453125 0.025390625 0.052734375
0 0.76171875 0.373046875 0.02734375 0.05078125
0 0.5595703125 0.3232421875 0.0322265625 0.0390625
0 0.19921875 0.5078125 0.0341796875 0.0537109375
0 0.5400390625 0.4228515625 0.041015625 0.0458984375
0 0.6494140625 0.3984375 0.0302734375 0.0419921875
0 0.6875 0.3701171875 0.0234375 0.0537109375
0 0.626953125 0.2783203125 0.0341796875 0.04296875
0 0.2822265625 0.630859375 0.0302734375 0.060546875
0 0.59765625 0.5556640625 0.041015625 0.0576171875
0 0.4462890625 0.47265625 0.0283203125 0.048828125
0 0.5517578125 0.64453125 0.04296875 0.05859375