0 0.6083984375 0.345703125 0.03515625 0.03125
0 0.541015625 0.38671875 0.033203125 0.0390625
0 0.47265625 0.357421875 0.02734375 0.0361328125
0 0.5498046875 0.35546875 0.033203125 0.03125
0 0.60546875 0.408203125 0.0341796875 0.0439453125
1 0.9560546875 0.474609375 0.0205078125 0.060546875
0 0.5576171875 0.32421875 0.033203125 0.0361328125
0 0.5361328125 0.423828125 0.0419921875 0.044921875
0 0.46875 0.396484375 0.0263671875 0.0537109375
0 0.595703125 0.5546875 0.037109375 0.0546875
0 0.7578125 0.3740234375 0.02734375 0.05078125
0 0.19921875 0.5078125 0.0341796875 0.0546875
0 0.453125 0.2890625 0.02734375 0.052734375
0 0.623046875 0.28125 0.0322265625 0.044921875
0 0.6455078125 0.3994140625 0.0302734375 0.04296875
0 0.40625 0.32421875 0.0302734375 0.0703125
0 0.4443359375 0.47265625 0.02734375 0.0517578125
0 0.283203125 0.630859375 0.03125 0.0595703125
0 0.68359375 0.3701171875 0.0224609375 0.0556640625
0 0.548828125 0.6435546875 0.0400390625 0.05859375