0 0.630859375 0.4326171875 0.037109375 0.0341796875
1 0.140625 0.384765625 0.03125 0.07421875
0 0.654296875 0.3916015625 0.0400390625 0.03515625
0 0.650390625 0.37109375 0.04296875 0.03515625
0 0.66796875 0.423828125 0.044921875 0.04296875
0 0.7138671875 0.4541015625 0.0556640625 0.060546875
1 0.08203125 0.310546875 0.0263671875 0.0712890625
0 0.583984375 0.564453125 0.0498046875 0.07421875
0 0.4033203125 0.42578125 0.0400390625 0.060546875
0 0.4296875 0.388671875 0.037109375 0.05859375
0 0.59375 0.37109375 0.02734375 0.0703125
0 0.6162109375 0.4765625 0.0419921875 0.0625
0 0.71484375 0.501953125 0.06640625 0.06640625
0 0.75 0.4296875 0.0498046875 0.0625
0 0.6767578125 0.697265625 0.052734375 0.0556640625
0 0.6962890625 0.572265625 0.044921875 0.0712890625
0 0.517578125 0.705078125 0.05859375 0.0869140625