0 0.392578125 0.462890625 0.068359375 0.0791015625
0 0.3291015625 0.4970703125 0.0908203125 0.1318359375
0 0.62890625 0.486328125 0.078125 0.125
0 0.580078125 0.275390625 0.046875 0.1123046875
0 0.517578125 0.52734375 0.05859375 0.09765625
0 0.5849609375 0.41015625 0.0595703125 0.1220703125
0 0.5556640625 0.318359375 0.0576171875 0.14453125
0 0.2080078125 0.3994140625 0.078125 0.14453125
0 0.3974609375 0.533203125 0.08984375 0.1162109375
0 0.5146484375 0.349609375 0.0703125 0.1640625
0 0.1865234375 0.466796875 0.080078125 0.1484375
0 0.1298828125 0.3369140625 0.0634765625 0.14453125
0 0.8203125 0.48046875 0.0888671875 0.13671875
0 0.7138671875 0.4599609375 0.083984375 0.125
0 0.3017578125 0.447265625 0.0859375 0.130859375
0 0.0556640625 0.3447265625 0.09765625 0.1357421875
0 0.3173828125 0.556640625 0.08984375 0.14453125