0 0.525390625 0.416015625 0.052734375 0.0791015625
0 0.62109375 0.37890625 0.044921875 0.1015625
0 0.51953125 0.4873046875 0.060546875 0.1025390625
0 0.4814453125 0.30078125 0.05859375 0.0859375
0 0.3359375 0.416015625 0.0498046875 0.08984375
0 0.6435546875 0.375 0.0498046875 0.10546875
0 0.310546875 0.4189453125 0.03515625 0.099609375
0 0.4248046875 0.3115234375 0.0400390625 0.076171875
0 0.4697265625 0.4228515625 0.0478515625 0.091796875
0 0.373046875 0.5615234375 0.052734375 0.0888671875
0 0.2666015625 0.298828125 0.03515625 0.0859375
0 0.607421875 0.5068359375 0.05859375 0.091796875
0 0.04296875 0.275390625 0.05078125 0.083984375