0 0.455078125 0.37109375 0.0595703125 0.087890625
0 0.2958984375 0.59375 0.05859375 0.142578125
0 0.4921875 0.4169921875 0.0556640625 0.083984375
0 0.23046875 0.3916015625 0.052734375 0.1162109375
1 0.9873046875 0.6357421875 0.0244140625 0.1328125
0 0.2421875 0.583984375 0.0693359375 0.1279296875
0 0.3408203125 0.58203125 0.076171875 0.1357421875
0 0.39453125 0.54296875 0.0830078125 0.1171875
0 0.0302734375 0.5966796875 0.056640625 0.1240234375
0 0.208984375 0.5732421875 0.0703125 0.12890625
0 0.662109375 0.501953125 0.0791015625 0.1123046875
0 0.052734375 0.53515625 0.0634765625 0.126953125