0 0.5068359375 0.4169921875 0.0419921875 0.0556640625
0 0.474609375 0.3525390625 0.052734375 0.0419921875
0 0.548828125 0.3271484375 0.0498046875 0.0703125
0 0.7158203125 0.3837890625 0.037109375 0.0791015625
0 0.5732421875 0.3759765625 0.0625 0.0703125
0 0.5087890625 0.482421875 0.05078125 0.0859375
0 0.4560546875 0.384765625 0.0625 0.052734375
0 0.271484375 0.404296875 0.0400390625 0.08203125
0 0.04296875 0.3369140625 0.029296875 0.08203125
0 0.4267578125 0.482421875 0.0712890625 0.0625
0 0.556640625 0.396484375 0.046875 0.060546875
0 0.7021484375 0.4072265625 0.0419921875 0.091796875
0 0.544921875 0.4541015625 0.0576171875 0.076171875
0 0.5439453125 0.525390625 0.0654296875 0.0859375
0 0.455078125 0.32421875 0.0390625 0.06640625
0 0.4296875 0.4365234375 0.078125 0.0546875
0 0.365234375 0.61328125 0.052734375 0.091796875
0 0.240234375 0.470703125 0.0478515625 0.083984375
0 0.5322265625 0.603515625 0.0732421875 0.09765625
0 0.162109375 0.5302734375 0.0419921875 0.091796875