0 0.6005859375 0.3896484375 0.05859375 0.04296875
0 0.5126953125 0.41015625 0.056640625 0.056640625
0 0.60546875 0.4169921875 0.0537109375 0.056640625
0 0.5908203125 0.4892578125 0.06640625 0.08203125
0 0.55859375 0.431640625 0.05859375 0.0625
0 0.623046875 0.5224609375 0.0654296875 0.0732421875
0 0.4619140625 0.4765625 0.0625 0.056640625
0 0.4921875 0.435546875 0.05859375 0.0625
0 0.50390625 0.369140625 0.06640625 0.05859375
0 0.3681640625 0.388671875 0.0439453125 0.0654296875
0 0.462890625 0.5244140625 0.05859375 0.08203125
0 0.27734375 0.375 0.0380859375 0.09375
0 0.5283203125 0.6279296875 0.0732421875 0.109375
0 0.349609375 0.455078125 0.05078125 0.0888671875
0 0.1865234375 0.501953125 0.046875 0.1015625
0 0.359375 0.3203125 0.03515625 0.08203125
0 0.076171875 0.62890625 0.0498046875 0.109375
0 0.748046875 0.439453125 0.05859375 0.0712890625
0 0.8623046875 0.435546875 0.05078125 0.091796875