0 0.841796875 0.462890625 0.0458984375 0.04296875
0 0.8671875 0.55078125 0.03125 0.0537109375
0 0.2265625 0.7099609375 0.0400390625 0.0771484375
1 0.2197265625 0.455078125 0.01953125 0.052734375
0 0.763671875 0.44921875 0.0234375 0.05859375
0 0.8427734375 0.54296875 0.0419921875 0.064453125
0 0.796875 0.4814453125 0.0234375 0.05859375
0 0.232421875 0.6171875 0.029296875 0.05859375
0 0.51953125 0.384765625 0.0283203125 0.05078125
0 0.1982421875 0.6162109375 0.03125 0.0654296875
0 0.55078125 0.4169921875 0.0205078125 0.0576171875
0 0.3505859375 0.568359375 0.0390625 0.0625
0 0.7001953125 0.443359375 0.0234375 0.0556640625
1 0.6201171875 0.48828125 0.0234375 0.056640625
0 0.6162109375 0.3486328125 0.0322265625 0.0576171875
0 0.740234375 0.474609375 0.0244140625 0.0625
0 0.763671875 0.3330078125 0.0244140625 0.046875
0 0.708984375 0.345703125 0.021484375 0.05078125