1 0.83203125 0.2568359375 0.029296875 0.076171875
0 0.435546875 0.560546875 0.052734375 0.046875
1 0.138671875 0.478515625 0.029296875 0.1015625
0 0.37890625 0.5791015625 0.060546875 0.0859375
0 0.6875 0.54296875 0.04296875 0.1044921875
0 0.5947265625 0.4775390625 0.03515625 0.0947265625
0 0.419921875 0.607421875 0.05859375 0.0947265625
0 0.48828125 0.595703125 0.06640625 0.0556640625
0 0.751953125 0.498046875 0.0478515625 0.1044921875
0 0.1689453125 0.560546875 0.0498046875 0.1171875
0 0.322265625 0.61328125 0.0556640625 0.107421875
0 0.861328125 0.4677734375 0.0478515625 0.1044921875
0 0.2060546875 0.609375 0.0654296875 0.109375