0 0.359375 0.42578125 0.04296875 0.0634765625
0 0.345703125 0.380859375 0.02734375 0.037109375
0 0.576171875 0.3251953125 0.03125 0.0498046875
0 0.28515625 0.396484375 0.03515625 0.0634765625
0 0.89453125 0.376953125 0.0322265625 0.0576171875
0 0.39453125 0.421875 0.0419921875 0.0654296875
0 0.6357421875 0.32421875 0.03125 0.0546875
0 0.55078125 0.59765625 0.0546875 0.076171875
0 0.662109375 0.494140625 0.03515625 0.0576171875
0 0.583984375 0.486328125 0.0390625 0.0712890625
0 0.6396484375 0.4287109375 0.0322265625 0.0634765625
0 0.5537109375 0.3779296875 0.0390625 0.0625
0 0.3125 0.4296875 0.046875 0.0654296875
0 0.6015625 0.611328125 0.05859375 0.07421875
0 0.1708984375 0.408203125 0.0390625 0.0703125