0 0.134765625 0.4619140625 0.044921875 0.1044921875
0 0.173828125 0.451171875 0.060546875 0.0966796875
0 0.0380859375 0.4501953125 0.0419921875 0.078125
0 0.2470703125 0.3876953125 0.068359375 0.1025390625
0 0.65625 0.4228515625 0.0712890625 0.091796875
0 0.548828125 0.4501953125 0.06640625 0.0966796875
0 0.2724609375 0.4072265625 0.0546875 0.09765625
0 0.1044921875 0.455078125 0.046875 0.1201171875
0 0.708984375 0.427734375 0.0869140625 0.0791015625
0 0.896484375 0.525390625 0.0712890625 0.0810546875
0 0.2197265625 0.541015625 0.0859375 0.0859375
1 0.22265625 0.2685546875 0.06640625 0.08984375
0 0.6416015625 0.345703125 0.0703125 0.0791015625
0 0.9482421875 0.6552734375 0.052734375 0.1259765625
0 0.48046875 0.482421875 0.08203125 0.1123046875
0 0.5390625 0.34375 0.0654296875 0.09375
0 0.7998046875 0.5205078125 0.0869140625 0.1025390625