0 0.7158203125 0.4755859375 0.0625 0.048828125
0 0.57421875 0.4033203125 0.0673828125 0.126953125
0 0.447265625 0.5 0.0888671875 0.1298828125
0 0.4248046875 0.4013671875 0.064453125 0.0888671875
0 0.7685546875 0.5341796875 0.0673828125 0.1328125
0 0.9609375 0.4091796875 0.0751953125 0.12890625
0 0.0888671875 0.5068359375 0.095703125 0.10546875
0 0.8720703125 0.5361328125 0.08203125 0.130859375
0 0.681640625 0.5478515625 0.1064453125 0.13671875
0 0.7744140625 0.3818359375 0.068359375 0.1279296875
0 0.8154296875 0.55078125 0.0859375 0.1572265625
0 0.5439453125 0.513671875 0.095703125 0.134765625
0 0.6337890625 0.3935546875 0.0712890625 0.119140625
0 0.240234375 0.5341796875 0.080078125 0.1435546875
0 0.3583984375 0.4853515625 0.087890625 0.109375