0 0.4296875 0.4462890625 0.05859375 0.0390625
0 0.435546875 0.416015625 0.052734375 0.04296875
0 0.5595703125 0.3955078125 0.052734375 0.0654296875
0 0.5400390625 0.3388671875 0.0576171875 0.0810546875
0 0.7177734375 0.41015625 0.03515625 0.1044921875
0 0.1767578125 0.3251953125 0.03125 0.083984375
0 0.3193359375 0.4296875 0.0390625 0.0966796875
0 0.5390625 0.4072265625 0.052734375 0.044921875
0 0.74609375 0.443359375 0.0419921875 0.0966796875
0 0.62890625 0.4111328125 0.03515625 0.109375
0 0.5654296875 0.486328125 0.0556640625 0.083984375
0 0.416015625 0.486328125 0.0810546875 0.0732421875
0 0.4658203125 0.37109375 0.0556640625 0.0732421875
0 0.259765625 0.4248046875 0.03515625 0.099609375
0 0.123046875 0.494140625 0.0703125 0.12109375
0 0.50390625 0.4921875 0.060546875 0.099609375
0 0.1376953125 0.3828125 0.04296875 0.09375