0 0.8720703125 0.560546875 0.037109375 0.09375
0 0.873046875 0.703125 0.0400390625 0.046875
0 0.8447265625 0.564453125 0.03515625 0.0966796875
0 0.818359375 0.55078125 0.03515625 0.08203125
0 0.6591796875 0.541015625 0.04296875 0.091796875
0 0.728515625 0.5576171875 0.046875 0.0869140625
0 0.2099609375 0.498046875 0.0419921875 0.0810546875
0 0.0888671875 0.376953125 0.0810546875 0.04296875
0 0.318359375 0.46875 0.0390625 0.078125
0 0.767578125 0.5751953125 0.04296875 0.099609375
0 0.201171875 0.6416015625 0.046875 0.091796875