0 0.412109375 0.4755859375 0.0419921875 0.0390625
0 0.34375 0.4951171875 0.046875 0.0654296875
0 0.314453125 0.4365234375 0.04296875 0.0546875
0 0.3818359375 0.40625 0.0322265625 0.0400390625
0 0.822265625 0.3720703125 0.0322265625 0.0556640625
0 0.396484375 0.4423828125 0.0419921875 0.0400390625
0 0.4619140625 0.361328125 0.0263671875 0.060546875
0 0.8427734375 0.4873046875 0.0390625 0.07421875
0 0.5361328125 0.42578125 0.0341796875 0.0576171875
0 0.552734375 0.310546875 0.029296875 0.0498046875
0 0.5673828125 0.4765625 0.037109375 0.0556640625
0 0.1064453125 0.4716796875 0.0400390625 0.0712890625
0 0.431640625 0.513671875 0.06640625 0.0634765625
0 0.2529296875 0.3076171875 0.0400390625 0.0556640625
0 0.484375 0.6064453125 0.04296875 0.0712890625
0 0.2900390625 0.3759765625 0.0478515625 0.0546875
0 0.37890625 0.595703125 0.060546875 0.0791015625