0 0.6728515625 0.439453125 0.0419921875 0.0546875
0 0.9375 0.7138671875 0.03125 0.04296875
0 0.19140625 0.705078125 0.03515625 0.05859375
0 0.642578125 0.333984375 0.021484375 0.0576171875
0 0.6640625 0.3818359375 0.0341796875 0.06640625
0 0.7861328125 0.5419921875 0.04296875 0.07421875
0 0.4931640625 0.6796875 0.0322265625 0.037109375
0 0.7763671875 0.486328125 0.02734375 0.0556640625
0 0.9404296875 0.6357421875 0.04296875 0.083984375
0 0.513671875 0.40234375 0.02734375 0.0732421875
0 0.498046875 0.3447265625 0.02734375 0.0576171875
0 0.95703125 0.7001953125 0.0478515625 0.068359375
0 0.4697265625 0.3837890625 0.0263671875 0.0634765625
0 0.2939453125 0.369140625 0.02734375 0.0634765625
0 0.671875 0.470703125 0.04296875 0.06640625
0 0.3935546875 0.5107421875 0.02734375 0.0712890625
0 0.4951171875 0.466796875 0.03125 0.0625
0 0.826171875 0.556640625 0.046875 0.0791015625
0 0.482421875 0.580078125 0.02734375 0.076171875
0 0.5771484375 0.666015625 0.0419921875 0.06640625