0 0.435546875 0.4326171875 0.037109375 0.0654296875
0 0.4208984375 0.509765625 0.05078125 0.083984375
1 0.587890625 0.251953125 0.03125 0.0654296875
0 0.4306640625 0.4765625 0.06640625 0.0869140625
0 0.3359375 0.455078125 0.0400390625 0.0576171875
0 0.2919921875 0.560546875 0.0498046875 0.0859375
0 0.3818359375 0.439453125 0.0419921875 0.076171875
0 0.4013671875 0.5400390625 0.0556640625 0.09765625
0 0.349609375 0.5693359375 0.0556640625 0.1015625
0 0.3837890625 0.376953125 0.0419921875 0.0703125
0 0.5439453125 0.3828125 0.0341796875 0.068359375
0 0.1298828125 0.509765625 0.0498046875 0.08984375
0 0.548828125 0.548828125 0.0419921875 0.0966796875
0 0.6083984375 0.49609375 0.044921875 0.0859375
0 0.23828125 0.5673828125 0.0478515625 0.08984375
0 0.193359375 0.48046875 0.0498046875 0.091796875
0 0.8603515625 0.341796875 0.0390625 0.0732421875
0 0.599609375 0.60546875 0.044921875 0.1015625
0 0.4814453125 0.3251953125 0.05859375 0.0712890625