0 0.509765625 0.41796875 0.0390625 0.0576171875
0 0.5419921875 0.4462890625 0.0400390625 0.0478515625
0 0.5068359375 0.451171875 0.0419921875 0.06640625
0 0.5439453125 0.5009765625 0.037109375 0.0703125
0 0.4619140625 0.689453125 0.0478515625 0.0703125
0 0.560546875 0.544921875 0.044921875 0.0947265625
0 0.244140625 0.2939453125 0.0498046875 0.068359375
0 0.5126953125 0.689453125 0.05859375 0.0712890625
0 0.498046875 0.5146484375 0.052734375 0.0888671875
0 0.330078125 0.390625 0.052734375 0.07421875
1 0.9462890625 0.330078125 0.0419921875 0.078125
0 0.7275390625 0.4765625 0.0478515625 0.08984375
0 0.1767578125 0.3642578125 0.037109375 0.068359375
0 0.2119140625 0.416015625 0.03515625 0.0791015625
0 0.357421875 0.28125 0.0546875 0.0625
0 0.2392578125 0.529296875 0.037109375 0.0791015625
0 0.4404296875 0.369140625 0.0556640625 0.0654296875
0 0.7041015625 0.517578125 0.0478515625 0.0810546875
0 0.603515625 0.5283203125 0.0556640625 0.0810546875
0 0.5771484375 0.4365234375 0.05078125 0.076171875