0 0.53125 0.404296875 0.0341796875 0.0556640625
0 0.3505859375 0.34375 0.03515625 0.0556640625
0 0.619140625 0.4697265625 0.0390625 0.0791015625
0 0.306640625 0.2998046875 0.0341796875 0.05859375
0 0.572265625 0.396484375 0.03515625 0.078125
0 0.2705078125 0.3056640625 0.03125 0.060546875
0 0.314453125 0.392578125 0.044921875 0.0732421875
0 0.556640625 0.45703125 0.04296875 0.0791015625
0 0.337890625 0.603515625 0.0498046875 0.0859375
0 0.326171875 0.5322265625 0.05078125 0.0791015625
0 0.5966796875 0.482421875 0.046875 0.0869140625
0 0.3564453125 0.3818359375 0.05859375 0.060546875
0 0.275390625 0.427734375 0.05078125 0.0859375
0 0.4833984375 0.412109375 0.044921875 0.083984375
0 0.6728515625 0.4228515625 0.03515625 0.0859375
0 0.451171875 0.58984375 0.076171875 0.1015625
0 0.5 0.447265625 0.0556640625 0.09375
0 0.373046875 0.517578125 0.068359375 0.083984375