0 0.5400390625 0.333984375 0.0263671875 0.0546875
0 0.716796875 0.4072265625 0.03515625 0.0390625
0 0.642578125 0.443359375 0.0546875 0.0546875
0 0.6669921875 0.4013671875 0.037109375 0.052734375
0 0.05859375 0.4609375 0.03515625 0.0810546875
0 0.48046875 0.392578125 0.0322265625 0.0634765625
0 0.818359375 0.38671875 0.0400390625 0.0732421875
0 0.48828125 0.4453125 0.03515625 0.078125
0 0.6103515625 0.330078125 0.03515625 0.052734375
0 0.724609375 0.44140625 0.0556640625 0.0703125
0 0.580078125 0.37109375 0.044921875 0.060546875
0 0.486328125 0.552734375 0.0390625 0.09765625
0 0.138671875 0.3720703125 0.0400390625 0.07421875
0 0.5224609375 0.458984375 0.0322265625 0.0791015625
0 0.603515625 0.4033203125 0.0498046875 0.0498046875
0 0.810546875 0.4541015625 0.0576171875 0.0791015625
0 0.8974609375 0.5556640625 0.0703125 0.0859375