0 0.291015625 0.431640625 0.0390625 0.03515625
0 0.2978515625 0.5 0.0419921875 0.068359375
0 0.298828125 0.455078125 0.0400390625 0.037109375
0 0.337890625 0.474609375 0.03515625 0.0498046875
1 0.3125 0.2451171875 0.0244140625 0.052734375
0 0.4150390625 0.5634765625 0.044921875 0.0732421875
0 0.390625 0.533203125 0.052734375 0.0498046875
0 0.3994140625 0.5029296875 0.0546875 0.0400390625
0 0.8408203125 0.505859375 0.037109375 0.0791015625
0 0.380859375 0.439453125 0.04296875 0.0341796875
0 0.7724609375 0.3896484375 0.029296875 0.0703125
0 0.388671875 0.466796875 0.0498046875 0.0419921875
0 0.173828125 0.4658203125 0.046875 0.0810546875
0 0.2978515625 0.392578125 0.03515625 0.0546875
0 0.568359375 0.4658203125 0.03515625 0.068359375
0 0.150390625 0.439453125 0.0419921875 0.0654296875
0 0.2646484375 0.4326171875 0.0419921875 0.0556640625
0 0.595703125 0.37109375 0.0400390625 0.060546875
0 0.529296875 0.431640625 0.0341796875 0.07421875
0 0.2119140625 0.4306640625 0.0322265625 0.06640625
0 0.4091796875 0.3916015625 0.03125 0.0703125
0 0.3388671875 0.5498046875 0.0556640625 0.078125