0 0.474609375 0.4345703125 0.04296875 0.05859375
0 0.4287109375 0.46484375 0.05078125 0.06640625
0 0.478515625 0.4599609375 0.0576171875 0.0703125
0 0.5869140625 0.408203125 0.044921875 0.0703125
0 0.763671875 0.6650390625 0.06640625 0.08203125
0 0.3076171875 0.283203125 0.0341796875 0.052734375
0 0.57421875 0.533203125 0.060546875 0.0888671875
0 0.6982421875 0.6875 0.078125 0.083984375
0 0.646484375 0.47265625 0.05078125 0.0732421875
0 0.4443359375 0.3466796875 0.03515625 0.0625
0 0.3828125 0.357421875 0.03125 0.0634765625
0 0.291015625 0.4677734375 0.0576171875 0.0703125
0 0.3974609375 0.2822265625 0.03515625 0.060546875
0 0.314453125 0.482421875 0.0556640625 0.083984375
0 0.5146484375 0.52734375 0.0732421875 0.0732421875
0 0.4931640625 0.486328125 0.0732421875 0.08203125
0 0.59765625 0.501953125 0.0703125 0.076171875