0 0.4091796875 0.478515625 0.052734375 0.04296875
0 0.5234375 0.5517578125 0.0712890625 0.078125
0 0.404296875 0.5224609375 0.060546875 0.076171875
0 0.5029296875 0.5107421875 0.0556640625 0.0556640625
0 0.4443359375 0.4150390625 0.05078125 0.0703125
0 0.2119140625 0.4814453125 0.0576171875 0.10546875
0 0.3603515625 0.541015625 0.0576171875 0.099609375
0 0.34765625 0.4462890625 0.0546875 0.0634765625
0 0.6640625 0.5458984375 0.04296875 0.09765625
0 0.4677734375 0.47265625 0.060546875 0.0634765625
0 0.400390625 0.3486328125 0.0322265625 0.078125
0 0.9228515625 0.587890625 0.0419921875 0.1103515625
0 0.18359375 0.52734375 0.05078125 0.0859375
0 0.2412109375 0.357421875 0.060546875 0.08984375
0 0.3603515625 0.470703125 0.06640625 0.0634765625
0 0.2958984375 0.369140625 0.06640625 0.083984375
0 0.6826171875 0.5126953125 0.04296875 0.0966796875
0 0.630859375 0.345703125 0.0419921875 0.0732421875
0 0.451171875 0.587890625 0.0810546875 0.1015625
0 0.634765625 0.4609375 0.0419921875 0.09375