0 0.3837890625 0.4755859375 0.0576171875 0.0703125
0 0.3525390625 0.416015625 0.03515625 0.0419921875
0 0.1484375 0.501953125 0.0556640625 0.0791015625
0 0.3828125 0.322265625 0.0400390625 0.0556640625
0 0.369140625 0.5009765625 0.052734375 0.0703125
0 0.310546875 0.4970703125 0.0576171875 0.0712890625
0 0.853515625 0.3828125 0.02734375 0.0625
0 0.3662109375 0.5478515625 0.0390625 0.08203125
0 0.318359375 0.52734375 0.052734375 0.0703125
0 0.26953125 0.404296875 0.0322265625 0.0712890625
0 0.80859375 0.5126953125 0.0390625 0.0810546875
0 0.291015625 0.44921875 0.04296875 0.076171875
0 0.505859375 0.3798828125 0.0322265625 0.068359375
0 0.322265625 0.373046875 0.05078125 0.0625
0 0.59765625 0.3193359375 0.029296875 0.0576171875
0 0.556640625 0.44140625 0.03515625 0.076171875
0 0.5048828125 0.576171875 0.052734375 0.08203125