0 0.658203125 0.4052734375 0.044921875 0.0419921875
0 0.71875 0.396484375 0.0400390625 0.0390625
0 0.1630859375 0.388671875 0.0322265625 0.08203125
0 0.013671875 0.4521484375 0.0263671875 0.0888671875
0 0.708984375 0.3623046875 0.037109375 0.046875
0 0.787109375 0.46484375 0.03515625 0.0859375
0 0.7421875 0.396484375 0.037109375 0.0634765625
0 0.7421875 0.466796875 0.04296875 0.0654296875
0 0.900390625 0.4482421875 0.0400390625 0.0712890625
0 0.873046875 0.4189453125 0.044921875 0.078125
0 0.6865234375 0.4755859375 0.044921875 0.06640625
0 0.40234375 0.3681640625 0.03515625 0.060546875
0 0.3193359375 0.4716796875 0.03515625 0.09375
0 0.541015625 0.396484375 0.03125 0.0732421875
0 0.5244140625 0.4814453125 0.0322265625 0.0810546875
0 0.4921875 0.4462890625 0.0341796875 0.0791015625