0 0.8564453125 0.599609375 0.0498046875 0.05859375
0 0.75 0.4619140625 0.02734375 0.060546875
0 0.654296875 0.326171875 0.0390625 0.05078125
0 0.3173828125 0.330078125 0.03125 0.044921875
0 0.3115234375 0.419921875 0.03515625 0.05078125
0 0.3271484375 0.36328125 0.029296875 0.0478515625
0 0.7158203125 0.4384765625 0.0341796875 0.0634765625
0 0.615234375 0.2783203125 0.03515625 0.04296875
0 0.185546875 0.3037109375 0.0341796875 0.0419921875
0 0.302734375 0.298828125 0.037109375 0.0400390625
0 0.3203125 0.458984375 0.04296875 0.060546875
0 0.3603515625 0.6376953125 0.044921875 0.0712890625
0 0.3515625 0.59765625 0.0400390625 0.060546875
0 0.8212890625 0.560546875 0.03515625 0.06640625
0 0.8671875 0.625 0.0498046875 0.068359375
0 0.177734375 0.642578125 0.05078125 0.0732421875
0 0.3427734375 0.533203125 0.044921875 0.0556640625
0 0.7724609375 0.482421875 0.05078125 0.060546875