0 0.5703125 0.466796875 0.04296875 0.04296875
0 0.333984375 0.3818359375 0.0244140625 0.06640625
0 0.4794921875 0.501953125 0.0498046875 0.0400390625
1 0.529296875 0.2451171875 0.03515625 0.052734375
0 0.486328125 0.42578125 0.0576171875 0.05078125
0 0.5634765625 0.517578125 0.0478515625 0.068359375
0 0.533203125 0.4853515625 0.0498046875 0.0478515625
0 0.478515625 0.4638671875 0.0556640625 0.046875
0 0.3291015625 0.447265625 0.0322265625 0.0791015625
0 0.2978515625 0.4951171875 0.0322265625 0.083984375
0 0.568359375 0.4384765625 0.0400390625 0.03515625
0 0.142578125 0.404296875 0.03125 0.0732421875
0 0.091796875 0.6552734375 0.05078125 0.1044921875
0 0.802734375 0.48046875 0.0478515625 0.0703125
0 0.470703125 0.302734375 0.0244140625 0.0654296875
0 0.4560546875 0.541015625 0.0625 0.0703125
0 0.5634765625 0.3037109375 0.0419921875 0.0634765625
0 0.7333984375 0.427734375 0.0322265625 0.068359375
0 0.55078125 0.6728515625 0.0703125 0.0888671875
0 0.623046875 0.4443359375 0.0400390625 0.0703125