1 0.564453125 0.244140625 0.02734375 0.05078125
0 0.4365234375 0.4150390625 0.0322265625 0.0546875
0 0.708984375 0.412109375 0.0419921875 0.0556640625
0 0.6865234375 0.39453125 0.0322265625 0.091796875
0 0.482421875 0.4384765625 0.044921875 0.06640625
0 0.5400390625 0.4560546875 0.0576171875 0.05859375
0 0.470703125 0.3662109375 0.0419921875 0.0419921875
0 0.423828125 0.470703125 0.0546875 0.0703125
0 0.716796875 0.4697265625 0.0419921875 0.0859375
0 0.556640625 0.42578125 0.0576171875 0.0576171875
0 0.5361328125 0.4873046875 0.0654296875 0.0869140625
0 0.5625 0.357421875 0.0400390625 0.0546875
0 0.404296875 0.396484375 0.046875 0.0712890625
0 0.771484375 0.5654296875 0.0400390625 0.1123046875
0 0.7998046875 0.365234375 0.0400390625 0.0810546875
0 0.3974609375 0.5634765625 0.0732421875 0.0947265625
0 0.16015625 0.427734375 0.0478515625 0.08203125