0 0.572265625 0.4990234375 0.044921875 0.0859375
0 0.654296875 0.4765625 0.04296875 0.083984375
0 0.671875 0.443359375 0.037109375 0.0703125
0 0.625 0.478515625 0.046875 0.078125
0 0.546875 0.51953125 0.0625 0.0888671875
0 0.6796875 0.513671875 0.0400390625 0.076171875
0 0.619140625 0.447265625 0.0654296875 0.0703125
0 0.294921875 0.478515625 0.052734375 0.09765625
1 0.294921875 0.24609375 0.0419921875 0.0546875
0 0.75 0.4912109375 0.052734375 0.0859375
1 0.943359375 0.34375 0.037109375 0.0810546875
0 0.7197265625 0.525390625 0.0546875 0.08984375
0 0.240234375 0.470703125 0.052734375 0.0869140625
0 0.2294921875 0.642578125 0.052734375 0.08203125
0 0.1162109375 0.66015625 0.0576171875 0.0859375