0 0.3095703125 0.3388671875 0.0341796875 0.05859375
0 0.509765625 0.4931640625 0.046875 0.0888671875
0 0.36328125 0.478515625 0.0390625 0.0791015625
0 0.4296875 0.4697265625 0.0341796875 0.076171875
0 0.5322265625 0.474609375 0.03515625 0.078125
0 0.333984375 0.33984375 0.03515625 0.060546875
0 0.349609375 0.4453125 0.0576171875 0.0654296875
0 0.4599609375 0.49609375 0.0546875 0.08203125
0 0.376953125 0.275390625 0.05078125 0.060546875
0 0.3046875 0.546875 0.052734375 0.083984375
0 0.1484375 0.294921875 0.03125 0.0546875
0 0.2763671875 0.408203125 0.03125 0.0654296875
0 0.802734375 0.4453125 0.0546875 0.07421875