0 0.564453125 0.392578125 0.046875 0.0390625
0 0.55078125 0.4453125 0.0546875 0.0625
0 0.4736328125 0.3095703125 0.04296875 0.0712890625
0 0.474609375 0.4736328125 0.0791015625 0.05859375
0 0.4609375 0.4375 0.078125 0.05859375
0 0.0205078125 0.529296875 0.0400390625 0.0966796875
0 0.427734375 0.3720703125 0.0419921875 0.0712890625
0 0.7236328125 0.4208984375 0.0625 0.0947265625
0 0.5048828125 0.505859375 0.068359375 0.0625
0 0.7685546875 0.4541015625 0.046875 0.0888671875
0 0.322265625 0.4140625 0.04296875 0.078125
0 0.5029296875 0.3642578125 0.052734375 0.0810546875
0 0.6083984375 0.4638671875 0.0576171875 0.0810546875
0 0.216796875 0.3134765625 0.0390625 0.0703125
0 0.4423828125 0.4140625 0.0625 0.0556640625
0 0.603515625 0.392578125 0.046875 0.0703125
0 0.521484375 0.583984375 0.046875 0.0966796875
0 0.669921875 0.5615234375 0.06640625 0.1044921875
0 0.330078125 0.4609375 0.0498046875 0.078125