0 0.587890625 0.388671875 0.037109375 0.07421875
0 0.201171875 0.361328125 0.04296875 0.083984375
0 0.6025390625 0.474609375 0.0546875 0.09375
0 0.357421875 0.357421875 0.0478515625 0.0888671875
0 0.025390625 0.64453125 0.05078125 0.11328125
0 0.6513671875 0.513671875 0.052734375 0.1044921875
0 0.2021484375 0.5302734375 0.0576171875 0.076171875
0 0.2529296875 0.4619140625 0.04296875 0.0859375
0 0.2578125 0.5322265625 0.0625 0.0888671875
0 0.28125 0.623046875 0.0556640625 0.1103515625
0 0.0478515625 0.439453125 0.05078125 0.091796875
0 0.7666015625 0.435546875 0.05078125 0.099609375
0 0.6220703125 0.4033203125 0.052734375 0.083984375
0 0.7021484375 0.498046875 0.06640625 0.08984375
0 0.123046875 0.431640625 0.0498046875 0.0869140625
0 0.5361328125 0.455078125 0.068359375 0.09765625