0 0.638671875 0.58203125 0.0888671875 0.0576171875
0 0.619140625 0.494140625 0.0732421875 0.052734375
0 0.6181640625 0.5439453125 0.0859375 0.068359375
0 0.5283203125 0.5029296875 0.068359375 0.046875
0 0.7783203125 0.451171875 0.0625 0.0654296875
0 0.912109375 0.50390625 0.0654296875 0.1015625
0 0.478515625 0.4521484375 0.07421875 0.05078125
0 0.787109375 0.5478515625 0.068359375 0.107421875
0 0.595703125 0.4013671875 0.068359375 0.05859375
0 0.9052734375 0.611328125 0.06640625 0.1171875
0 0.4677734375 0.5078125 0.0634765625 0.083984375
0 0.658203125 0.6376953125 0.1015625 0.125
0 0.248046875 0.5283203125 0.0732421875 0.08984375
0 0.1015625 0.513671875 0.068359375 0.1171875
0 0.720703125 0.4189453125 0.06640625 0.0966796875
0 0.4931640625 0.62109375 0.08203125 0.0888671875