0 0.376953125 0.40625 0.03515625 0.0517578125
0 0.4150390625 0.51171875 0.0517578125 0.0810546875
1 0.9853515625 0.5302734375 0.02734375 0.09765625
0 0.1943359375 0.705078125 0.0458984375 0.05078125
0 0.2783203125 0.689453125 0.04296875 0.0830078125
0 0.3427734375 0.48828125 0.056640625 0.09375
0 0.47265625 0.38671875 0.0302734375 0.0693359375
0 0.3291015625 0.4580078125 0.0625 0.08203125
0 0.5703125 0.47265625 0.0517578125 0.08203125
0 0.630859375 0.4775390625 0.060546875 0.0966796875
0 0.35546875 0.51953125 0.064453125 0.1005859375
0 0.279296875 0.5458984375 0.0556640625 0.087890625
0 0.43359375 0.44140625 0.056640625 0.0771484375
0 0.24609375 0.359375 0.0517578125 0.0615234375