0 0.953125 0.4775390625 0.04296875 0.0576171875
0 0.037109375 0.4228515625 0.03125 0.03515625
0 0.1201171875 0.4482421875 0.037109375 0.05859375
0 0.013671875 0.458984375 0.0263671875 0.07421875
0 0.080078125 0.4521484375 0.03515625 0.044921875
0 0.0458984375 0.4580078125 0.0419921875 0.0654296875
0 0.939453125 0.4599609375 0.0419921875 0.060546875
0 0.15234375 0.439453125 0.0419921875 0.0625
0 0.525390625 0.322265625 0.01953125 0.04296875
0 0.939453125 0.6826171875 0.0390625 0.0869140625
0 0.783203125 0.48046875 0.0234375 0.0634765625
0 0.68359375 0.3984375 0.0419921875 0.052734375
0 0.7353515625 0.505859375 0.0419921875 0.06640625