0 0.7412109375 0.5146484375 0.095703125 0.072265625
0 0.359375 0.388671875 0.0380859375 0.046875
0 0.306640625 0.4130859375 0.060546875 0.10546875
0 0.669921875 0.5 0.0546875 0.1015625
0 0.38671875 0.4931640625 0.0625 0.0849609375
0 0.59765625 0.484375 0.0771484375 0.134765625
0 0.46484375 0.49609375 0.0859375 0.046875
0 0.439453125 0.435546875 0.064453125 0.0927734375
0 0.708984375 0.447265625 0.052734375 0.09375
0 0.2744140625 0.4384765625 0.06640625 0.103515625
0 0.6484375 0.365234375 0.0517578125 0.11328125
0 0.357421875 0.4580078125 0.078125 0.12890625
0 0.884765625 0.455078125 0.068359375 0.1064453125
0 0.5380859375 0.4921875 0.060546875 0.134765625
0 0.953125 0.453125 0.0546875 0.1318359375
0 0.1875 0.4736328125 0.05078125 0.1201171875
0 0.044921875 0.5458984375 0.0693359375 0.1328125