0 0.6259765625 0.3955078125 0.0390625 0.0576171875
0 0.6484375 0.3857421875 0.0380859375 0.0654296875
0 0.6201171875 0.447265625 0.03515625 0.07421875
0 0.541015625 0.37109375 0.03125 0.064453125
0 0.65234375 0.478515625 0.041015625 0.0830078125
0 0.48828125 0.2744140625 0.033203125 0.060546875
0 0.095703125 0.541015625 0.044921875 0.07421875
0 0.05859375 0.369140625 0.037109375 0.0654296875
0 0.791015625 0.4287109375 0.03125 0.0859375
0 0.5166015625 0.267578125 0.0390625 0.05859375
0 0.373046875 0.66796875 0.072265625 0.087890625
0 0.5634765625 0.4072265625 0.0537109375 0.05859375
0 0.4833984375 0.515625 0.03125 0.0673828125
0 0.673828125 0.4287109375 0.046875 0.060546875
0 0.453125 0.5380859375 0.0498046875 0.07421875
0 0.5810546875 0.4365234375 0.0556640625 0.068359375
0 0.3203125 0.392578125 0.03125 0.0673828125
0 0.34375 0.5546875 0.04296875 0.0810546875
0 0.3291015625 0.47265625 0.04296875 0.0625
0 0.103515625 0.6640625 0.05859375 0.0888671875