0 0.5126953125 0.533203125 0.052734375 0.060546875
0 0.548828125 0.5478515625 0.0576171875 0.1015625
1 0.724609375 0.25390625 0.04296875 0.0703125
0 0.455078125 0.4765625 0.0478515625 0.0712890625
0 0.5478515625 0.498046875 0.076171875 0.0712890625
0 0.482421875 0.408203125 0.052734375 0.04296875
0 0.494140625 0.4609375 0.052734375 0.0712890625
0 0.5791015625 0.615234375 0.0576171875 0.10546875
0 0.2763671875 0.443359375 0.052734375 0.09765625
0 0.642578125 0.4208984375 0.0888671875 0.0634765625
0 0.7119140625 0.423828125 0.05078125 0.07421875
0 0.58984375 0.4638671875 0.0888671875 0.083984375
0 0.720703125 0.4931640625 0.0576171875 0.0888671875
0 0.658203125 0.3857421875 0.044921875 0.0869140625
0 0.4169921875 0.490234375 0.05859375 0.08203125
0 0.5517578125 0.376953125 0.0712890625 0.09375
0 0.365234375 0.5595703125 0.07421875 0.109375
0 0.966796875 0.38671875 0.05078125 0.0888671875
0 0.2939453125 0.521484375 0.08984375 0.09375
0 0.4677734375 0.3798828125 0.06640625 0.083984375