0 0.939453125 0.3876953125 0.0380859375 0.0830078125
0 0.826171875 0.6416015625 0.0400390625 0.10546875
0 0.794921875 0.640625 0.046875 0.099609375
1 0.4794921875 0.291015625 0.04296875 0.06640625
0 0.984375 0.6025390625 0.0302734375 0.1005859375
0 0.5419921875 0.458984375 0.037109375 0.0810546875
0 0.23828125 0.578125 0.05078125 0.1064453125
0 0.2939453125 0.572265625 0.044921875 0.095703125
0 0.6943359375 0.46484375 0.03515625 0.083984375
0 0.8818359375 0.416015625 0.046875 0.08203125
0 0.193359375 0.61328125 0.0498046875 0.095703125