0 0.58984375 0.443359375 0.0390625 0.06640625
1 0.564453125 0.240234375 0.0244140625 0.04296875
0 0.642578125 0.4345703125 0.029296875 0.052734375
0 0.6259765625 0.4697265625 0.03515625 0.0576171875
0 0.658203125 0.52734375 0.05078125 0.0576171875
0 0.33984375 0.400390625 0.029296875 0.0625
0 0.5380859375 0.412109375 0.0478515625 0.044921875
0 0.5556640625 0.525390625 0.0576171875 0.0498046875
0 0.455078125 0.501953125 0.0400390625 0.046875
0 0.556640625 0.4814453125 0.0556640625 0.05859375
0 0.60546875 0.3603515625 0.0478515625 0.0634765625
0 0.5439453125 0.443359375 0.0556640625 0.0625
0 0.3876953125 0.443359375 0.0341796875 0.06640625
0 0.869140625 0.44921875 0.0390625 0.0634765625
0 0.5078125 0.36328125 0.03125 0.0576171875
0 0.7060546875 0.4375 0.02734375 0.0654296875
0 0.427734375 0.552734375 0.052734375 0.078125
0 0.3046875 0.384765625 0.0556640625 0.05859375