0 0.736328125 0.6884765625 0.044921875 0.0751953125
0 0.912109375 0.388671875 0.03515625 0.09765625
0 0.197265625 0.59375 0.052734375 0.111328125
0 0.705078125 0.654296875 0.041015625 0.103515625
1 0.40234375 0.3076171875 0.0458984375 0.078125
0 0.1298828125 0.6494140625 0.0439453125 0.1044921875
0 0.9541015625 0.6376953125 0.0361328125 0.1083984375
0 0.4697265625 0.4775390625 0.0419921875 0.091796875
0 0.2451171875 0.59375 0.0546875 0.1005859375
0 0.79296875 0.41796875 0.0546875 0.0859375
0 0.615234375 0.47265625 0.037109375 0.08984375