0 0.642578125 0.4140625 0.037109375 0.0625
0 0.681640625 0.337890625 0.037109375 0.0390625
0 0.751953125 0.3642578125 0.03515625 0.068359375
0 0.712890625 0.369140625 0.0419921875 0.06640625
0 0.330078125 0.296875 0.029296875 0.0556640625
0 0.677734375 0.4482421875 0.0390625 0.078125
0 0.689453125 0.38671875 0.046875 0.0732421875
0 0.400390625 0.359375 0.0341796875 0.0712890625
0 0.60546875 0.4208984375 0.0546875 0.076171875
0 0.5029296875 0.5107421875 0.05859375 0.0712890625
0 0.8291015625 0.4052734375 0.0322265625 0.0791015625
0 0.552734375 0.353515625 0.046875 0.0712890625
0 0.333984375 0.431640625 0.03515625 0.07421875
0 0.052734375 0.6162109375 0.0419921875 0.076171875
0 0.611328125 0.318359375 0.05078125 0.052734375
0 0.240234375 0.3466796875 0.03515625 0.05859375
0 0.630859375 0.466796875 0.0791015625 0.078125
0 0.294921875 0.501953125 0.037109375 0.0732421875
0 0.4306640625 0.646484375 0.060546875 0.083984375