0 0.53515625 0.537109375 0.0478515625 0.1044921875
0 0.451171875 0.46484375 0.052734375 0.0791015625
0 0.951171875 0.314453125 0.05078125 0.0791015625
0 0.5078125 0.5498046875 0.0400390625 0.099609375
0 0.884765625 0.548828125 0.0341796875 0.0888671875
1 0.912109375 0.2568359375 0.0419921875 0.076171875
0 0.9814453125 0.529296875 0.037109375 0.109375
1 0.078125 0.3984375 0.046875 0.08984375
0 0.96484375 0.330078125 0.0478515625 0.0810546875
0 0.609375 0.529296875 0.05859375 0.099609375
0 0.642578125 0.458984375 0.052734375 0.0966796875
0 0.30859375 0.48046875 0.060546875 0.0947265625
0 0.451171875 0.53515625 0.06640625 0.0947265625
0 0.3583984375 0.4462890625 0.0478515625 0.09765625
0 0.9248046875 0.4267578125 0.0625 0.099609375