0 0.515625 0.322265625 0.046875 0.08203125
0 0.517578125 0.400390625 0.060546875 0.10546875
0 0.4833984375 0.322265625 0.0654296875 0.1162109375
0 0.48046875 0.25390625 0.0390625 0.0703125
0 0.580078125 0.306640625 0.0703125 0.123046875
0 0.650390625 0.3134765625 0.0439453125 0.1171875
0 0.6279296875 0.3310546875 0.046875 0.1171875
0 0.798828125 0.423828125 0.07421875 0.111328125
0 0.599609375 0.380859375 0.0546875 0.1015625
0 0.369140625 0.37890625 0.0546875 0.09375
0 0.6123046875 0.56640625 0.046875 0.09375
0 0.3359375 0.27734375 0.0615234375 0.0986328125
0 0.2587890625 0.36328125 0.0576171875 0.103515625
0 0.5234375 0.546875 0.0654296875 0.1083984375
0 0.3154296875 0.3955078125 0.0703125 0.109375
0 0.197265625 0.4072265625 0.0712890625 0.0986328125
0 0.7109375 0.412109375 0.0703125 0.0888671875