0 0.3486328125 0.3232421875 0.03515625 0.0751953125
0 0.369140625 0.333984375 0.02734375 0.06640625
0 0.310546875 0.275390625 0.0390625 0.068359375
0 0.63671875 0.5234375 0.064453125 0.078125
0 0.3525390625 0.267578125 0.0322265625 0.060546875
0 0.9814453125 0.384765625 0.037109375 0.0888671875
0 0.2373046875 0.529296875 0.052734375 0.08203125
0 0.3349609375 0.2421875 0.03125 0.046875
0 0.5908203125 0.5087890625 0.0283203125 0.0712890625
0 0.1953125 0.5458984375 0.048828125 0.0703125
0 0.1162109375 0.4775390625 0.0654296875 0.07421875