0 0.5048828125 0.533203125 0.0625 0.0419921875
0 0.5263671875 0.498046875 0.0498046875 0.0576171875
0 0.490234375 0.498046875 0.0498046875 0.0341796875
0 0.384765625 0.560546875 0.078125 0.0703125
0 0.54296875 0.4775390625 0.0576171875 0.0576171875
0 0.5751953125 0.3681640625 0.052734375 0.06640625
0 0.4326171875 0.509765625 0.052734375 0.0576171875
0 0.498046875 0.56640625 0.05859375 0.0732421875
0 0.443359375 0.455078125 0.05859375 0.0703125
0 0.037109375 0.4091796875 0.0390625 0.078125
0 0.263671875 0.53515625 0.046875 0.0859375
0 0.2392578125 0.353515625 0.0341796875 0.07421875
0 0.2958984375 0.59765625 0.0634765625 0.0888671875
0 0.8408203125 0.5107421875 0.04296875 0.0869140625
0 0.6982421875 0.51953125 0.052734375 0.0634765625
0 0.255859375 0.486328125 0.046875 0.0703125
0 0.580078125 0.4130859375 0.052734375 0.0791015625
0 0.3916015625 0.421875 0.03515625 0.083984375