0 0.427734375 0.4404296875 0.037109375 0.037109375
0 0.4150390625 0.482421875 0.03515625 0.0556640625
0 0.255859375 0.455078125 0.05078125 0.0869140625
0 0.53515625 0.3935546875 0.0390625 0.052734375
0 0.416015625 0.427734375 0.05859375 0.05078125
0 0.529296875 0.4208984375 0.0703125 0.0478515625
0 0.48828125 0.54296875 0.0791015625 0.060546875
0 0.5263671875 0.45703125 0.0654296875 0.0478515625
0 0.267578125 0.48828125 0.0400390625 0.076171875
0 0.6005859375 0.28515625 0.0322265625 0.0576171875
0 0.5341796875 0.4833984375 0.0654296875 0.0732421875
0 0.380859375 0.501953125 0.0498046875 0.0703125
0 0.498046875 0.5185546875 0.0712890625 0.052734375
0 0.462890625 0.3984375 0.0419921875 0.0712890625
0 0.416015625 0.6748046875 0.0498046875 0.08984375
0 0.2900390625 0.6640625 0.0732421875 0.0966796875
0 0.658203125 0.5849609375 0.0390625 0.0791015625
0 0.4990234375 0.2783203125 0.0478515625 0.05859375
0 0.44921875 0.3408203125 0.0419921875 0.0625
0 0.6904296875 0.3310546875 0.0400390625 0.0654296875