0 0.576171875 0.4052734375 0.046875 0.0478515625
0 0.4609375 0.4052734375 0.0625 0.0390625
0 0.55078125 0.44140625 0.060546875 0.0322265625
0 0.541015625 0.3916015625 0.0478515625 0.0419921875
0 0.443359375 0.478515625 0.0576171875 0.0869140625
0 0.546875 0.3671875 0.05859375 0.0341796875
0 0.3134765625 0.490234375 0.0478515625 0.1044921875
0 0.5166015625 0.41796875 0.05078125 0.0634765625
0 0.552734375 0.478515625 0.0556640625 0.0712890625
0 0.591796875 0.490234375 0.0634765625 0.0712890625
0 0.3251953125 0.41796875 0.046875 0.0634765625
0 0.455078125 0.353515625 0.068359375 0.076171875
0 0.2861328125 0.373046875 0.04296875 0.0869140625
0 0.880859375 0.408203125 0.052734375 0.091796875
0 0.435546875 0.3173828125 0.0419921875 0.078125
0 0.5458984375 0.3134765625 0.0576171875 0.0859375
0 0.658203125 0.6142578125 0.0732421875 0.1123046875
0 0.048828125 0.6318359375 0.0634765625 0.107421875