0 0.8134765625 0.2607421875 0.0546875 0.083984375
0 0.16015625 0.3486328125 0.060546875 0.09375
0 0.2109375 0.341796875 0.046875 0.0791015625
0 0.451171875 0.4228515625 0.052734375 0.1044921875
0 0.423828125 0.587890625 0.060546875 0.1025390625
0 0.943359375 0.3564453125 0.05859375 0.1123046875
0 0.96875 0.263671875 0.046875 0.0859375
0 0.677734375 0.291015625 0.0478515625 0.1044921875
0 0.5498046875 0.556640625 0.0556640625 0.1025390625
0 0.76953125 0.2822265625 0.05078125 0.1015625
0 0.876953125 0.2822265625 0.0556640625 0.1015625
0 0.3720703125 0.427734375 0.068359375 0.1044921875