0 0.36328125 0.513671875 0.0478515625 0.109375
0 0.3955078125 0.4951171875 0.05859375 0.1279296875
0 0.3046875 0.337890625 0.05859375 0.099609375
0 0.265625 0.322265625 0.078125 0.09765625
0 0.646484375 0.255859375 0.0478515625 0.0732421875
0 0.724609375 0.5361328125 0.12109375 0.068359375
0 0.5888671875 0.259765625 0.04296875 0.0810546875
0 0.369140625 0.416015625 0.06640625 0.09765625
0 0.9462890625 0.306640625 0.05078125 0.12109375
0 0.337890625 0.5322265625 0.0625 0.123046875
0 0.1982421875 0.388671875 0.0712890625 0.109375
0 0.5732421875 0.4892578125 0.0810546875 0.115234375
0 0.9189453125 0.361328125 0.05859375 0.115234375
0 0.482421875 0.494140625 0.0654296875 0.091796875
0 0.484375 0.396484375 0.0625 0.09765625