0 0.3876953125 0.431640625 0.046875 0.0869140625
0 0.447265625 0.5751953125 0.044921875 0.115234375
0 0.3955078125 0.4853515625 0.068359375 0.1015625
0 0.2021484375 0.51171875 0.060546875 0.1044921875
0 0.580078125 0.486328125 0.0478515625 0.1025390625
0 0.4873046875 0.5263671875 0.0810546875 0.0966796875
0 0.40625 0.525390625 0.068359375 0.1015625
0 0.1796875 0.43359375 0.04296875 0.0791015625
0 0.544921875 0.435546875 0.0400390625 0.078125
0 0.451171875 0.3642578125 0.0341796875 0.0869140625
0 0.8076171875 0.4853515625 0.068359375 0.0888671875
0 0.6103515625 0.681640625 0.076171875 0.0888671875
0 0.1357421875 0.494140625 0.0498046875 0.09375
0 0.458984375 0.6962890625 0.0546875 0.0634765625