0 0.6357421875 0.3681640625 0.037109375 0.0478515625
0 0.732421875 0.376953125 0.052734375 0.0869140625
0 0.099609375 0.4482421875 0.0498046875 0.083984375
0 0.326171875 0.357421875 0.03515625 0.0712890625
0 0.7939453125 0.4580078125 0.0498046875 0.09375
0 0.6494140625 0.41796875 0.05078125 0.08203125
0 0.7626953125 0.3701171875 0.0400390625 0.0654296875
0 0.0634765625 0.673828125 0.0478515625 0.1123046875
0 0.6845703125 0.376953125 0.0556640625 0.0810546875
0 0.365234375 0.369140625 0.0419921875 0.0810546875
0 0.123046875 0.6455078125 0.0869140625 0.0966796875
0 0.828125 0.41015625 0.05859375 0.0859375
0 0.2099609375 0.400390625 0.0419921875 0.0791015625
0 0.1201171875 0.552734375 0.0625 0.0966796875
0 0.5966796875 0.408203125 0.0625 0.083984375
0 0.7333984375 0.4462890625 0.0703125 0.0888671875