0 0.353515625 0.501953125 0.0556640625 0.06640625
0 0.5244140625 0.271484375 0.0419921875 0.10546875
0 0.3916015625 0.4541015625 0.06640625 0.0947265625
0 0.3701171875 0.5849609375 0.078125 0.14453125
0 0.263671875 0.431640625 0.0546875 0.09765625
0 0.5595703125 0.283203125 0.0556640625 0.109375
0 0.8466796875 0.314453125 0.0556640625 0.1015625
0 0.2197265625 0.5283203125 0.0703125 0.1337890625
0 0.2822265625 0.5439453125 0.1103515625 0.1435546875
0 0.6455078125 0.3955078125 0.0556640625 0.115234375
0 0.2197265625 0.404296875 0.0576171875 0.115234375
0 0.845703125 0.4111328125 0.0966796875 0.1279296875
0 0.181640625 0.33203125 0.08203125 0.0634765625
0 0.701171875 0.52734375 0.10546875 0.1201171875
0 0.9541015625 0.4150390625 0.0732421875 0.12890625