0 0.466796875 0.552734375 0.0390625 0.060546875
0 0.439453125 0.3515625 0.0234375 0.0712890625
0 0.32421875 0.3564453125 0.0478515625 0.0654296875
0 0.525390625 0.505859375 0.0556640625 0.0634765625
0 0.453125 0.5205078125 0.0498046875 0.04296875
0 0.48828125 0.4443359375 0.0390625 0.06640625
0 0.5732421875 0.515625 0.0400390625 0.046875
0 0.892578125 0.427734375 0.029296875 0.078125
0 0.5712890625 0.5693359375 0.03515625 0.0947265625
0 0.435546875 0.5703125 0.05078125 0.0625
0 0.6943359375 0.5029296875 0.03515625 0.083984375
0 0.3974609375 0.4638671875 0.0478515625 0.0625
0 0.2744140625 0.33984375 0.0478515625 0.0634765625
0 0.6796875 0.5498046875 0.0341796875 0.09375
0 0.4169921875 0.4931640625 0.046875 0.076171875
0 0.6396484375 0.4736328125 0.03515625 0.0810546875
0 0.189453125 0.5068359375 0.05078125 0.076171875
0 0.6474609375 0.345703125 0.029296875 0.060546875