0 0.990234375 0.306640625 0.0185546875 0.09765625
0 0.484375 0.4990234375 0.068359375 0.0703125
0 0.5302734375 0.3916015625 0.0576171875 0.03515625
0 0.552734375 0.451171875 0.05078125 0.0703125
0 0.5048828125 0.4560546875 0.05859375 0.0400390625
0 0.529296875 0.419921875 0.052734375 0.0419921875
0 0.65234375 0.400390625 0.0791015625 0.0654296875
0 0.4892578125 0.423828125 0.0498046875 0.0654296875
0 0.623046875 0.4794921875 0.0810546875 0.0712890625
0 0.978515625 0.615234375 0.04296875 0.1279296875
0 0.6376953125 0.42578125 0.07421875 0.0732421875
0 0.3583984375 0.552734375 0.0419921875 0.123046875
0 0.7666015625 0.580078125 0.060546875 0.1201171875
0 0.5810546875 0.3115234375 0.068359375 0.08203125
0 0.4130859375 0.5146484375 0.0576171875 0.09765625
0 0.828125 0.416015625 0.04296875 0.1201171875
0 0.720703125 0.505859375 0.052734375 0.1181640625
0 0.1298828125 0.431640625 0.0556640625 0.099609375
0 0.486328125 0.529296875 0.078125 0.1171875
0 0.69140625 0.3671875 0.0576171875 0.0966796875
0 0.60546875 0.521484375 0.076171875 0.09765625