0 0.625 0.255859375 0.052734375 0.07421875
0 0.712890625 0.48828125 0.0869140625 0.0703125
0 0.583984375 0.279296875 0.07421875 0.1181640625
0 0.55078125 0.4111328125 0.1103515625 0.078125
0 0.515625 0.267578125 0.07421875 0.09375
0 0.1083984375 0.3095703125 0.08203125 0.130859375
0 0.322265625 0.4755859375 0.068359375 0.16015625
0 0.626953125 0.380859375 0.068359375 0.1025390625
0 0.0478515625 0.287109375 0.05078125 0.1171875
0 0.6572265625 0.337890625 0.0732421875 0.1435546875
0 0.3623046875 0.443359375 0.0556640625 0.130859375
0 0.6162109375 0.4814453125 0.1201171875 0.1123046875
0 0.4765625 0.4326171875 0.083984375 0.146484375
0 0.869140625 0.359375 0.08203125 0.12109375
0 0.767578125 0.318359375 0.08203125 0.15234375