0 0.3271484375 0.423828125 0.060546875 0.09765625
0 0.4912109375 0.443359375 0.076171875 0.1171875
0 0.4384765625 0.416015625 0.044921875 0.0732421875
0 0.2568359375 0.4423828125 0.076171875 0.115234375
0 0.017578125 0.501953125 0.03515625 0.1103515625
0 0.2724609375 0.56640625 0.0634765625 0.0576171875
0 0.8330078125 0.4052734375 0.0556640625 0.11328125
0 0.251953125 0.244140625 0.04296875 0.05078125
0 0.2890625 0.5244140625 0.078125 0.1259765625
0 0.353515625 0.2998046875 0.0400390625 0.099609375
0 0.52734375 0.3701171875 0.05078125 0.1025390625
0 0.220703125 0.41796875 0.0810546875 0.09765625
0 0.44140625 0.4970703125 0.0576171875 0.1181640625
0 0.6474609375 0.48828125 0.060546875 0.1044921875
0 0.3935546875 0.2646484375 0.046875 0.0791015625