0 0.3935546875 0.3515625 0.0341796875 0.04296875
0 0.4765625 0.404296875 0.046875 0.07421875
0 0.4140625 0.404296875 0.04296875 0.06640625
0 0.3671875 0.373046875 0.0341796875 0.0625
0 0.369140625 0.41796875 0.0498046875 0.044921875
0 0.373046875 0.45703125 0.05078125 0.0634765625
0 0.46484375 0.4501953125 0.0478515625 0.099609375
0 0.1015625 0.3916015625 0.03125 0.0888671875
0 0.427734375 0.3076171875 0.0478515625 0.0712890625
0 0.5185546875 0.306640625 0.04296875 0.0703125
0 0.6669921875 0.4443359375 0.04296875 0.08203125
0 0.634765625 0.3759765625 0.03515625 0.0859375
0 0.3076171875 0.509765625 0.0556640625 0.08984375
0 0.607421875 0.4912109375 0.046875 0.0947265625
0 0.6640625 0.6357421875 0.046875 0.1025390625
0 0.8408203125 0.5126953125 0.04296875 0.0869140625
0 0.4921875 0.3466796875 0.052734375 0.0712890625
0 0.275390625 0.6298828125 0.076171875 0.099609375