0 0.4970703125 0.5263671875 0.07421875 0.0546875
0 0.3857421875 0.541015625 0.0390625 0.05859375
0 0.41796875 0.4814453125 0.0546875 0.05859375
0 0.380859375 0.4638671875 0.05859375 0.04296875
0 0.986328125 0.3583984375 0.02734375 0.0810546875
0 0.345703125 0.5625 0.0576171875 0.0908203125
1 0.9462890625 0.478515625 0.05078125 0.095703125
0 0.505859375 0.56640625 0.0810546875 0.0810546875
0 0.3671875 0.435546875 0.05859375 0.04296875
0 0.5068359375 0.474609375 0.0830078125 0.068359375
0 0.1640625 0.529296875 0.0546875 0.099609375
0 0.6435546875 0.625 0.0556640625 0.09765625
0 0.3271484375 0.298828125 0.052734375 0.0888671875
0 0.3984375 0.3515625 0.0625 0.08984375
0 0.732421875 0.2783203125 0.037109375 0.080078125
0 0.62890625 0.3701171875 0.0439453125 0.08984375
0 0.67578125 0.5185546875 0.0546875 0.08203125
0 0.5048828125 0.4140625 0.064453125 0.0693359375