1 0.380859375 0.427734375 0.04296875 0.09375
0 0.3251953125 0.462890625 0.04296875 0.08203125
1 0.32421875 0.462890625 0.044921875 0.0791015625
0 0.583984375 0.451171875 0.0400390625 0.0634765625
0 0.5712890625 0.4248046875 0.0478515625 0.0400390625
0 0.650390625 0.44140625 0.0556640625 0.0546875
0 0.8974609375 0.654296875 0.0634765625 0.1025390625
0 0.6064453125 0.513671875 0.04296875 0.0556640625
0 0.634765625 0.5576171875 0.04296875 0.09375
0 0.5107421875 0.513671875 0.046875 0.060546875
0 0.4775390625 0.375 0.0576171875 0.0810546875
0 0.380859375 0.427734375 0.0419921875 0.09375
0 0.67578125 0.4072265625 0.060546875 0.05078125
0 0.580078125 0.390625 0.0498046875 0.04296875
0 0.818359375 0.4150390625 0.0498046875 0.060546875
0 0.849609375 0.3583984375 0.04296875 0.091796875
0 0.822265625 0.4697265625 0.046875 0.076171875
0 0.4052734375 0.595703125 0.0703125 0.0947265625