0 0.544921875 0.505859375 0.044921875 0.0703125
0 0.5 0.509765625 0.05859375 0.078125
0 0.0146484375 0.357421875 0.029296875 0.0703125
0 0.4375 0.591796875 0.052734375 0.08203125
0 0.40625 0.5888671875 0.0400390625 0.0810546875
0 0.115234375 0.333984375 0.037109375 0.05859375
0 0.5703125 0.482421875 0.046875 0.0732421875
0 0.703125 0.486328125 0.037109375 0.0888671875
1 0.970703125 0.392578125 0.0341796875 0.078125
0 0.158203125 0.345703125 0.0419921875 0.0654296875
1 0.306640625 0.2421875 0.037109375 0.046875
0 0.66796875 0.46875 0.0478515625 0.08984375