0 0.349609375 0.484375 0.0400390625 0.087890625
0 0.337890625 0.5048828125 0.0458984375 0.0888671875
0 0.466796875 0.3984375 0.04296875 0.0654296875
0 0.5224609375 0.447265625 0.05078125 0.0859375
0 0.2998046875 0.4521484375 0.048828125 0.0888671875
0 0.451171875 0.482421875 0.0576171875 0.09765625
0 0.921875 0.283203125 0.0322265625 0.0703125
0 0.916015625 0.6923828125 0.0830078125 0.1123046875
0 0.5068359375 0.4697265625 0.05859375 0.0927734375
0 0.875 0.359375 0.0390625 0.076171875
0 0.294921875 0.5283203125 0.068359375 0.1005859375
0 0.7626953125 0.28125 0.044921875 0.0732421875