0 0.365234375 0.458984375 0.046875 0.078125
0 0.4697265625 0.4208984375 0.044921875 0.1044921875
0 0.3134765625 0.48828125 0.0732421875 0.0947265625
0 0.0146484375 0.5595703125 0.029296875 0.115234375
0 0.2265625 0.240234375 0.0625 0.0419921875
0 0.2197265625 0.419921875 0.05078125 0.107421875
0 0.419921875 0.525390625 0.0712890625 0.11328125
0 0.4423828125 0.4150390625 0.068359375 0.107421875
0 0.5283203125 0.5283203125 0.046875 0.099609375
0 0.150390625 0.4931640625 0.06640625 0.09765625
0 0.216796875 0.302734375 0.05859375 0.091796875
0 0.1005859375 0.5703125 0.0546875 0.10546875
0 0.2958984375 0.5654296875 0.0634765625 0.1181640625
0 0.13671875 0.28125 0.0634765625 0.083984375
0 0.3642578125 0.5517578125 0.078125 0.10546875
0 0.7021484375 0.478515625 0.0419921875 0.1044921875