0 0.587890625 0.353515625 0.0546875 0.046875
0 0.57421875 0.501953125 0.05078125 0.12109375
0 0.5498046875 0.40625 0.04296875 0.0712890625
0 0.845703125 0.4599609375 0.0810546875 0.107421875
0 0.6640625 0.416015625 0.0556640625 0.125
0 0.841796875 0.53515625 0.06640625 0.107421875
0 0.5361328125 0.45703125 0.052734375 0.123046875
0 0.8994140625 0.490234375 0.0576171875 0.130859375
0 0.6259765625 0.470703125 0.0634765625 0.13671875
0 0.49609375 0.412109375 0.0478515625 0.1123046875
0 0.599609375 0.6513671875 0.060546875 0.125
0 0.76171875 0.455078125 0.05078125 0.1279296875
0 0.3994140625 0.4140625 0.0859375 0.1123046875
0 0.3447265625 0.4140625 0.060546875 0.10546875
0 0.51171875 0.5546875 0.0732421875 0.125
0 0.7255859375 0.572265625 0.0634765625 0.146484375