0 0.533203125 0.537109375 0.0478515625 0.15234375
0 0.572265625 0.533203125 0.05859375 0.1416015625
0 0.48828125 0.439453125 0.0732421875 0.109375
0 0.662109375 0.5380859375 0.0576171875 0.154296875
0 0.7783203125 0.701171875 0.05859375 0.05078125
0 0.4013671875 0.4951171875 0.05859375 0.1494140625
0 0.544921875 0.423828125 0.0498046875 0.1015625
0 0.7734375 0.583984375 0.068359375 0.1416015625
0 0.0322265625 0.6240234375 0.0634765625 0.1669921875
0 0.876953125 0.66796875 0.0625 0.1201171875
0 0.7373046875 0.625 0.068359375 0.162109375
0 0.60546875 0.4853515625 0.0546875 0.154296875