0 0.5478515625 0.431640625 0.03515625 0.037109375
0 0.5576171875 0.4052734375 0.04296875 0.0322265625
0 0.4541015625 0.404296875 0.0390625 0.0419921875
0 0.396484375 0.4521484375 0.03515625 0.0576171875
0 0.453125 0.380859375 0.0400390625 0.0419921875
0 0.5673828125 0.390625 0.04296875 0.03125
0 0.3916015625 0.5068359375 0.0322265625 0.0859375
0 0.380859375 0.357421875 0.0341796875 0.068359375
0 0.587890625 0.490234375 0.05078125 0.076171875
0 0.4931640625 0.529296875 0.06640625 0.0576171875
0 0.8056640625 0.4384765625 0.0390625 0.0703125
0 0.478515625 0.4755859375 0.060546875 0.0546875
0 0.3642578125 0.4462890625 0.0400390625 0.076171875
0 0.4580078125 0.4443359375 0.0625 0.0546875
0 0.6904296875 0.42578125 0.046875 0.05078125
0 0.541015625 0.6552734375 0.0419921875 0.0947265625
0 0.6572265625 0.650390625 0.06640625 0.091796875