1 0.923828125 0.3310546875 0.0390625 0.0556640625
1 0.4111328125 0.23828125 0.0244140625 0.0390625
0 0.6083984375 0.455078125 0.044921875 0.03515625
0 0.57421875 0.40625 0.0390625 0.0341796875
0 0.533203125 0.484375 0.04296875 0.046875
0 0.5634765625 0.435546875 0.044921875 0.0546875
0 0.568359375 0.380859375 0.0390625 0.0341796875
0 0.4599609375 0.3828125 0.060546875 0.0498046875
1 0.283203125 0.455078125 0.03515625 0.076171875
0 0.61328125 0.4921875 0.0478515625 0.0625
0 0.3125 0.435546875 0.037109375 0.076171875
0 0.7158203125 0.4140625 0.046875 0.078125
0 0.455078125 0.365234375 0.05078125 0.060546875
0 0.517578125 0.466796875 0.0546875 0.0478515625
0 0.5009765625 0.427734375 0.0478515625 0.0478515625
0 0.5244140625 0.5439453125 0.03515625 0.083984375
0 0.798828125 0.703125 0.06640625 0.083984375
0 0.22265625 0.384765625 0.029296875 0.0732421875
0 0.4287109375 0.697265625 0.03515625 0.091796875
0 0.50390625 0.298828125 0.0390625 0.0634765625
0 0.708984375 0.548828125 0.0576171875 0.0791015625