0 0.037109375 0.361328125 0.03125 0.04296875
1 0.060546875 0.4375 0.029296875 0.052734375
0 0.4697265625 0.513671875 0.0419921875 0.04296875
0 0.462890625 0.4306640625 0.03515625 0.029296875
0 0.5361328125 0.505859375 0.0400390625 0.037109375
0 0.4931640625 0.4794921875 0.03515625 0.04296875
0 0.529296875 0.447265625 0.03515625 0.0390625
0 0.5361328125 0.4775390625 0.0400390625 0.03515625
0 0.677734375 0.455078125 0.03125 0.0498046875
0 0.544921875 0.5302734375 0.0390625 0.044921875
0 0.5234375 0.4130859375 0.02734375 0.0419921875
0 0.6669921875 0.4814453125 0.0341796875 0.052734375
0 0.974609375 0.529296875 0.0341796875 0.0703125
0 0.732421875 0.408203125 0.021484375 0.060546875
0 0.265625 0.478515625 0.03125 0.0576171875
0 0.5224609375 0.3466796875 0.029296875 0.046875
1 0.0380859375 0.583984375 0.0390625 0.06640625
0 0.4287109375 0.341796875 0.0390625 0.0478515625
0 0.3564453125 0.4521484375 0.03125 0.05078125
0 0.486328125 0.65625 0.052734375 0.0712890625
0 0.572265625 0.666015625 0.037109375 0.06640625