0 0.51171875 0.44140625 0.0390625 0.0322265625
1 0.626953125 0.2490234375 0.029296875 0.060546875
0 0.349609375 0.515625 0.046875 0.0625
0 0.1494140625 0.3408203125 0.029296875 0.046875
0 0.5302734375 0.5009765625 0.0419921875 0.0546875
0 0.369140625 0.4814453125 0.03515625 0.078125
0 0.5087890625 0.466796875 0.0419921875 0.0400390625
0 0.4833984375 0.5302734375 0.044921875 0.060546875
0 0.576171875 0.568359375 0.0546875 0.068359375
1 0.0712890625 0.435546875 0.03515625 0.0654296875
0 0.5888671875 0.494140625 0.05859375 0.0400390625
0 0.4892578125 0.423828125 0.0498046875 0.0654296875
0 0.5927734375 0.5341796875 0.0634765625 0.052734375
0 0.69140625 0.3125 0.0390625 0.052734375
0 0.607421875 0.4501953125 0.05078125 0.046875
0 0.845703125 0.697265625 0.0419921875 0.060546875
0 0.658203125 0.3837890625 0.0341796875 0.0634765625
0 0.5078125 0.37109375 0.04296875 0.0576171875
0 0.9228515625 0.53515625 0.044921875 0.076171875
0 0.5615234375 0.310546875 0.044921875 0.0546875
0 0.4423828125 0.671875 0.05859375 0.0869140625
0 0.734375 0.4814453125 0.037109375 0.0625