0 0.4150390625 0.3896484375 0.0322265625 0.0390625
0 0.3369140625 0.46875 0.0390625 0.083984375
0 0.673828125 0.29296875 0.03125 0.0419921875
0 0.3642578125 0.3837890625 0.046875 0.0791015625
0 0.3154296875 0.4609375 0.04296875 0.0810546875
0 0.6728515625 0.3330078125 0.0478515625 0.0654296875
0 0.611328125 0.462890625 0.05078125 0.0810546875
0 0.8193359375 0.4072265625 0.0322265625 0.076171875
0 0.5439453125 0.3056640625 0.02734375 0.060546875
0 0.8837890625 0.568359375 0.0703125 0.08984375
0 0.57421875 0.4208984375 0.0419921875 0.0732421875
0 0.5947265625 0.634765625 0.044921875 0.09765625
1 0.513671875 0.25 0.037109375 0.05859375
0 0.740234375 0.564453125 0.0625 0.083984375
0 0.56640625 0.49609375 0.0576171875 0.0732421875
0 0.8740234375 0.3330078125 0.044921875 0.0625
0 0.2060546875 0.4140625 0.052734375 0.0810546875
0 0.80859375 0.490234375 0.060546875 0.0791015625