0 0.5224609375 0.498046875 0.0546875 0.0966796875
0 0.9892578125 0.5068359375 0.021484375 0.1015625
0 0.931640625 0.4921875 0.068359375 0.09375
0 0.404296875 0.55078125 0.060546875 0.1171875
0 0.54296875 0.4091796875 0.076171875 0.0966796875
0 0.482421875 0.517578125 0.060546875 0.1044921875
0 0.611328125 0.4609375 0.0732421875 0.1123046875
0 0.83984375 0.4365234375 0.060546875 0.1015625
0 0.5712890625 0.5322265625 0.0703125 0.1201171875
0 0.705078125 0.447265625 0.0654296875 0.0966796875
1 0.037109375 0.326171875 0.044921875 0.115234375
0 0.466796875 0.560546875 0.07421875 0.12890625
0 0.2958984375 0.458984375 0.0732421875 0.123046875