0 0.5244140625 0.455078125 0.0419921875 0.0419921875
0 0.24609375 0.5263671875 0.0390625 0.09375
0 0.53515625 0.5068359375 0.044921875 0.0732421875
0 0.2138671875 0.48046875 0.04296875 0.076171875
0 0.1796875 0.396484375 0.0341796875 0.0654296875
0 0.517578125 0.5439453125 0.0419921875 0.0810546875
0 0.646484375 0.5712890625 0.0712890625 0.0859375
0 0.587890625 0.4912109375 0.03515625 0.0732421875
0 0.689453125 0.53125 0.037109375 0.0810546875
0 0.423828125 0.4306640625 0.0390625 0.0791015625
0 0.43359375 0.5400390625 0.060546875 0.0888671875
0 0.380859375 0.4052734375 0.037109375 0.076171875
0 0.294921875 0.5869140625 0.0390625 0.08203125
0 0.2080078125 0.6318359375 0.0556640625 0.08203125
0 0.244140625 0.6064453125 0.0478515625 0.08984375
0 0.3359375 0.490234375 0.046875 0.07421875
0 0.724609375 0.5576171875 0.0478515625 0.078125
0 0.6669921875 0.435546875 0.04296875 0.078125
1 0.8916015625 0.376953125 0.044921875 0.07421875