0 0.724609375 0.427734375 0.037109375 0.07421875
0 0.6142578125 0.42578125 0.0400390625 0.0546875
0 0.548828125 0.412109375 0.0546875 0.0732421875
0 0.591796875 0.4013671875 0.0322265625 0.0712890625
0 0.638671875 0.404296875 0.03125 0.0556640625
0 0.572265625 0.494140625 0.05859375 0.08984375
0 0.546875 0.44921875 0.0625 0.0947265625
0 0.669921875 0.466796875 0.04296875 0.09765625
0 0.650390625 0.4873046875 0.0546875 0.083984375
0 0.3095703125 0.474609375 0.0341796875 0.0654296875
0 0.7109375 0.646484375 0.05859375 0.107421875
0 0.9296875 0.6513671875 0.0498046875 0.1123046875
0 0.6787109375 0.4169921875 0.0478515625 0.0712890625
0 0.7216796875 0.498046875 0.0498046875 0.0947265625
0 0.798828125 0.4345703125 0.0546875 0.0869140625
0 0.7958984375 0.5556640625 0.0576171875 0.09765625
0 0.8173828125 0.357421875 0.04296875 0.076171875
1 0.0390625 0.353515625 0.04296875 0.08984375
0 0.3837890625 0.5654296875 0.0732421875 0.083984375
0 0.333984375 0.4267578125 0.06640625 0.083984375