0 0.580078125 0.42578125 0.04296875 0.0546875
0 0.556640625 0.4658203125 0.0498046875 0.0341796875
1 0.513671875 0.2421875 0.03125 0.046875
0 0.4482421875 0.4345703125 0.0625 0.0498046875
0 0.1435546875 0.3603515625 0.037109375 0.0478515625
0 0.529296875 0.4404296875 0.0478515625 0.05859375
0 0.41015625 0.3154296875 0.0263671875 0.0869140625
0 0.572265625 0.390625 0.0478515625 0.0400390625
0 0.447265625 0.4658203125 0.06640625 0.052734375
0 0.560546875 0.505859375 0.0576171875 0.060546875
0 0.462890625 0.39453125 0.0712890625 0.05078125
0 0.3291015625 0.404296875 0.0390625 0.0732421875
0 0.548828125 0.322265625 0.05078125 0.0791015625
0 0.294921875 0.44921875 0.04296875 0.076171875
0 0.421875 0.658203125 0.0556640625 0.09375
0 0.7529296875 0.443359375 0.046875 0.0703125
0 0.8544921875 0.435546875 0.0498046875 0.0791015625
0 0.5859375 0.646484375 0.07421875 0.1044921875
0 0.443359375 0.517578125 0.0791015625 0.0869140625