0 0.033203125 0.35546875 0.0322265625 0.044921875
1 0.060546875 0.4375 0.029296875 0.0556640625
0 0.537109375 0.505859375 0.0390625 0.03515625
0 0.4912109375 0.478515625 0.03515625 0.0419921875
0 0.529296875 0.447265625 0.03515625 0.037109375
0 0.4697265625 0.5146484375 0.0419921875 0.044921875
0 0.5458984375 0.529296875 0.044921875 0.04296875
0 0.677734375 0.455078125 0.03125 0.046875
0 0.537109375 0.4775390625 0.0419921875 0.03515625
0 0.666015625 0.4814453125 0.03515625 0.052734375
0 0.521484375 0.416015625 0.02734375 0.037109375
0 0.73046875 0.4091796875 0.0234375 0.0556640625
0 0.9765625 0.5341796875 0.0341796875 0.068359375
0 0.2666015625 0.478515625 0.0322265625 0.0576171875
0 0.5224609375 0.3466796875 0.029296875 0.046875
1 0.0380859375 0.5830078125 0.0390625 0.068359375
0 0.4287109375 0.341796875 0.0390625 0.0498046875
0 0.3564453125 0.451171875 0.03125 0.052734375
0 0.4853515625 0.65625 0.0546875 0.0712890625
0 0.572265625 0.66796875 0.037109375 0.0634765625