0 0.513671875 0.4404296875 0.0390625 0.03125
1 0.6279296875 0.2490234375 0.02734375 0.060546875
0 0.373046875 0.482421875 0.04296875 0.07421875
0 0.5078125 0.46484375 0.0400390625 0.0419921875
0 0.3525390625 0.5146484375 0.044921875 0.0634765625
0 0.5732421875 0.56640625 0.0625 0.076171875
0 0.146484375 0.33984375 0.02734375 0.0478515625
0 0.984375 0.546875 0.03125 0.078125
0 0.482421875 0.53125 0.04296875 0.05859375
1 0.072265625 0.4365234375 0.037109375 0.0634765625
0 0.740234375 0.310546875 0.02734375 0.0576171875
0 0.58984375 0.4921875 0.0546875 0.0498046875
0 0.4892578125 0.423828125 0.0498046875 0.0654296875
0 0.5615234375 0.3095703125 0.044921875 0.052734375
0 0.509765625 0.37109375 0.04296875 0.0546875
0 0.6083984375 0.44921875 0.05078125 0.0478515625
0 0.6591796875 0.3828125 0.0341796875 0.0625
0 0.845703125 0.697265625 0.0419921875 0.0625
0 0.5947265625 0.533203125 0.06640625 0.0546875
0 0.7353515625 0.4814453125 0.0390625 0.0625
0 0.4423828125 0.6708984375 0.05859375 0.0859375