0 0.564453125 0.4140625 0.04296875 0.037109375
0 0.560546875 0.3818359375 0.0400390625 0.029296875
0 0.57421875 0.486328125 0.05078125 0.0576171875
0 0.4892578125 0.4892578125 0.0498046875 0.0556640625
0 0.544921875 0.4326171875 0.04296875 0.04296875
0 0.4765625 0.4228515625 0.04296875 0.0419921875
0 0.390625 0.3623046875 0.0341796875 0.052734375
0 0.474609375 0.388671875 0.0400390625 0.0419921875
1 0.970703125 0.3359375 0.037109375 0.052734375
0 0.482421875 0.455078125 0.05859375 0.0478515625
0 0.0224609375 0.44140625 0.0390625 0.0703125
0 0.6845703125 0.423828125 0.02734375 0.0810546875
0 0.3984375 0.521484375 0.0400390625 0.0712890625
0 0.376953125 0.408203125 0.037109375 0.0654296875
0 0.466796875 0.3115234375 0.0322265625 0.0546875
0 0.8173828125 0.423828125 0.0341796875 0.0712890625
0 0.3935546875 0.4609375 0.037109375 0.0625
0 0.5234375 0.669921875 0.04296875 0.0888671875
0 0.560546875 0.3046875 0.044921875 0.0654296875
0 0.642578125 0.6640625 0.0654296875 0.078125