0 0.6025390625 0.447265625 0.0419921875 0.05859375
0 0.5107421875 0.462890625 0.04296875 0.0859375
0 0.638671875 0.51171875 0.052734375 0.0947265625
0 0.72265625 0.447265625 0.06640625 0.0859375
0 0.556640625 0.466796875 0.0498046875 0.08203125
0 0.7021484375 0.427734375 0.0478515625 0.0810546875
0 0.1357421875 0.2685546875 0.052734375 0.068359375
0 0.580078125 0.51171875 0.0703125 0.0888671875
0 0.09765625 0.2763671875 0.05078125 0.0712890625
0 0.251953125 0.6796875 0.0419921875 0.068359375
0 0.73828125 0.5068359375 0.044921875 0.091796875
0 0.15234375 0.6806640625 0.060546875 0.0859375