0 0.5791015625 0.42578125 0.0322265625 0.0576171875
0 0.568359375 0.37890625 0.02734375 0.05078125
0 0.5400390625 0.439453125 0.0390625 0.04296875
1 0.404296875 0.240234375 0.029296875 0.0419921875
0 0.5224609375 0.3681640625 0.03515625 0.05078125
0 0.533203125 0.48046875 0.04296875 0.0634765625
1 0.91796875 0.330078125 0.03515625 0.05859375
0 0.5087890625 0.548828125 0.0390625 0.0791015625
1 0.2783203125 0.45703125 0.037109375 0.076171875
0 0.111328125 0.392578125 0.037109375 0.068359375
0 0.7138671875 0.4189453125 0.0498046875 0.078125
0 0.4775390625 0.3037109375 0.0419921875 0.0634765625
0 0.595703125 0.482421875 0.0478515625 0.0703125
0 0.5078125 0.4189453125 0.052734375 0.05859375
0 0.306640625 0.431640625 0.0322265625 0.08203125
0 0.619140625 0.4619140625 0.052734375 0.0732421875
0 0.4541015625 0.36328125 0.0419921875 0.0634765625
0 0.6845703125 0.5556640625 0.0654296875 0.0634765625
0 0.7685546875 0.6982421875 0.07421875 0.0810546875
0 0.33984375 0.70703125 0.0576171875 0.091796875