1 0.9833984375 0.3017578125 0.029296875 0.083984375
0 0.474609375 0.5341796875 0.03125 0.0810546875
0 0.44921875 0.548828125 0.05078125 0.08203125
0 0.564453125 0.404296875 0.03515625 0.08984375
0 0.5390625 0.396484375 0.046875 0.0869140625
0 0.595703125 0.365234375 0.037109375 0.0712890625
0 0.4951171875 0.4658203125 0.037109375 0.083984375
0 0.60546875 0.439453125 0.044921875 0.0791015625
0 0.45703125 0.4619140625 0.0546875 0.08203125
0 0.4208984375 0.4501953125 0.0390625 0.0810546875
1 0.2724609375 0.4404296875 0.0419921875 0.0869140625
0 0.6328125 0.376953125 0.046875 0.08984375
0 0.419921875 0.634765625 0.037109375 0.09765625
0 0.439453125 0.2529296875 0.03125 0.068359375
0 0.2138671875 0.6533203125 0.046875 0.09375
0 0.8095703125 0.37890625 0.02734375 0.0947265625
0 0.322265625 0.4912109375 0.05078125 0.076171875