0 0.4658203125 0.5341796875 0.052734375 0.04296875
0 0.505859375 0.521484375 0.0419921875 0.0576171875
0 0.48828125 0.494140625 0.05078125 0.0390625
0 0.55859375 0.544921875 0.060546875 0.046875
0 0.4423828125 0.595703125 0.0556640625 0.08203125
0 0.4140625 0.5771484375 0.0498046875 0.0732421875
0 0.5517578125 0.5869140625 0.0556640625 0.0576171875
0 0.482421875 0.462890625 0.046875 0.04296875
0 0.5830078125 0.517578125 0.0556640625 0.0556640625
0 0.1748046875 0.5078125 0.0400390625 0.0869140625
0 0.330078125 0.4990234375 0.037109375 0.09765625
0 0.576171875 0.634765625 0.0498046875 0.0947265625
0 0.6923828125 0.3046875 0.03125 0.078125
0 0.58203125 0.4580078125 0.0634765625 0.0498046875
0 0.48046875 0.306640625 0.0390625 0.0732421875
0 0.689453125 0.5791015625 0.046875 0.09765625
0 0.732421875 0.5166015625 0.044921875 0.08203125
0 0.509765625 0.3828125 0.0546875 0.078125
0 0.689453125 0.42578125 0.0419921875 0.0859375