0 0.275390625 0.5244140625 0.052734375 0.0888671875
0 0.5185546875 0.443359375 0.0498046875 0.0419921875
0 0.5517578125 0.396484375 0.046875 0.08984375
0 0.4833984375 0.5234375 0.0546875 0.05859375
0 0.6044921875 0.5380859375 0.07421875 0.0546875
0 0.5341796875 0.5146484375 0.05859375 0.0703125
0 0.4560546875 0.5498046875 0.07421875 0.068359375
0 0.5810546875 0.5869140625 0.0654296875 0.06640625
0 0.8935546875 0.41015625 0.037109375 0.0947265625
0 0.5107421875 0.47265625 0.052734375 0.044921875
1 0.021484375 0.3798828125 0.04296875 0.099609375
0 0.8525390625 0.353515625 0.0419921875 0.0869140625
0 0.53125 0.341796875 0.0654296875 0.068359375
0 0.6533203125 0.4423828125 0.0654296875 0.0556640625
0 0.48046875 0.3642578125 0.0390625 0.08984375
0 0.6181640625 0.4951171875 0.0732421875 0.0654296875
0 0.6767578125 0.3720703125 0.046875 0.0869140625
0 0.7392578125 0.4794921875 0.04296875 0.0966796875
0 0.630859375 0.599609375 0.052734375 0.099609375
0 0.720703125 0.5576171875 0.046875 0.0966796875
0 0.447265625 0.59375 0.078125 0.09375