0 0.5517578125 0.400390625 0.037109375 0.03515625
0 0.478515625 0.4814453125 0.04296875 0.03125
0 0.5029296875 0.466796875 0.0400390625 0.044921875
0 0.478515625 0.509765625 0.044921875 0.052734375
0 0.45703125 0.4111328125 0.044921875 0.0400390625
0 0.5595703125 0.4638671875 0.046875 0.04296875
0 0.5654296875 0.4951171875 0.0498046875 0.04296875
0 0.5390625 0.4345703125 0.046875 0.046875
0 0.51953125 0.3876953125 0.03515625 0.052734375
0 0.2392578125 0.4638671875 0.037109375 0.068359375
0 0.576171875 0.529296875 0.060546875 0.0634765625
0 0.326171875 0.4638671875 0.037109375 0.0654296875
0 0.900390625 0.681640625 0.0498046875 0.078125
0 0.6953125 0.2861328125 0.02734375 0.0556640625
0 0.7197265625 0.470703125 0.0390625 0.0634765625
0 0.83984375 0.3935546875 0.03515625 0.0712890625
0 0.416015625 0.291015625 0.0478515625 0.0546875
0 0.537109375 0.6708984375 0.0625 0.0791015625