0 0.470703125 0.44140625 0.0400390625 0.0419921875
0 0.568359375 0.4892578125 0.0576171875 0.068359375
0 0.478515625 0.484375 0.05078125 0.0712890625
0 0.5791015625 0.44140625 0.0546875 0.044921875
1 0.658203125 0.248046875 0.037109375 0.05859375
0 0.541015625 0.5478515625 0.08203125 0.0859375
0 0.546875 0.51953125 0.068359375 0.0732421875
0 0.986328125 0.427734375 0.02734375 0.08984375
0 0.873046875 0.662109375 0.0556640625 0.115234375
0 0.5869140625 0.40625 0.044921875 0.0498046875
0 0.4208984375 0.5205078125 0.0634765625 0.0712890625
0 0.427734375 0.4560546875 0.0556640625 0.0498046875
0 0.1025390625 0.462890625 0.05078125 0.08984375
0 0.2578125 0.46875 0.0556640625 0.09375
0 0.830078125 0.466796875 0.052734375 0.08203125
0 0.5107421875 0.3330078125 0.05859375 0.078125
0 0.654296875 0.341796875 0.0419921875 0.0703125
0 0.7861328125 0.505859375 0.0556640625 0.08984375
0 0.341796875 0.62890625 0.0888671875 0.1171875