0 0.4775390625 0.515625 0.0576171875 0.078125
0 0.50390625 0.4931640625 0.0634765625 0.08203125
0 0.6103515625 0.462890625 0.060546875 0.0859375
0 0.4384765625 0.455078125 0.0546875 0.078125
0 0.427734375 0.5263671875 0.0546875 0.099609375
0 0.4912109375 0.302734375 0.0322265625 0.076171875
0 0.326171875 0.427734375 0.0478515625 0.0791015625
0 0.0625 0.625 0.052734375 0.1025390625
0 0.2861328125 0.4716796875 0.068359375 0.083984375
0 0.7275390625 0.466796875 0.0478515625 0.0732421875
0 0.5625 0.482421875 0.037109375 0.09765625
0 0.236328125 0.2626953125 0.046875 0.0712890625
0 0.37890625 0.59765625 0.0576171875 0.09765625
0 0.55078125 0.3037109375 0.0634765625 0.06640625
0 0.38671875 0.302734375 0.044921875 0.0712890625
0 0.2646484375 0.5419921875 0.044921875 0.0869140625