0 0.275390625 0.275390625 0.078125 0.11328125
0 0.47265625 0.4384765625 0.060546875 0.1416015625
0 0.1650390625 0.3134765625 0.060546875 0.1044921875
0 0.083984375 0.341796875 0.1015625 0.1181640625
0 0.4169921875 0.5029296875 0.068359375 0.10546875
0 0.55078125 0.4345703125 0.076171875 0.125
0 0.1279296875 0.421875 0.12109375 0.1337890625
0 0.451171875 0.3388671875 0.1171875 0.099609375
0 0.087890625 0.38671875 0.0966796875 0.1259765625
0 0.41015625 0.6015625 0.1044921875 0.177734375
0 0.275390625 0.35546875 0.1025390625 0.14453125
0 0.3837890625 0.29296875 0.0732421875 0.1328125