0 0.5751953125 0.529296875 0.04296875 0.09375
0 0.693359375 0.490234375 0.0556640625 0.10546875
0 0.6494140625 0.490234375 0.0478515625 0.10546875
0 0.515625 0.4111328125 0.046875 0.0966796875
0 0.4462890625 0.537109375 0.0576171875 0.115234375
0 0.3994140625 0.537109375 0.0634765625 0.109375
0 0.615234375 0.431640625 0.046875 0.09765625
0 0.5244140625 0.466796875 0.0546875 0.099609375
0 0.541015625 0.541015625 0.0576171875 0.109375
1 0.0322265625 0.419921875 0.0478515625 0.1044921875
0 0.623046875 0.544921875 0.068359375 0.11328125
0 0.1767578125 0.4599609375 0.0654296875 0.1044921875
0 0.8837890625 0.5751953125 0.0732421875 0.1123046875
0 0.9169921875 0.4169921875 0.05859375 0.1025390625