0 0.46484375 0.4169921875 0.044921875 0.05859375
0 0.4287109375 0.3876953125 0.0546875 0.046875
0 0.4208984375 0.3671875 0.0478515625 0.046875
0 0.55078125 0.4609375 0.060546875 0.068359375
0 0.275390625 0.384765625 0.037109375 0.0791015625
0 0.248046875 0.3955078125 0.0419921875 0.1025390625
0 0.521484375 0.4677734375 0.04296875 0.0947265625
0 0.431640625 0.4560546875 0.0654296875 0.09375
0 0.974609375 0.37890625 0.0498046875 0.08203125
0 0.5166015625 0.34375 0.0419921875 0.052734375
0 0.697265625 0.30859375 0.044921875 0.060546875
0 0.5751953125 0.3779296875 0.037109375 0.09375
0 0.33984375 0.681640625 0.06640625 0.0966796875
0 0.3779296875 0.5556640625 0.078125 0.09765625
0 0.4404296875 0.296875 0.052734375 0.0712890625
0 0.55078125 0.5615234375 0.05078125 0.0791015625
0 0.5556640625 0.693359375 0.060546875 0.06640625