0 0.4619140625 0.4814453125 0.041015625 0.052734375
0 0.447265625 0.4990234375 0.04296875 0.046875
0 0.537109375 0.486328125 0.0595703125 0.0458984375
0 0.447265625 0.4482421875 0.04296875 0.0419921875
0 0.4580078125 0.4111328125 0.037109375 0.0341796875
0 0.486328125 0.4599609375 0.05078125 0.0498046875
0 0.4853515625 0.408203125 0.0322265625 0.05078125
0 0.4326171875 0.5205078125 0.0439453125 0.05078125
0 0.5419921875 0.5224609375 0.0673828125 0.056640625
0 0.7255859375 0.455078125 0.0390625 0.0654296875
0 0.5498046875 0.45703125 0.052734375 0.0537109375
0 0.408203125 0.54296875 0.0478515625 0.0595703125
0 0.7041015625 0.3017578125 0.0263671875 0.07421875
0 0.5625 0.4072265625 0.0517578125 0.0625
0 0.7841796875 0.548828125 0.0390625 0.0869140625
0 0.96484375 0.4013671875 0.0341796875 0.0810546875
0 0.4599609375 0.32421875 0.0244140625 0.0703125
0 0.513671875 0.5595703125 0.04296875 0.0810546875
0 0.22265625 0.4521484375 0.0400390625 0.0732421875
0 0.97265625 0.5087890625 0.037109375 0.080078125
0 0.5947265625 0.390625 0.0302734375 0.08203125