0 0.5576171875 0.41796875 0.0341796875 0.060546875
0 0.50390625 0.3017578125 0.0263671875 0.05859375
0 0.513671875 0.4208984375 0.0400390625 0.060546875
0 0.587890625 0.546875 0.044921875 0.07421875
0 0.521484375 0.34765625 0.037109375 0.044921875
0 0.642578125 0.4228515625 0.05859375 0.0732421875
0 0.5888671875 0.486328125 0.0654296875 0.0712890625
0 0.5029296875 0.3935546875 0.046875 0.0654296875
0 0.8232421875 0.4267578125 0.0498046875 0.068359375
0 0.509765625 0.4951171875 0.0634765625 0.083984375
0 0.580078125 0.3720703125 0.05078125 0.0810546875
0 0.708984375 0.4326171875 0.044921875 0.0625
0 0.173828125 0.58984375 0.05859375 0.08203125
0 0.376953125 0.4541015625 0.068359375 0.0634765625
0 0.392578125 0.287109375 0.044921875 0.0625
0 0.361328125 0.4169921875 0.052734375 0.0654296875
0 0.31640625 0.37109375 0.0390625 0.06640625