0 0.59765625 0.3251953125 0.03515625 0.0556640625
0 0.611328125 0.451171875 0.0703125 0.091796875
0 0.6767578125 0.44140625 0.0966796875 0.05078125
0 0.5458984375 0.451171875 0.06640625 0.1181640625
0 0.6240234375 0.3818359375 0.0732421875 0.0791015625
0 0.2705078125 0.392578125 0.0556640625 0.1181640625
1 0.2705078125 0.3896484375 0.0556640625 0.11328125
0 0.669921875 0.2998046875 0.05859375 0.1123046875
0 0.6455078125 0.333984375 0.0498046875 0.115234375
0 0.568359375 0.5302734375 0.0625 0.1572265625
0 0.734375 0.3388671875 0.0654296875 0.1279296875
0 0.162109375 0.404296875 0.0546875 0.1103515625
0 0.5947265625 0.578125 0.05078125 0.1435546875
0 0.2412109375 0.341796875 0.0390625 0.1103515625
0 0.77734375 0.572265625 0.0634765625 0.1328125
0 0.447265625 0.3515625 0.0703125 0.115234375
0 0.21484375 0.533203125 0.06640625 0.1201171875
0 0.26953125 0.546875 0.0478515625 0.1279296875
0 0.4794921875 0.5634765625 0.08984375 0.123046875