0 0.572265625 0.4873046875 0.05078125 0.0654296875
0 0.572265625 0.4384765625 0.0546875 0.060546875
0 0.5244140625 0.4462890625 0.0419921875 0.05078125
0 0.537109375 0.4970703125 0.0546875 0.0966796875
0 0.5556640625 0.5732421875 0.05078125 0.1123046875
0 0.8173828125 0.4423828125 0.078125 0.0712890625
0 0.68359375 0.5263671875 0.0732421875 0.10546875
0 0.619140625 0.541015625 0.0888671875 0.1357421875
0 0.1220703125 0.490234375 0.068359375 0.109375
0 0.4912109375 0.509765625 0.060546875 0.115234375
0 0.712890625 0.4658203125 0.0869140625 0.0966796875