0 0.423828125 0.4580078125 0.03515625 0.0546875
0 0.4013671875 0.4638671875 0.0458984375 0.0673828125
0 0.4189453125 0.4208984375 0.037109375 0.03515625
0 0.4443359375 0.4404296875 0.041015625 0.0478515625
1 0.1748046875 0.396484375 0.0244140625 0.0732421875
0 0.8681640625 0.2939453125 0.03515625 0.0380859375
0 0.4921875 0.3828125 0.0283203125 0.05859375
0 0.328125 0.4580078125 0.046875 0.046875
0 0.3310546875 0.4111328125 0.033203125 0.0556640625
0 0.4619140625 0.3935546875 0.03125 0.0625
0 0.5517578125 0.4765625 0.037109375 0.0654296875
0 0.4697265625 0.3349609375 0.0263671875 0.0498046875
0 0.529296875 0.4169921875 0.0390625 0.05859375
0 0.6796875 0.314453125 0.02734375 0.048828125
0 0.7138671875 0.3515625 0.037109375 0.05859375
1 0.7607421875 0.51953125 0.0419921875 0.078125
0 0.2431640625 0.4287109375 0.0263671875 0.0703125
0 0.171875 0.552734375 0.05078125 0.080078125
0 0.0771484375 0.53515625 0.0380859375 0.0673828125
0 0.4912109375 0.43359375 0.041015625 0.0517578125
0 0.8037109375 0.3212890625 0.046875 0.05078125
0 0.58203125 0.453125 0.03515625 0.0693359375
0 0.27734375 0.462890625 0.04296875 0.06640625