0 0.5234375 0.4228515625 0.03125 0.0546875
0 0.7685546875 0.2919921875 0.0283203125 0.03125
0 0.490234375 0.4921875 0.033203125 0.0693359375
0 0.5908203125 0.2890625 0.03125 0.0263671875
0 0.458984375 0.4921875 0.03515625 0.080078125
0 0.5615234375 0.4296875 0.03515625 0.056640625
0 0.384765625 0.353515625 0.03125 0.0498046875
0 0.66015625 0.2998046875 0.033203125 0.0498046875
1 0.197265625 0.3916015625 0.0234375 0.0673828125
0 0.4326171875 0.4794921875 0.04296875 0.0654296875
0 0.625 0.3017578125 0.0302734375 0.0517578125
0 0.5712890625 0.46875 0.04296875 0.0537109375
0 0.412109375 0.443359375 0.0390625 0.05078125
0 0.60546875 0.4228515625 0.041015625 0.0751953125
0 0.6728515625 0.412109375 0.033203125 0.07421875
0 0.490234375 0.369140625 0.0341796875 0.05078125
1 0.7568359375 0.5234375 0.0390625 0.0791015625
0 0.646484375 0.4619140625 0.04296875 0.0771484375