0 0.4375 0.4306640625 0.0498046875 0.0478515625
0 0.3671875 0.408203125 0.0341796875 0.044921875
0 0.310546875 0.283203125 0.02734375 0.05078125
0 0.5107421875 0.283203125 0.02734375 0.04296875
0 0.3466796875 0.43359375 0.0400390625 0.0576171875
0 0.5322265625 0.384765625 0.0234375 0.0625
1 0.630859375 0.3984375 0.0322265625 0.0625
0 0.525390625 0.626953125 0.03125 0.07421875
0 0.734375 0.3515625 0.0244140625 0.0625
0 0.294921875 0.3173828125 0.037109375 0.0625
0 0.44140625 0.34375 0.0234375 0.0625
0 0.77734375 0.4697265625 0.0322265625 0.0703125
0 0.353515625 0.490234375 0.0400390625 0.06640625
0 0.2060546875 0.40234375 0.0244140625 0.0703125
0 0.53515625 0.455078125 0.0322265625 0.0654296875
0 0.658203125 0.533203125 0.0341796875 0.06640625
0 0.390625 0.5380859375 0.0556640625 0.0732421875
0 0.3984375 0.63671875 0.052734375 0.076171875