0 0.5771484375 0.5234375 0.0546875 0.052734375
0 0.4091796875 0.3232421875 0.02734375 0.05859375
0 0.5947265625 0.486328125 0.0390625 0.037109375
0 0.56640625 0.4931640625 0.05078125 0.0634765625
0 0.5927734375 0.453125 0.044921875 0.0341796875
0 0.6015625 0.541015625 0.04296875 0.068359375
0 0.677734375 0.462890625 0.044921875 0.0322265625
0 0.68359375 0.2666015625 0.0322265625 0.0546875
0 0.68359375 0.443359375 0.044921875 0.046875
1 0.34375 0.4580078125 0.0244140625 0.0712890625
0 0.724609375 0.5888671875 0.044921875 0.0869140625
0 0.689453125 0.5205078125 0.0546875 0.0625
0 0.2197265625 0.3720703125 0.0322265625 0.0625
0 0.8291015625 0.48046875 0.03515625 0.076171875
0 0.6875 0.369140625 0.04296875 0.0654296875
0 0.4853515625 0.4248046875 0.0322265625 0.0654296875
0 0.6474609375 0.330078125 0.044921875 0.0625
0 0.3271484375 0.580078125 0.03515625 0.076171875
0 0.6904296875 0.6728515625 0.05859375 0.08203125
0 0.5693359375 0.677734375 0.0419921875 0.0712890625