0 0.7646484375 0.2802734375 0.029296875 0.0390625
0 0.5380859375 0.3076171875 0.0419921875 0.0556640625
0 0.587890625 0.365234375 0.0341796875 0.0654296875
0 0.42578125 0.4892578125 0.0361328125 0.0810546875
0 0.5419921875 0.3642578125 0.03515625 0.07421875
0 0.7802734375 0.326171875 0.0361328125 0.076171875
0 0.5166015625 0.5361328125 0.05078125 0.076171875
0 0.677734375 0.2724609375 0.033203125 0.0751953125
0 0.740234375 0.3271484375 0.056640625 0.068359375
0 0.0244140625 0.552734375 0.03515625 0.0849609375
0 0.4169921875 0.4072265625 0.0380859375 0.078125
0 0.59765625 0.5322265625 0.0458984375 0.0673828125
0 0.46484375 0.482421875 0.0498046875 0.0859375
0 0.5888671875 0.2958984375 0.0380859375 0.0673828125
0 0.619140625 0.47265625 0.0654296875 0.0634765625
0 0.294921875 0.4150390625 0.0390625 0.064453125