0 0.44140625 0.4140625 0.044921875 0.0498046875
0 0.5244140625 0.369140625 0.0390625 0.0576171875
0 0.251953125 0.4033203125 0.0322265625 0.0810546875
0 0.4013671875 0.470703125 0.0498046875 0.0556640625
0 0.615234375 0.404296875 0.037109375 0.0498046875
0 0.5068359375 0.427734375 0.05078125 0.046875
0 0.4765625 0.27734375 0.052734375 0.0546875
0 0.22265625 0.439453125 0.0419921875 0.06640625
0 0.4931640625 0.451171875 0.0576171875 0.052734375
1 0.7802734375 0.42578125 0.029296875 0.08203125
1 0.166015625 0.361328125 0.02734375 0.07421875
0 0.6240234375 0.455078125 0.03515625 0.076171875
0 0.291015625 0.64453125 0.068359375 0.076171875
0 0.564453125 0.3515625 0.044921875 0.0654296875
0 0.8447265625 0.486328125 0.029296875 0.0859375
0 0.6904296875 0.650390625 0.04296875 0.0966796875
0 0.24609375 0.5869140625 0.0322265625 0.0888671875
0 0.7197265625 0.287109375 0.0322265625 0.0556640625
0 0.4765625 0.5947265625 0.0400390625 0.0888671875