0 0.4111328125 0.3212890625 0.02734375 0.0634765625
0 0.591796875 0.486328125 0.0478515625 0.0390625
0 0.416015625 0.2724609375 0.0263671875 0.05078125
0 0.685546875 0.2666015625 0.03125 0.05078125
0 0.580078125 0.5224609375 0.052734375 0.0546875
0 0.658203125 0.4892578125 0.046875 0.052734375
0 0.22265625 0.373046875 0.0322265625 0.0634765625
0 0.6845703125 0.443359375 0.04296875 0.04296875
0 0.6787109375 0.4658203125 0.044921875 0.037109375
0 0.5908203125 0.4560546875 0.052734375 0.0400390625
1 0.3173828125 0.4677734375 0.0244140625 0.0732421875
0 0.57421875 0.673828125 0.0419921875 0.08203125
0 0.314453125 0.576171875 0.03125 0.083984375
0 0.6904296875 0.5185546875 0.05859375 0.0654296875
0 0.830078125 0.4814453125 0.0341796875 0.07421875
0 0.7255859375 0.5888671875 0.044921875 0.0869140625
0 0.48828125 0.423828125 0.0322265625 0.0634765625
0 0.6884765625 0.369140625 0.0419921875 0.060546875
0 0.51171875 0.4931640625 0.03515625 0.0732421875
0 0.6484375 0.3291015625 0.04296875 0.060546875
0 0.69140625 0.6728515625 0.0576171875 0.08203125