0 0.455078125 0.4189453125 0.044921875 0.0498046875
0 0.5029296875 0.4521484375 0.046875 0.044921875
0 0.4150390625 0.4736328125 0.0478515625 0.0556640625
0 0.521484375 0.4296875 0.05078125 0.046875
0 0.537109375 0.3701171875 0.0419921875 0.0556640625
0 0.267578125 0.40625 0.037109375 0.0810546875
0 0.533203125 0.4912109375 0.0341796875 0.076171875
0 0.236328125 0.44140625 0.044921875 0.06640625
1 0.748046875 0.4404296875 0.029296875 0.0810546875
0 0.400390625 0.291015625 0.0263671875 0.0634765625
0 0.4912109375 0.279296875 0.05078125 0.0546875
0 0.724609375 0.267578125 0.021484375 0.06640625
0 0.572265625 0.3583984375 0.0576171875 0.060546875
0 0.658203125 0.333984375 0.02734375 0.0712890625
0 0.955078125 0.412109375 0.03515625 0.08203125
0 0.3046875 0.650390625 0.068359375 0.07421875
0 0.6337890625 0.455078125 0.03515625 0.0712890625
0 0.681640625 0.646484375 0.05078125 0.0810546875