0 0.443359375 0.416015625 0.0478515625 0.0546875
0 0.3251953125 0.458984375 0.03125 0.08984375
0 0.6171875 0.4013671875 0.0341796875 0.046875
0 0.40234375 0.4677734375 0.0478515625 0.060546875
0 0.255859375 0.404296875 0.0322265625 0.08203125
0 0.494140625 0.453125 0.0576171875 0.052734375
0 0.478515625 0.2783203125 0.05078125 0.052734375
0 0.525390625 0.37109375 0.04296875 0.0576171875
1 0.7724609375 0.4287109375 0.029296875 0.0791015625
0 0.2255859375 0.439453125 0.044921875 0.0712890625
1 0.064453125 0.3359375 0.0341796875 0.0712890625
0 0.5087890625 0.4287109375 0.05078125 0.0478515625
0 0.6220703125 0.4501953125 0.0341796875 0.078125
0 0.853515625 0.4580078125 0.0322265625 0.078125
0 0.552734375 0.5517578125 0.04296875 0.08984375
0 0.2939453125 0.6455078125 0.068359375 0.078125
0 0.716796875 0.6416015625 0.052734375 0.091796875
0 0.720703125 0.287109375 0.0322265625 0.05859375
0 0.56640625 0.353515625 0.0478515625 0.0654296875