0 0.568359375 0.46484375 0.0498046875 0.0673828125
0 0.1416015625 0.30078125 0.0390625 0.056640625
0 0.1376953125 0.3642578125 0.048828125 0.07421875
0 0.58203125 0.5146484375 0.05859375 0.083984375
0 0.447265625 0.5048828125 0.0546875 0.087890625
0 0.51953125 0.3779296875 0.0478515625 0.0576171875
0 0.19140625 0.3154296875 0.0517578125 0.0791015625
0 0.322265625 0.3896484375 0.0478515625 0.083984375
0 0.650390625 0.4873046875 0.0712890625 0.091796875
0 0.529296875 0.482421875 0.0517578125 0.0859375
0 0.248046875 0.412109375 0.05859375 0.0810546875
0 0.662109375 0.44921875 0.083984375 0.08203125
0 0.0537109375 0.3203125 0.056640625 0.0751953125
0 0.42578125 0.3583984375 0.05859375 0.07421875
0 0.24609375 0.5048828125 0.0703125 0.0849609375
0 0.26953125 0.5849609375 0.0693359375 0.1044921875