0 0.810546875 0.388671875 0.025390625 0.041015625
0 0.3017578125 0.431640625 0.02734375 0.03515625
0 0.341796875 0.408203125 0.0322265625 0.046875
0 0.69140625 0.4638671875 0.0263671875 0.0419921875
0 0.255859375 0.48046875 0.0322265625 0.03515625
1 0.115234375 0.43359375 0.0234375 0.0361328125
0 0.83203125 0.5107421875 0.0283203125 0.05078125
0 0.6943359375 0.40625 0.0341796875 0.0390625
0 0.6884765625 0.533203125 0.0341796875 0.05078125
0 0.1220703125 0.5546875 0.0390625 0.048828125
0 0.220703125 0.5078125 0.0419921875 0.041015625