0 0.751953125 0.4375 0.037109375 0.0712890625
0 0.0107421875 0.6318359375 0.021484375 0.0546875
0 0.669921875 0.373046875 0.03515625 0.05078125
0 0.37109375 0.2685546875 0.0322265625 0.0556640625
0 0.75390625 0.361328125 0.0263671875 0.05078125
0 0.666015625 0.4326171875 0.03515625 0.0712890625
0 0.7275390625 0.3828125 0.029296875 0.052734375
0 0.177734375 0.3388671875 0.029296875 0.052734375
0 0.6298828125 0.37890625 0.03125 0.05078125
0 0.072265625 0.3759765625 0.05078125 0.05078125
1 0.4130859375 0.4228515625 0.0234375 0.06640625
0 0.537109375 0.4716796875 0.03125 0.068359375
0 0.3125 0.30859375 0.0244140625 0.0419921875
0 0.71875 0.447265625 0.0400390625 0.06640625
0 0.125 0.2880859375 0.04296875 0.0478515625
1 0.931640625 0.2529296875 0.0322265625 0.0556640625
0 0.3408203125 0.4619140625 0.0400390625 0.0546875
0 0.29296875 0.6650390625 0.05078125 0.0703125