0 0.236328125 0.4677734375 0.0322265625 0.037109375
0 0.328125 0.3916015625 0.025390625 0.03515625
0 0.2578125 0.447265625 0.0283203125 0.0341796875
0 0.2939453125 0.4208984375 0.03125 0.03125
0 0.7490234375 0.525390625 0.0361328125 0.0546875
0 0.75390625 0.455078125 0.0283203125 0.0439453125
0 0.7578125 0.3955078125 0.0283203125 0.04296875
0 0.1201171875 0.4208984375 0.02734375 0.0390625
0 0.1201171875 0.54296875 0.03125 0.0458984375
0 0.8759765625 0.3798828125 0.0263671875 0.0400390625
0 0.8984375 0.50390625 0.0302734375 0.0517578125
0 0.201171875 0.4951171875 0.03515625 0.037109375