0 0.669921875 0.2763671875 0.0341796875 0.046875
0 0.6357421875 0.2734375 0.0400390625 0.0556640625
0 0.681640625 0.330078125 0.044921875 0.078125
0 0.7890625 0.328125 0.04296875 0.078125
0 0.5009765625 0.37890625 0.03515625 0.0859375
0 0.6064453125 0.5732421875 0.04296875 0.1025390625
0 0.8330078125 0.3291015625 0.0498046875 0.0791015625
1 0.2587890625 0.3154296875 0.0322265625 0.0869140625
0 0.5439453125 0.439453125 0.0810546875 0.08984375
0 0.1123046875 0.6142578125 0.0498046875 0.109375
0 0.56640625 0.6455078125 0.0546875 0.12109375
0 0.443359375 0.3232421875 0.05078125 0.0810546875
0 0.34375 0.4365234375 0.037109375 0.0859375
0 0.248046875 0.544921875 0.0703125 0.09375