0 0.40234375 0.48046875 0.0380859375 0.056640625
0 0.365234375 0.5126953125 0.0546875 0.08984375
0 0.44140625 0.4365234375 0.0380859375 0.056640625
0 0.412109375 0.44140625 0.0400390625 0.0517578125
0 0.427734375 0.55078125 0.0634765625 0.1064453125
0 0.822265625 0.626953125 0.0498046875 0.0966796875
0 0.9296875 0.5068359375 0.0517578125 0.1015625
0 0.373046875 0.546875 0.0625 0.0908203125
0 0.740234375 0.4697265625 0.05859375 0.09375
0 0.708984375 0.2900390625 0.0595703125 0.06640625
0 0.82421875 0.37890625 0.0419921875 0.083984375
0 0.66015625 0.57421875 0.0703125 0.0859375
0 0.4931640625 0.447265625 0.0693359375 0.0712890625
0 0.46875 0.5009765625 0.0751953125 0.09375
0 0.525390625 0.58203125 0.0908203125 0.08984375
0 0.578125 0.353515625 0.05859375 0.0693359375
0 0.193359375 0.4775390625 0.060546875 0.0927734375
0 0.24609375 0.5556640625 0.0703125 0.0830078125
0 0.619140625 0.384765625 0.06640625 0.080078125