0 0.541015625 0.3720703125 0.03125 0.0498046875
1 0.4189453125 0.2412109375 0.02734375 0.044921875
0 0.478515625 0.388671875 0.0263671875 0.04296875
0 0.5830078125 0.4287109375 0.02734375 0.05078125
1 0.896484375 0.44921875 0.0263671875 0.0478515625
0 0.396484375 0.349609375 0.0322265625 0.0400390625
1 0.3173828125 0.435546875 0.02734375 0.0478515625
0 0.47265625 0.5625 0.03515625 0.0498046875
1 0.78125 0.287109375 0.02734375 0.046875
0 0.4130859375 0.302734375 0.0390625 0.0419921875
0 0.474609375 0.439453125 0.0400390625 0.0556640625
0 0.494140625 0.703125 0.03515625 0.04296875
0 0.6181640625 0.423828125 0.029296875 0.0478515625
0 0.2724609375 0.310546875 0.0234375 0.0400390625
0 0.3203125 0.373046875 0.0244140625 0.0478515625
0 0.3701171875 0.4580078125 0.0244140625 0.046875
0 0.546875 0.462890625 0.02734375 0.0556640625
0 0.3798828125 0.5673828125 0.0244140625 0.052734375
0 0.521484375 0.4697265625 0.029296875 0.0576171875
0 0.1083984375 0.5595703125 0.0263671875 0.0556640625
0 0.123046875 0.416015625 0.0244140625 0.0478515625