0 0.49609375 0.431640625 0.029296875 0.03125
0 0.603515625 0.416015625 0.0263671875 0.05078125
0 0.501953125 0.4091796875 0.029296875 0.02734375
0 0.501953125 0.3876953125 0.02734375 0.03125
1 0.755859375 0.2978515625 0.0244140625 0.0419921875
1 0.322265625 0.4345703125 0.021484375 0.04296875
0 0.4541015625 0.4453125 0.0390625 0.037109375
1 0.86328125 0.447265625 0.0234375 0.0419921875
0 0.3486328125 0.4580078125 0.0244140625 0.04296875
0 0.4375 0.3818359375 0.037109375 0.029296875
0 0.439453125 0.4169921875 0.0341796875 0.0400390625
0 0.330078125 0.388671875 0.021484375 0.0390625
0 0.466796875 0.478515625 0.037109375 0.037109375
0 0.5244140625 0.67578125 0.0322265625 0.0478515625
0 0.1494140625 0.427734375 0.0234375 0.0478515625
0 0.49609375 0.3076171875 0.029296875 0.0400390625
0 0.318359375 0.3232421875 0.021484375 0.0400390625
0 0.4853515625 0.3525390625 0.029296875 0.0419921875
0 0.3828125 0.544921875 0.021484375 0.05078125
0 0.1337890625 0.5478515625 0.0234375 0.0546875
0 0.560546875 0.5439453125 0.0390625 0.0498046875