0 0.625 0.259765625 0.052734375 0.0791015625
0 0.974609375 0.3701171875 0.05078125 0.1005859375
0 0.5791015625 0.453125 0.0712890625 0.0888671875
0 0.44140625 0.2998046875 0.0615234375 0.103515625
0 0.646484375 0.3603515625 0.0615234375 0.115234375
0 0.8369140625 0.2666015625 0.0546875 0.09375
0 0.4931640625 0.4443359375 0.05859375 0.1025390625
0 0.7490234375 0.2578125 0.0791015625 0.076171875
0 0.7822265625 0.4208984375 0.0625 0.1142578125
0 0.55078125 0.5107421875 0.072265625 0.1181640625
0 0.689453125 0.271484375 0.05859375 0.1005859375