0 0.009765625 0.318359375 0.0185546875 0.0712890625
1 0.47265625 0.25 0.0263671875 0.0625
0 0.744140625 0.427734375 0.0498046875 0.0576171875
0 0.53125 0.4638671875 0.0556640625 0.1025390625
0 0.490234375 0.4599609375 0.04296875 0.1044921875
0 0.1640625 0.4169921875 0.04296875 0.083984375
0 0.69140625 0.423828125 0.0576171875 0.05859375
0 0.654296875 0.447265625 0.0478515625 0.099609375
0 0.076171875 0.4521484375 0.037109375 0.0947265625
0 0.052734375 0.3271484375 0.0498046875 0.0703125
0 0.783203125 0.4970703125 0.0654296875 0.09375
0 0.720703125 0.494140625 0.068359375 0.091796875
0 0.6142578125 0.49609375 0.0654296875 0.09765625
0 0.294921875 0.4599609375 0.0498046875 0.076171875