0 0.572265625 0.4345703125 0.03125 0.02734375
1 0.6708984375 0.2578125 0.0263671875 0.05859375
0 0.611328125 0.41796875 0.0341796875 0.0478515625
0 0.162109375 0.404296875 0.01953125 0.0703125
0 0.5830078125 0.458984375 0.0498046875 0.0419921875
0 0.5673828125 0.4765625 0.0498046875 0.04296875
0 0.638671875 0.41796875 0.0322265625 0.0478515625
0 0.501953125 0.443359375 0.0478515625 0.0478515625
0 0.4775390625 0.4111328125 0.0322265625 0.046875
0 0.6240234375 0.306640625 0.0322265625 0.0390625
0 0.6962890625 0.3095703125 0.0263671875 0.046875
0 0.40234375 0.416015625 0.0322265625 0.052734375
0 0.501953125 0.62890625 0.03515625 0.06640625
0 0.435546875 0.4443359375 0.046875 0.05078125
0 0.384765625 0.619140625 0.0498046875 0.0654296875