0 0.61328125 0.439453125 0.0390625 0.0556640625
0 0.591796875 0.5107421875 0.04296875 0.0966796875
0 0.533203125 0.404296875 0.0341796875 0.0498046875
0 0.623046875 0.5234375 0.046875 0.099609375
0 0.638671875 0.4736328125 0.046875 0.09375
0 0.4873046875 0.435546875 0.037109375 0.08203125
0 0.529296875 0.4599609375 0.0498046875 0.0859375
0 0.494140625 0.5166015625 0.046875 0.0859375
0 0.345703125 0.2587890625 0.0263671875 0.0576171875
0 0.669921875 0.466796875 0.04296875 0.0947265625
0 0.966796875 0.37890625 0.0419921875 0.091796875
0 0.138671875 0.396484375 0.0419921875 0.0712890625
0 0.384765625 0.384765625 0.03125 0.0791015625
0 0.287109375 0.396484375 0.0625 0.08203125