0 0.8427734375 0.5126953125 0.0419921875 0.078125
0 0.7255859375 0.517578125 0.0947265625 0.0498046875
0 0.80859375 0.4775390625 0.0419921875 0.1044921875
0 0.658203125 0.568359375 0.10546875 0.052734375
0 0.802734375 0.390625 0.0419921875 0.0869140625
0 0.5615234375 0.3955078125 0.0419921875 0.109375
0 0.5009765625 0.4208984375 0.0732421875 0.08203125
0 0.8798828125 0.5126953125 0.05859375 0.1279296875
0 0.77734375 0.5419921875 0.0634765625 0.13671875
0 0.4873046875 0.248046875 0.046875 0.05859375
0 0.4873046875 0.451171875 0.0712890625 0.10546875
0 0.845703125 0.5908203125 0.0859375 0.1181640625
0 0.583984375 0.4375 0.0712890625 0.1025390625
0 0.453125 0.51953125 0.05859375 0.1015625
0 0.26953125 0.470703125 0.060546875 0.09765625