0 0.4248046875 0.40625 0.04296875 0.0673828125
0 0.427734375 0.470703125 0.060546875 0.0673828125
0 0.4755859375 0.470703125 0.0703125 0.1162109375
0 0.4990234375 0.3564453125 0.0556640625 0.09375
0 0.369140625 0.37890625 0.06640625 0.11328125
0 0.46484375 0.3818359375 0.0859375 0.09765625
0 0.7763671875 0.3974609375 0.0537109375 0.12890625
0 0.2216796875 0.5712890625 0.0634765625 0.123046875
0 0.310546875 0.4365234375 0.068359375 0.126953125
0 0.373046875 0.4599609375 0.08203125 0.1279296875
0 0.5361328125 0.556640625 0.06640625 0.130859375
0 0.388671875 0.5947265625 0.0732421875 0.1455078125
0 0.595703125 0.3544921875 0.056640625 0.099609375
0 0.1220703125 0.5029296875 0.0673828125 0.1337890625
0 0.7392578125 0.537109375 0.080078125 0.1455078125
0 0.513671875 0.6162109375 0.119140625 0.1435546875
0 0.8701171875 0.291015625 0.072265625 0.1201171875