0 0.505859375 0.548828125 0.0419921875 0.0654296875
0 0.9775390625 0.6708984375 0.0390625 0.076171875
0 0.3662109375 0.544921875 0.0322265625 0.0703125
0 0.7880859375 0.392578125 0.029296875 0.0556640625
0 0.4912109375 0.4716796875 0.0390625 0.0654296875
0 0.767578125 0.3427734375 0.0341796875 0.0546875
0 0.587890625 0.3388671875 0.0419921875 0.046875
0 0.720703125 0.470703125 0.03515625 0.0625
0 0.58203125 0.388671875 0.03515625 0.0576171875
1 0.0419921875 0.4482421875 0.02734375 0.0654296875
0 0.541015625 0.4345703125 0.0322265625 0.0625
0 0.6240234375 0.5224609375 0.0322265625 0.060546875
0 0.595703125 0.453125 0.0390625 0.0654296875
0 0.396484375 0.5595703125 0.05078125 0.07421875
0 0.3037109375 0.4951171875 0.0263671875 0.068359375
0 0.4228515625 0.47265625 0.0390625 0.060546875
0 0.6533203125 0.671875 0.05859375 0.07421875