0 0.607421875 0.505859375 0.029296875 0.046875
0 0.5947265625 0.466796875 0.03515625 0.03515625
0 0.58203125 0.498046875 0.0322265625 0.0478515625
0 0.6298828125 0.52734375 0.037109375 0.0546875
1 0.98046875 0.388671875 0.0263671875 0.060546875
0 0.4228515625 0.333984375 0.01953125 0.0556640625
0 0.1025390625 0.4365234375 0.0263671875 0.060546875
0 0.56640625 0.3818359375 0.0390625 0.05078125
0 0.4921875 0.4326171875 0.02734375 0.0498046875
0 0.5078125 0.4580078125 0.0498046875 0.0400390625
0 0.5673828125 0.4248046875 0.037109375 0.0556640625
0 0.541015625 0.5263671875 0.0498046875 0.04296875
0 0.533203125 0.3310546875 0.0341796875 0.046875
0 0.55859375 0.5625 0.05078125 0.04296875
0 0.7490234375 0.5166015625 0.0322265625 0.060546875
0 0.529296875 0.4951171875 0.0478515625 0.0400390625
0 0.70703125 0.4833984375 0.0419921875 0.06640625
0 0.197265625 0.5732421875 0.03125 0.0712890625
0 0.4423828125 0.5166015625 0.03125 0.0546875
0 0.515625 0.6298828125 0.0341796875 0.0712890625
0 0.705078125 0.634765625 0.05859375 0.0634765625