0 0.689453125 0.349609375 0.0419921875 0.0556640625
0 0.5439453125 0.3955078125 0.046875 0.0400390625
0 0.5498046875 0.365234375 0.0498046875 0.052734375
0 0.4775390625 0.349609375 0.0478515625 0.06640625
0 0.5234375 0.3271484375 0.04296875 0.0419921875
0 0.4853515625 0.384765625 0.0546875 0.08984375
0 0.544921875 0.421875 0.0546875 0.0498046875
0 0.4345703125 0.412109375 0.0556640625 0.08984375
0 0.6962890625 0.392578125 0.044921875 0.0947265625
0 0.5712890625 0.474609375 0.05078125 0.0859375
0 0.494140625 0.4951171875 0.0634765625 0.0810546875
0 0.390625 0.37890625 0.04296875 0.0859375
0 0.4326171875 0.646484375 0.04296875 0.099609375
0 0.4921875 0.443359375 0.05859375 0.083984375
0 0.423828125 0.3193359375 0.0419921875 0.0576171875
0 0.7529296875 0.6328125 0.083984375 0.08984375
0 0.18359375 0.3203125 0.044921875 0.07421875