0 0.4833984375 0.4765625 0.0478515625 0.0498046875
0 0.5068359375 0.431640625 0.044921875 0.0322265625
0 0.517578125 0.5244140625 0.0634765625 0.060546875
0 0.5087890625 0.548828125 0.0478515625 0.0556640625
0 0.51171875 0.45703125 0.0478515625 0.05078125
0 0.2490234375 0.3994140625 0.0263671875 0.08203125
0 0.4931640625 0.416015625 0.0419921875 0.03515625
0 0.4150390625 0.474609375 0.0634765625 0.05078125
0 0.392578125 0.376953125 0.0341796875 0.0791015625
0 0.2314453125 0.34765625 0.0244140625 0.076171875
0 0.5576171875 0.43359375 0.02734375 0.0859375
0 0.3974609375 0.5419921875 0.0703125 0.0869140625
0 0.6953125 0.46875 0.0400390625 0.07421875
0 0.271484375 0.484375 0.0419921875 0.0654296875
0 0.4072265625 0.435546875 0.0634765625 0.05078125
0 0.5458984375 0.603515625 0.0634765625 0.083984375
0 0.0908203125 0.5419921875 0.0341796875 0.09375
0 0.2783203125 0.5380859375 0.0400390625 0.0791015625
0 0.212890625 0.6572265625 0.0625 0.1015625