0 0.98828125 0.546875 0.0234375 0.0615234375
0 0.8984375 0.5791015625 0.0419921875 0.0537109375
1 0.14453125 0.39453125 0.029296875 0.0546875
0 0.9296875 0.552734375 0.0380859375 0.05859375
0 0.91796875 0.73046875 0.0390625 0.078125
0 0.552734375 0.5078125 0.0244140625 0.056640625
0 0.583984375 0.50390625 0.029296875 0.056640625
0 0.9609375 0.6328125 0.0537109375 0.0693359375
0 0.87109375 0.662109375 0.0390625 0.068359375
0 0.23046875 0.470703125 0.03515625 0.0556640625
0 0.8515625 0.5947265625 0.0380859375 0.0546875
0 0.486328125 0.5478515625 0.0419921875 0.0517578125
0 0.806640625 0.59375 0.0546875 0.06640625
0 0.4638671875 0.4912109375 0.03515625 0.0595703125