0 0.6357421875 0.408203125 0.0400390625 0.0498046875
0 0.8271484375 0.3994140625 0.05078125 0.0791015625
0 0.658203125 0.4697265625 0.0478515625 0.1044921875
0 0.8583984375 0.4619140625 0.060546875 0.1259765625
0 0.71875 0.4326171875 0.0498046875 0.099609375
0 0.6826171875 0.443359375 0.046875 0.1015625
0 0.0341796875 0.3251953125 0.0341796875 0.1025390625
0 0.048828125 0.4208984375 0.0478515625 0.09765625
0 0.2294921875 0.34765625 0.0400390625 0.0947265625
0 0.6201171875 0.4755859375 0.083984375 0.1171875
0 0.4296875 0.634765625 0.0654296875 0.13671875
0 0.7978515625 0.494140625 0.0634765625 0.125
0 0.1748046875 0.3525390625 0.052734375 0.0947265625
0 0.275390625 0.615234375 0.060546875 0.1171875
0 0.734375 0.486328125 0.083984375 0.1181640625
0 0.208984375 0.65625 0.0546875 0.1435546875