0 0.380859375 0.505859375 0.0830078125 0.0771484375
0 0.484375 0.4287109375 0.048828125 0.0966796875
0 0.6640625 0.416015625 0.0595703125 0.10546875
0 0.537109375 0.4296875 0.041015625 0.103515625
0 0.705078125 0.4248046875 0.0576171875 0.1171875
0 0.4638671875 0.4716796875 0.05078125 0.115234375
0 0.5712890625 0.4501953125 0.0625 0.1005859375
0 0.087890625 0.3427734375 0.046875 0.11328125
0 0.6142578125 0.4404296875 0.0703125 0.109375
0 0.6083984375 0.5498046875 0.0673828125 0.09765625
0 0.7587890625 0.5078125 0.0830078125 0.103515625
0 0.427734375 0.384765625 0.060546875 0.1025390625