0 0.6240234375 0.380859375 0.0322265625 0.083984375
0 0.4033203125 0.515625 0.0966796875 0.0869140625
0 0.4677734375 0.498046875 0.0732421875 0.0859375
0 0.6474609375 0.4013671875 0.05078125 0.099609375
0 0.212890625 0.583984375 0.04296875 0.0859375
0 0.642578125 0.53515625 0.05859375 0.0947265625
0 0.404296875 0.5654296875 0.0634765625 0.099609375
0 0.3193359375 0.47265625 0.0546875 0.0947265625
0 0.6962890625 0.521484375 0.0634765625 0.10546875
0 0.8720703125 0.4794921875 0.05859375 0.1181640625
0 0.53125 0.4208984375 0.0498046875 0.107421875
0 0.0712890625 0.3701171875 0.0419921875 0.083984375
0 0.333984375 0.5771484375 0.0732421875 0.09765625
0 0.5712890625 0.40625 0.06640625 0.0966796875