0 0.771484375 0.37890625 0.033203125 0.080078125
0 0.6650390625 0.4033203125 0.03515625 0.076171875
0 0.896484375 0.2939453125 0.033203125 0.05078125
0 0.423828125 0.45703125 0.0322265625 0.06640625
0 0.408203125 0.5126953125 0.0341796875 0.0771484375
0 0.1904296875 0.4765625 0.0634765625 0.06640625
0 0.51953125 0.4794921875 0.037109375 0.0859375
0 0.24609375 0.4697265625 0.0556640625 0.068359375
0 0.337890625 0.3564453125 0.029296875 0.0625
0 0.044921875 0.2548828125 0.0478515625 0.0712890625
0 0.5830078125 0.3486328125 0.03515625 0.07421875
0 0.6279296875 0.3798828125 0.056640625 0.064453125