0 0.548828125 0.5517578125 0.0732421875 0.052734375
0 0.419921875 0.5029296875 0.0419921875 0.0556640625
0 0.54296875 0.509765625 0.076171875 0.0625
0 0.470703125 0.5185546875 0.05859375 0.0625
0 0.4228515625 0.599609375 0.060546875 0.0703125
0 0.54296875 0.591796875 0.076171875 0.0634765625
0 0.986328125 0.408203125 0.02734375 0.07421875
0 0.431640625 0.4580078125 0.05078125 0.0400390625
0 0.357421875 0.4716796875 0.046875 0.083984375
0 0.708984375 0.541015625 0.0390625 0.0966796875
0 0.681640625 0.470703125 0.0390625 0.08203125
0 0.9189453125 0.296875 0.037109375 0.0654296875
0 0.7890625 0.376953125 0.037109375 0.0888671875
0 0.634765625 0.630859375 0.037109375 0.1015625
0 0.1572265625 0.51953125 0.0478515625 0.0859375
0 0.8525390625 0.595703125 0.0634765625 0.0947265625
0 0.5439453125 0.4462890625 0.0625 0.076171875
0 0.427734375 0.388671875 0.068359375 0.0712890625
0 0.458984375 0.296875 0.05859375 0.0712890625