0 0.533203125 0.5576171875 0.0654296875 0.0712890625
0 0.4111328125 0.5556640625 0.0400390625 0.046875
0 0.47265625 0.521484375 0.04296875 0.0625
0 0.4462890625 0.5400390625 0.03515625 0.0556640625
0 0.41015625 0.587890625 0.052734375 0.0712890625
0 0.46875 0.484375 0.0390625 0.05078125
1 0.03515625 0.4501953125 0.033203125 0.0654296875
0 0.2119140625 0.5048828125 0.041015625 0.0673828125
0 0.423828125 0.5048828125 0.0322265625 0.064453125
0 0.953125 0.361328125 0.02734375 0.0654296875
0 0.53125 0.5068359375 0.0625 0.0615234375
0 0.4873046875 0.623046875 0.046875 0.078125
0 0.357421875 0.60546875 0.0625 0.0625
0 0.677734375 0.48828125 0.0419921875 0.060546875
0 0.5654296875 0.693359375 0.048828125 0.076171875
0 0.5546875 0.458984375 0.0615234375 0.0576171875
0 0.65234375 0.5498046875 0.0380859375 0.0771484375
0 0.5966796875 0.326171875 0.029296875 0.056640625
0 0.6484375 0.333984375 0.03125 0.0595703125