0 0.572265625 0.4541015625 0.03515625 0.0390625
0 0.3740234375 0.4453125 0.0263671875 0.04296875
0 0.556640625 0.462890625 0.0419921875 0.037109375
0 0.720703125 0.443359375 0.0322265625 0.0556640625
0 0.5673828125 0.494140625 0.0400390625 0.0390625
0 0.0126953125 0.5439453125 0.0244140625 0.0712890625
0 0.5234375 0.423828125 0.046875 0.0400390625
0 0.365234375 0.490234375 0.0341796875 0.07421875
0 0.486328125 0.5107421875 0.05859375 0.0625
0 0.5 0.4599609375 0.0556640625 0.0419921875
0 0.5869140625 0.5361328125 0.05078125 0.068359375
0 0.2392578125 0.408203125 0.02734375 0.0634765625
0 0.3515625 0.5869140625 0.037109375 0.0703125
0 0.328125 0.337890625 0.0341796875 0.0498046875
0 0.5712890625 0.5810546875 0.05078125 0.07421875
0 0.5947265625 0.439453125 0.0478515625 0.0498046875
0 0.4931640625 0.6962890625 0.0546875 0.0703125
0 0.119140625 0.689453125 0.0400390625 0.076171875
0 0.603515625 0.3369140625 0.0478515625 0.0546875