0 0.5048828125 0.392578125 0.02734375 0.052734375
0 0.494140625 0.3359375 0.03125 0.0556640625
0 0.52734375 0.3359375 0.0322265625 0.0400390625
1 0.3701171875 0.43359375 0.0341796875 0.060546875
0 0.529296875 0.373046875 0.0341796875 0.0498046875
1 0.9921875 0.3955078125 0.015625 0.068359375
0 0.552734375 0.619140625 0.044921875 0.0654296875
0 0.576171875 0.36328125 0.0341796875 0.0546875
0 0.30078125 0.2685546875 0.029296875 0.052734375
1 0.771484375 0.2783203125 0.0244140625 0.052734375
0 0.447265625 0.4189453125 0.03515625 0.0556640625
0 0.50390625 0.6103515625 0.0419921875 0.05078125
0 0.4814453125 0.435546875 0.03125 0.0634765625
0 0.330078125 0.322265625 0.0341796875 0.05859375
0 0.455078125 0.361328125 0.0478515625 0.0546875
0 0.3466796875 0.267578125 0.037109375 0.052734375
0 0.6552734375 0.353515625 0.0263671875 0.068359375
0 0.5693359375 0.392578125 0.0478515625 0.060546875
0 0.4560546875 0.4892578125 0.03125 0.0556640625
0 0.529296875 0.482421875 0.0498046875 0.06640625