0 0.4306640625 0.259765625 0.0634765625 0.0810546875
0 0.6806640625 0.2841796875 0.08203125 0.130859375
0 0.5009765625 0.2607421875 0.060546875 0.083984375
0 0.5732421875 0.3759765625 0.078125 0.169921875
0 0.970703125 0.2548828125 0.05859375 0.0712890625
0 0.8046875 0.2734375 0.10546875 0.10546875
0 0.716796875 0.326171875 0.1015625 0.15625
0 0.458984375 0.365234375 0.083984375 0.15234375
0 0.673828125 0.447265625 0.125 0.1591796875
0 0.263671875 0.599609375 0.09375 0.17578125
0 0.1875 0.560546875 0.12109375 0.171875
0 0.37109375 0.3125 0.1044921875 0.16796875