0 0.2646484375 0.4423828125 0.0263671875 0.052734375
0 0.380859375 0.4248046875 0.03125 0.046875
0 0.3486328125 0.39453125 0.03125 0.0478515625
0 0.3515625 0.4169921875 0.04296875 0.05859375
0 0.271484375 0.478515625 0.029296875 0.0654296875
0 0.431640625 0.423828125 0.03515625 0.05859375
0 0.4736328125 0.2744140625 0.0244140625 0.0478515625
0 0.4677734375 0.455078125 0.044921875 0.0703125
0 0.443359375 0.5927734375 0.0556640625 0.06640625
0 0.3681640625 0.4853515625 0.03515625 0.06640625
0 0.4609375 0.509765625 0.0654296875 0.0634765625
0 0.814453125 0.474609375 0.02734375 0.0732421875
0 0.55078125 0.6015625 0.03515625 0.068359375
0 0.3828125 0.3505859375 0.046875 0.05078125
0 0.4482421875 0.392578125 0.0400390625 0.05078125
0 0.5537109375 0.478515625 0.05078125 0.0634765625
0 0.5224609375 0.396484375 0.0322265625 0.05859375
0 0.47265625 0.345703125 0.0263671875 0.0556640625
0 0.361328125 0.2763671875 0.0498046875 0.0498046875
0 0.8701171875 0.3525390625 0.04296875 0.060546875