0 0.576171875 0.4521484375 0.0322265625 0.0390625
0 0.5556640625 0.4658203125 0.0390625 0.0400390625
0 0.375 0.443359375 0.02734375 0.04296875
0 0.568359375 0.494140625 0.0419921875 0.0400390625
0 0.705078125 0.45703125 0.02734375 0.08203125
0 0.724609375 0.4404296875 0.0322265625 0.0556640625
0 0.490234375 0.51171875 0.0546875 0.0634765625
0 0.3671875 0.4892578125 0.0341796875 0.0712890625
0 0.501953125 0.4580078125 0.0576171875 0.0400390625
0 0.5244140625 0.419921875 0.05078125 0.0400390625
0 0.0146484375 0.541015625 0.029296875 0.0712890625
0 0.572265625 0.578125 0.0498046875 0.07421875
0 0.5966796875 0.4365234375 0.0498046875 0.0478515625
0 0.58984375 0.533203125 0.0546875 0.0712890625
0 0.49609375 0.6953125 0.060546875 0.0712890625
0 0.330078125 0.333984375 0.0341796875 0.0498046875
0 0.3544921875 0.5810546875 0.0341796875 0.068359375
0 0.603515625 0.333984375 0.0478515625 0.05078125
0 0.2587890625 0.4072265625 0.029296875 0.060546875
0 0.119140625 0.6884765625 0.0390625 0.08203125