0 0.572265625 0.4150390625 0.04296875 0.091796875
0 0.396484375 0.4990234375 0.0390625 0.06640625
0 0.41796875 0.47265625 0.03515625 0.0546875
0 0.4462890625 0.556640625 0.0478515625 0.0791015625
0 0.607421875 0.4091796875 0.0576171875 0.078125
0 0.4970703125 0.439453125 0.05859375 0.08203125
0 0.4677734375 0.4853515625 0.0546875 0.091796875
0 0.533203125 0.5107421875 0.052734375 0.0869140625
0 0.416015625 0.5693359375 0.0498046875 0.0947265625
0 0.6552734375 0.494140625 0.0419921875 0.099609375
0 0.3935546875 0.607421875 0.04296875 0.09765625
0 0.419921875 0.404296875 0.05078125 0.083984375
0 0.5693359375 0.5126953125 0.0546875 0.09375
0 0.3037109375 0.4306640625 0.0419921875 0.076171875
0 0.142578125 0.3515625 0.029296875 0.068359375
0 0.3525390625 0.5556640625 0.0576171875 0.0947265625