0 0.5615234375 0.49609375 0.0419921875 0.0390625
0 0.59375 0.4873046875 0.0341796875 0.0400390625
0 0.509765625 0.509765625 0.0556640625 0.044921875
0 0.57421875 0.458984375 0.0390625 0.0263671875
1 0.9892578125 0.580078125 0.021484375 0.0712890625
0 0.4951171875 0.560546875 0.0556640625 0.0546875
0 0.4033203125 0.470703125 0.0341796875 0.0625
0 0.5048828125 0.4873046875 0.052734375 0.0400390625
0 0.5791015625 0.5390625 0.0419921875 0.0556640625
0 0.38671875 0.5107421875 0.03515625 0.0654296875
0 0.4501953125 0.4091796875 0.021484375 0.0654296875
0 0.115234375 0.43359375 0.0263671875 0.0732421875
0 0.810546875 0.498046875 0.03515625 0.0634765625
0 0.3974609375 0.556640625 0.0234375 0.076171875
0 0.5068359375 0.451171875 0.0478515625 0.0390625
0 0.3271484375 0.3203125 0.0234375 0.0625
0 0.5830078125 0.3271484375 0.0400390625 0.05078125
0 0.6435546875 0.4384765625 0.02734375 0.0732421875
0 0.615234375 0.455078125 0.03515625 0.060546875
0 0.5634765625 0.67578125 0.0634765625 0.076171875
0 0.4736328125 0.677734375 0.0341796875 0.0791015625