0 0.6123046875 0.45703125 0.05859375 0.0732421875
0 0.265625 0.58984375 0.07421875 0.0849609375
0 0.517578125 0.4912109375 0.0654296875 0.08984375
0 0.734375 0.3583984375 0.06640625 0.0810546875
0 0.5224609375 0.5234375 0.0576171875 0.0908203125
0 0.55859375 0.5390625 0.04296875 0.08984375
0 0.4091796875 0.3701171875 0.05078125 0.0751953125
0 0.4609375 0.361328125 0.060546875 0.087890625
0 0.1640625 0.41796875 0.05078125 0.095703125
0 0.759765625 0.314453125 0.046875 0.08984375
0 0.595703125 0.5263671875 0.05859375 0.1103515625
0 0.716796875 0.3857421875 0.0703125 0.08984375
0 0.759765625 0.6298828125 0.052734375 0.099609375