0 0.447265625 0.4951171875 0.078125 0.0966796875
0 0.53515625 0.38671875 0.0576171875 0.1103515625
0 0.5029296875 0.529296875 0.0556640625 0.12109375
0 0.546875 0.419921875 0.0498046875 0.08984375
0 0.109375 0.7099609375 0.046875 0.0419921875
0 0.5791015625 0.3837890625 0.0419921875 0.0947265625
0 0.599609375 0.5419921875 0.1181640625 0.0498046875
0 0.650390625 0.4482421875 0.0546875 0.0966796875
0 0.451171875 0.5390625 0.05859375 0.12109375
0 0.0771484375 0.4052734375 0.0478515625 0.09765625
0 0.603515625 0.458984375 0.0546875 0.1103515625
0 0.0400390625 0.6943359375 0.05078125 0.0732421875
0 0.091796875 0.275390625 0.0419921875 0.1015625
0 0.1201171875 0.396484375 0.05859375 0.09375