0 0.322265625 0.4462890625 0.068359375 0.0859375
0 0.0166015625 0.255859375 0.0322265625 0.0732421875
0 0.0234375 0.537109375 0.046875 0.1259765625
0 0.44921875 0.392578125 0.060546875 0.1171875
0 0.3818359375 0.4541015625 0.08203125 0.1259765625
0 0.87890625 0.37109375 0.06640625 0.11328125
0 0.455078125 0.517578125 0.0654296875 0.125
0 0.54296875 0.474609375 0.06640625 0.1171875
0 0.216796875 0.263671875 0.0546875 0.0888671875
0 0.2822265625 0.4111328125 0.060546875 0.10546875
0 0.7412109375 0.4814453125 0.0546875 0.1123046875
0 0.2216796875 0.384765625 0.0654296875 0.1025390625
0 0.2041015625 0.53515625 0.0947265625 0.1259765625
0 0.4892578125 0.35546875 0.0556640625 0.1044921875
0 0.2900390625 0.5302734375 0.09765625 0.1259765625
0 0.1005859375 0.435546875 0.08203125 0.12890625