0 0.46875 0.4091796875 0.033203125 0.0458984375
0 0.4541015625 0.42578125 0.041015625 0.0302734375
0 0.3876953125 0.57421875 0.046875 0.0595703125
0 0.333984375 0.4560546875 0.0400390625 0.07421875
0 0.478515625 0.474609375 0.0400390625 0.046875
0 0.455078125 0.451171875 0.0390625 0.0341796875
0 0.435546875 0.505859375 0.0419921875 0.0546875
0 0.599609375 0.3486328125 0.0302734375 0.0546875
0 0.525390625 0.4814453125 0.052734375 0.048828125
0 0.5283203125 0.53125 0.05859375 0.046875
0 0.654296875 0.498046875 0.0419921875 0.05859375
0 0.49609375 0.701171875 0.0390625 0.0576171875
0 0.4775390625 0.341796875 0.0400390625 0.0546875
0 0.6904296875 0.3984375 0.02734375 0.0625
0 0.71484375 0.5947265625 0.0380859375 0.0703125
0 0.3916015625 0.6962890625 0.0546875 0.0712890625