0 0.609375 0.3642578125 0.0361328125 0.0576171875
0 0.2734375 0.4541015625 0.0498046875 0.076171875
0 0.2548828125 0.462890625 0.0400390625 0.078125
0 0.4033203125 0.4990234375 0.0361328125 0.06640625
0 0.615234375 0.4130859375 0.037109375 0.0703125
0 0.5390625 0.37109375 0.0341796875 0.060546875
0 0.5849609375 0.416015625 0.0498046875 0.0751953125
0 0.2958984375 0.6845703125 0.0498046875 0.029296875
1 0.7900390625 0.2900390625 0.0283203125 0.0595703125
0 0.4990234375 0.3486328125 0.03515625 0.072265625
0 0.560546875 0.3974609375 0.03515625 0.0712890625
0 0.3916015625 0.5361328125 0.0390625 0.07421875
0 0.455078125 0.4716796875 0.0419921875 0.0732421875
0 0.6787109375 0.373046875 0.03515625 0.0732421875
0 0.2666015625 0.3427734375 0.0322265625 0.0625