0 0.515625 0.4658203125 0.0400390625 0.07421875
0 0.466796875 0.45703125 0.037109375 0.05078125
0 0.490234375 0.41015625 0.037109375 0.03515625
0 0.451171875 0.4150390625 0.04296875 0.044921875
0 0.50390625 0.5078125 0.0546875 0.08984375
0 0.486328125 0.5595703125 0.0478515625 0.0810546875
0 0.54296875 0.482421875 0.05078125 0.09375
0 0.52734375 0.3740234375 0.044921875 0.076171875
0 0.2685546875 0.412109375 0.0400390625 0.08203125
0 0.4150390625 0.5654296875 0.0576171875 0.09375
0 0.6884765625 0.4775390625 0.0703125 0.06640625
0 0.4169921875 0.4755859375 0.0625 0.0859375
0 0.5458984375 0.634765625 0.076171875 0.08984375
0 0.435546875 0.3955078125 0.068359375 0.068359375
0 0.2587890625 0.4921875 0.060546875 0.083984375
0 0.265625 0.5615234375 0.0625 0.0859375
0 0.080078125 0.685546875 0.0654296875 0.099609375
0 0.1845703125 0.341796875 0.0498046875 0.076171875