0 0.509765625 0.5244140625 0.0341796875 0.05078125
0 0.1162109375 0.384765625 0.0419921875 0.0703125
0 0.505859375 0.486328125 0.0341796875 0.05859375
0 0.173828125 0.751953125 0.0546875 0.05859375
0 0.4794921875 0.5830078125 0.037109375 0.0810546875
0 0.478515625 0.4970703125 0.0400390625 0.0869140625
0 0.59375 0.46484375 0.046875 0.076171875
0 0.185546875 0.4267578125 0.029296875 0.07421875
0 0.7216796875 0.494140625 0.04296875 0.0869140625
0 0.060546875 0.2978515625 0.0634765625 0.06640625
0 0.5439453125 0.5400390625 0.0498046875 0.091796875
1 0.94921875 0.37890625 0.0322265625 0.08203125
0 0.234375 0.7568359375 0.0654296875 0.0478515625
0 0.634765625 0.4775390625 0.0478515625 0.0859375
0 0.7109375 0.548828125 0.052734375 0.0869140625
0 0.65234375 0.517578125 0.0634765625 0.0732421875
0 0.5166015625 0.580078125 0.0546875 0.08984375
0 0.150390625 0.4423828125 0.0478515625 0.078125