0 0.533203125 0.3369140625 0.0478515625 0.03515625
0 0.701171875 0.3388671875 0.044921875 0.04296875
0 0.568359375 0.4287109375 0.05859375 0.0478515625
0 0.5439453125 0.3662109375 0.052734375 0.0419921875
0 0.5244140625 0.40625 0.0478515625 0.0654296875
0 0.4267578125 0.3095703125 0.046875 0.0556640625
0 0.4453125 0.361328125 0.0654296875 0.0556640625
0 0.5791015625 0.4736328125 0.0576171875 0.0712890625
0 0.708984375 0.3818359375 0.052734375 0.091796875
0 0.455078125 0.4013671875 0.0703125 0.05859375
0 0.3798828125 0.365234375 0.046875 0.08203125
0 0.181640625 0.306640625 0.0390625 0.08984375
0 0.3173828125 0.4072265625 0.052734375 0.091796875
0 0.4658203125 0.439453125 0.0654296875 0.0634765625
0 0.470703125 0.49609375 0.0712890625 0.08203125
0 0.482421875 0.623046875 0.05859375 0.1025390625
0 0.7607421875 0.62109375 0.07421875 0.09765625