0 0.521484375 0.4501953125 0.044921875 0.0625
0 0.2041015625 0.7099609375 0.0390625 0.044921875
0 0.1279296875 0.7109375 0.0400390625 0.0400390625
0 0.5419921875 0.455078125 0.0400390625 0.0556640625
0 0.5546875 0.39453125 0.0400390625 0.0732421875
0 0.544921875 0.517578125 0.0390625 0.0947265625
0 0.44140625 0.486328125 0.060546875 0.0400390625
0 0.521484375 0.3974609375 0.0390625 0.0703125
0 0.248046875 0.376953125 0.0390625 0.08203125
0 0.48828125 0.50390625 0.044921875 0.08203125
0 0.978515625 0.4716796875 0.0390625 0.0869140625
0 0.185546875 0.2939453125 0.03125 0.0810546875
0 0.61328125 0.5078125 0.076171875 0.052734375
0 0.515625 0.5341796875 0.052734375 0.0966796875
0 0.029296875 0.2744140625 0.0341796875 0.08203125
0 0.38671875 0.47265625 0.060546875 0.0703125
0 0.171875 0.369140625 0.052734375 0.076171875