0 0.357421875 0.4013671875 0.03125 0.052734375
1 0.974609375 0.5361328125 0.0478515625 0.0625
0 0.3984375 0.4677734375 0.03125 0.0703125
0 0.3994140625 0.3916015625 0.0390625 0.0390625
0 0.365234375 0.478515625 0.04296875 0.08203125
0 0.845703125 0.3740234375 0.0419921875 0.060546875
0 0.798828125 0.2626953125 0.044921875 0.05859375
0 0.4296875 0.4326171875 0.03125 0.0556640625
0 0.427734375 0.4833984375 0.0478515625 0.060546875
0 0.455078125 0.4365234375 0.0341796875 0.0732421875
0 0.26171875 0.451171875 0.044921875 0.08203125
0 0.33203125 0.4130859375 0.0478515625 0.076171875
0 0.8125 0.3662109375 0.0556640625 0.0576171875
0 0.57421875 0.537109375 0.0419921875 0.0712890625
0 0.654296875 0.38671875 0.02734375 0.0634765625
0 0.40234375 0.5419921875 0.0576171875 0.0625