0 0.56640625 0.474609375 0.03515625 0.060546875
0 0.537109375 0.525390625 0.04296875 0.078125
0 0.576171875 0.5341796875 0.046875 0.091796875
0 0.5478515625 0.435546875 0.033203125 0.0498046875
1 0.017578125 0.408203125 0.03125 0.0712890625
0 0.34765625 0.5751953125 0.060546875 0.072265625
0 0.580078125 0.4404296875 0.037109375 0.0703125
0 0.51171875 0.390625 0.0390625 0.0859375
0 0.244140625 0.4560546875 0.0458984375 0.08984375
0 0.728515625 0.3154296875 0.0302734375 0.068359375
0 0.466796875 0.486328125 0.052734375 0.078125
0 0.6748046875 0.482421875 0.0546875 0.0908203125
0 0.7548828125 0.337890625 0.03515625 0.0712890625
0 0.75390625 0.6748046875 0.0546875 0.1015625
0 0.6171875 0.3984375 0.0517578125 0.068359375
0 0.6171875 0.53125 0.0517578125 0.0859375
0 0.4765625 0.380859375 0.0546875 0.068359375
0 0.4921875 0.509765625 0.056640625 0.0859375