0 0.560546875 0.45703125 0.03515625 0.03515625
0 0.376953125 0.4541015625 0.0341796875 0.03515625
0 0.5703125 0.494140625 0.0400390625 0.0419921875
0 0.576171875 0.447265625 0.0322265625 0.03515625
0 0.3671875 0.4892578125 0.0341796875 0.0712890625
0 0.4931640625 0.51171875 0.05078125 0.060546875
0 0.5234375 0.4169921875 0.052734375 0.037109375
0 0.2646484375 0.4111328125 0.029296875 0.0625
0 0.5712890625 0.5771484375 0.05078125 0.0732421875
0 0.5029296875 0.4580078125 0.05859375 0.0400390625
0 0.4970703125 0.6962890625 0.0625 0.0732421875
0 0.697265625 0.4619140625 0.0400390625 0.0703125
0 0.0146484375 0.537109375 0.029296875 0.0712890625
0 0.5908203125 0.5322265625 0.052734375 0.0703125
0 0.720703125 0.439453125 0.03515625 0.0556640625
0 0.60546875 0.3330078125 0.0478515625 0.052734375
0 0.330078125 0.333984375 0.0341796875 0.0498046875
0 0.59765625 0.4345703125 0.0478515625 0.0498046875
0 0.353515625 0.58203125 0.0341796875 0.06640625
0 0.1171875 0.6884765625 0.0400390625 0.0791015625