0 0.369140625 0.462890625 0.0576171875 0.0556640625
0 0.4033203125 0.4072265625 0.0498046875 0.08203125
0 0.373046875 0.4169921875 0.05078125 0.068359375
0 0.435546875 0.546875 0.0810546875 0.1123046875
0 0.3203125 0.5224609375 0.0625 0.1015625
0 0.3916015625 0.5185546875 0.0576171875 0.1025390625
0 0.09375 0.306640625 0.046875 0.0869140625
0 0.3994140625 0.3095703125 0.0634765625 0.078125
0 0.357421875 0.537109375 0.0712890625 0.11328125
0 0.29296875 0.4697265625 0.0634765625 0.0947265625
1 0.560546875 0.251953125 0.0400390625 0.0654296875
0 0.4970703125 0.521484375 0.078125 0.1279296875
0 0.2099609375 0.458984375 0.06640625 0.10546875
0 0.646484375 0.455078125 0.078125 0.11328125
0 0.1474609375 0.5224609375 0.060546875 0.1044921875
0 0.83984375 0.486328125 0.08203125 0.11328125