0 0.357421875 0.4208984375 0.0390625 0.0390625
0 0.396484375 0.3798828125 0.0390625 0.0341796875
0 0.240234375 0.39453125 0.03125 0.044921875
0 0.33203125 0.447265625 0.0478515625 0.0478515625
0 0.517578125 0.37890625 0.02734375 0.0478515625
0 0.33984375 0.3115234375 0.0390625 0.0546875
0 0.53515625 0.416015625 0.0322265625 0.0556640625
0 0.408203125 0.451171875 0.060546875 0.060546875
0 0.21875 0.4248046875 0.04296875 0.0400390625
0 0.279296875 0.44921875 0.037109375 0.0546875
1 0.6455078125 0.396484375 0.021484375 0.0732421875
0 0.4912109375 0.466796875 0.03515625 0.06640625
0 0.583984375 0.32421875 0.029296875 0.0546875
0 0.7412109375 0.408203125 0.0322265625 0.0654296875
0 0.3359375 0.6865234375 0.068359375 0.09765625
0 0.78515625 0.669921875 0.0546875 0.0810546875