0 0.345703125 0.4365234375 0.02734375 0.0537109375
0 0.42578125 0.6015625 0.0478515625 0.072265625
0 0.2861328125 0.400390625 0.04296875 0.0673828125
0 0.3154296875 0.41015625 0.0390625 0.0625
1 0.6982421875 0.42578125 0.0419921875 0.078125
0 0.251953125 0.4794921875 0.0341796875 0.08203125
0 0.3212890625 0.455078125 0.04296875 0.068359375
0 0.224609375 0.390625 0.025390625 0.0595703125
0 0.212890625 0.4287109375 0.0419921875 0.0712890625
0 0.19140625 0.45703125 0.0419921875 0.0595703125
0 0.3740234375 0.44140625 0.0390625 0.064453125
0 0.28515625 0.4873046875 0.046875 0.0830078125
0 0.5556640625 0.384765625 0.0341796875 0.0673828125
0 0.6455078125 0.615234375 0.04296875 0.060546875
0 0.4189453125 0.45703125 0.0498046875 0.068359375
0 0.5732421875 0.30078125 0.041015625 0.0576171875
0 0.5380859375 0.294921875 0.044921875 0.05078125
0 0.86328125 0.46484375 0.04296875 0.0732421875
0 0.4658203125 0.51953125 0.0439453125 0.064453125
0 0.869140625 0.38671875 0.0263671875 0.068359375
0 0.587890625 0.517578125 0.0400390625 0.0634765625