0 0.50390625 0.4228515625 0.0322265625 0.0859375
0 0.5078125 0.3515625 0.02734375 0.068359375
0 0.537109375 0.427734375 0.0546875 0.0625
0 0.4951171875 0.33203125 0.03125 0.0703125
0 0.4892578125 0.4697265625 0.03125 0.09765625
0 0.390625 0.416015625 0.0400390625 0.1015625
0 0.4599609375 0.2890625 0.0263671875 0.0869140625
0 0.177734375 0.396484375 0.0419921875 0.0966796875
0 0.232421875 0.490234375 0.0322265625 0.1025390625
0 0.646484375 0.3486328125 0.0322265625 0.08984375
1 0.7646484375 0.3759765625 0.0419921875 0.0888671875
0 0.7333984375 0.4306640625 0.0419921875 0.09765625
0 0.7841796875 0.54296875 0.0341796875 0.107421875
0 0.521484375 0.6640625 0.0419921875 0.078125
0 0.4794921875 0.556640625 0.0400390625 0.109375