0 0.5478515625 0.6728515625 0.029296875 0.060546875
0 0.529296875 0.326171875 0.03125 0.0712890625
1 0.7587890625 0.361328125 0.029296875 0.0703125
1 0.0849609375 0.3564453125 0.0478515625 0.09375
0 0.541015625 0.36328125 0.0390625 0.1015625
0 0.5009765625 0.287109375 0.0234375 0.0888671875
0 0.40234375 0.2939453125 0.0322265625 0.09375
0 0.517578125 0.4140625 0.037109375 0.078125
0 0.52734375 0.4814453125 0.0390625 0.0966796875
0 0.197265625 0.4052734375 0.037109375 0.1044921875
0 0.4580078125 0.4072265625 0.0400390625 0.1171875
0 0.4052734375 0.4228515625 0.03515625 0.11328125
0 0.57421875 0.431640625 0.06640625 0.0712890625
0 0.7548828125 0.423828125 0.037109375 0.1044921875
0 0.66796875 0.3251953125 0.029296875 0.0966796875
0 0.521484375 0.5732421875 0.044921875 0.115234375
0 0.833984375 0.5537109375 0.044921875 0.11328125
0 0.2314453125 0.5 0.0400390625 0.10546875