0 0.1708984375 0.3896484375 0.029296875 0.0419921875
0 0.3232421875 0.4453125 0.0341796875 0.0517578125
0 0.3037109375 0.3994140625 0.03515625 0.0458984375
0 0.2783203125 0.4755859375 0.046875 0.0634765625
0 0.814453125 0.384765625 0.02734375 0.068359375
0 0.1640625 0.4287109375 0.03125 0.07421875
1 0.6298828125 0.4248046875 0.02734375 0.08203125
0 0.841796875 0.4560546875 0.0263671875 0.07421875
0 0.447265625 0.3994140625 0.03515625 0.06640625
0 0.3564453125 0.294921875 0.0380859375 0.0595703125
0 0.28515625 0.53125 0.0419921875 0.07421875
0 0.392578125 0.4482421875 0.048828125 0.048828125
0 0.3671875 0.4931640625 0.0537109375 0.0712890625
0 0.1376953125 0.4599609375 0.03515625 0.0751953125
0 0.4765625 0.609375 0.041015625 0.072265625
0 0.4833984375 0.453125 0.03125 0.0703125
0 0.966796875 0.5263671875 0.0390625 0.0703125
0 0.4013671875 0.392578125 0.048828125 0.0458984375
0 0.525390625 0.5205078125 0.0341796875 0.0751953125
0 0.4580078125 0.3046875 0.0302734375 0.0517578125
0 0.22265625 0.59765625 0.0615234375 0.0810546875