0 0.349609375 0.5263671875 0.0556640625 0.07421875
0 0.474609375 0.4775390625 0.068359375 0.0634765625
0 0.8349609375 0.72265625 0.05078125 0.029296875
0 0.357421875 0.46484375 0.05859375 0.0478515625
0 0.794921875 0.2919921875 0.0341796875 0.0556640625
0 0.5 0.5419921875 0.09375 0.07421875
1 0.8662109375 0.4765625 0.0546875 0.099609375
0 0.396484375 0.5048828125 0.0703125 0.07421875
0 0.404296875 0.3544921875 0.05078125 0.0810546875
0 0.703125 0.423828125 0.0400390625 0.0859375
0 0.490234375 0.40234375 0.076171875 0.076171875
0 0.166015625 0.4833984375 0.0625 0.1171875
0 0.123046875 0.53515625 0.0625 0.1015625
0 0.30859375 0.4111328125 0.0576171875 0.07421875
0 0.3134765625 0.5546875 0.0732421875 0.09375
0 0.458984375 0.58984375 0.07421875 0.1044921875
0 0.73046875 0.509765625 0.05078125 0.1015625
0 0.5625 0.34375 0.04296875 0.083984375
0 0.34375 0.4306640625 0.068359375 0.0732421875
0 0.349609375 0.3095703125 0.0654296875 0.08984375