0 0.1669921875 0.4296875 0.037109375 0.07421875
0 0.1357421875 0.4345703125 0.041015625 0.0673828125
0 0.294921875 0.4052734375 0.033203125 0.0634765625
0 0.2060546875 0.4384765625 0.0419921875 0.078125
0 0.9404296875 0.33984375 0.021484375 0.0595703125
0 0.6220703125 0.4951171875 0.046875 0.0810546875
0 0.5546875 0.4775390625 0.0361328125 0.0693359375
0 0.2626953125 0.4072265625 0.05078125 0.0634765625
0 0.392578125 0.4091796875 0.025390625 0.0576171875
1 0.0166015625 0.3681640625 0.02734375 0.0693359375
0 0.65234375 0.5322265625 0.0361328125 0.0849609375
0 0.5830078125 0.4736328125 0.0361328125 0.0673828125
0 0.90625 0.3408203125 0.037109375 0.0625
0 0.10546875 0.6396484375 0.0625 0.09765625
0 0.931640625 0.5517578125 0.0615234375 0.080078125
0 0.515625 0.591796875 0.048828125 0.091796875