0 0.5595703125 0.373046875 0.029296875 0.0576171875
0 0.5888671875 0.3779296875 0.037109375 0.04296875
0 0.4091796875 0.365234375 0.033203125 0.07421875
0 0.5537109375 0.3369140625 0.046875 0.0419921875
0 0.5556640625 0.4326171875 0.048828125 0.0732421875
0 0.5029296875 0.3486328125 0.0654296875 0.0791015625
0 0.0205078125 0.6494140625 0.0390625 0.08984375
0 0.595703125 0.4228515625 0.0380859375 0.076171875
0 0.3935546875 0.3896484375 0.044921875 0.07421875
0 0.515625 0.384765625 0.06640625 0.060546875
0 0.5830078125 0.33203125 0.046875 0.0654296875
0 0.5556640625 0.4912109375 0.07421875 0.068359375
0 0.5361328125 0.408203125 0.05078125 0.0771484375
0 0.6337890625 0.369140625 0.0380859375 0.064453125
0 0.822265625 0.3779296875 0.048828125 0.0634765625
0 0.3349609375 0.4765625 0.0361328125 0.0771484375
0 0.7001953125 0.3828125 0.0595703125 0.06640625
0 0.4990234375 0.64453125 0.07421875 0.076171875