0 0.5126953125 0.490234375 0.046875 0.068359375
0 0.8603515625 0.7509765625 0.05078125 0.060546875
0 0.609375 0.669921875 0.05859375 0.0732421875
1 0.2607421875 0.36328125 0.03125 0.0859375
0 0.650390625 0.5888671875 0.060546875 0.0625
0 0.68359375 0.517578125 0.0546875 0.044921875
0 0.7939453125 0.51171875 0.05859375 0.0859375
0 0.494140625 0.5400390625 0.0556640625 0.1015625
0 0.7421875 0.6376953125 0.068359375 0.07421875
0 0.7705078125 0.564453125 0.0654296875 0.0703125
0 0.7060546875 0.6943359375 0.0556640625 0.091796875
0 0.6142578125 0.470703125 0.0341796875 0.0810546875
0 0.748046875 0.3388671875 0.0498046875 0.07421875
0 0.6845703125 0.4814453125 0.0498046875 0.046875
0 0.908203125 0.5712890625 0.0498046875 0.0947265625
0 0.9375 0.6796875 0.0556640625 0.099609375
0 0.919921875 0.466796875 0.04296875 0.0947265625