0 0.328125 0.5224609375 0.041015625 0.0869140625
0 0.3388671875 0.6083984375 0.044921875 0.0947265625
0 0.3720703125 0.421875 0.0390625 0.0673828125
0 0.36328125 0.361328125 0.0380859375 0.05859375
0 0.3466796875 0.5078125 0.048828125 0.0830078125
0 0.1826171875 0.4677734375 0.03515625 0.0859375
1 0.96484375 0.36328125 0.0361328125 0.087890625
1 0.0185546875 0.546875 0.0341796875 0.099609375
0 0.298828125 0.3876953125 0.0439453125 0.0703125
0 0.5888671875 0.4521484375 0.048828125 0.08203125
0 0.2939453125 0.4658203125 0.046875 0.08984375
0 0.560546875 0.501953125 0.0478515625 0.0712890625
0 0.4052734375 0.5205078125 0.048828125 0.09375
0 0.0322265625 0.62109375 0.037109375 0.095703125
0 0.2353515625 0.37109375 0.0302734375 0.078125