0 0.2255859375 0.470703125 0.0390625 0.07421875
0 0.71484375 0.462890625 0.0576171875 0.078125
0 0.654296875 0.4169921875 0.0478515625 0.07421875
0 0.1494140625 0.2724609375 0.044921875 0.060546875
0 0.20703125 0.267578125 0.029296875 0.0576171875
1 0.208984375 0.423828125 0.03125 0.06640625
0 0.541015625 0.404296875 0.02734375 0.0419921875
0 0.1865234375 0.4833984375 0.0478515625 0.076171875
0 0.6171875 0.4072265625 0.0341796875 0.0634765625
0 0.2548828125 0.41015625 0.03125 0.0703125
0 0.12109375 0.611328125 0.0576171875 0.0859375
0 0.759765625 0.365234375 0.046875 0.0634765625
0 0.80859375 0.412109375 0.03515625 0.07421875
0 0.111328125 0.5302734375 0.04296875 0.0732421875