1 0.0146484375 0.6484375 0.02734375 0.1171875
0 0.2919921875 0.439453125 0.033203125 0.046875
0 0.228515625 0.369140625 0.029296875 0.08984375
0 0.2109375 0.40625 0.0537109375 0.0849609375
0 0.267578125 0.5087890625 0.041015625 0.0771484375
0 0.35546875 0.57421875 0.0439453125 0.08984375
0 0.3095703125 0.5146484375 0.05078125 0.0732421875
0 0.3251953125 0.46875 0.0400390625 0.087890625
0 0.33203125 0.59375 0.037109375 0.1064453125
0 0.22265625 0.4853515625 0.0439453125 0.087890625
0 0.265625 0.373046875 0.0458984375 0.08203125
0 0.390625 0.4892578125 0.044921875 0.09375
0 0.046875 0.400390625 0.0478515625 0.08203125
0 0.0654296875 0.6806640625 0.046875 0.109375
0 0.37890625 0.669921875 0.0615234375 0.0537109375
0 0.259765625 0.5712890625 0.05859375 0.09765625
0 0.4345703125 0.490234375 0.06640625 0.0859375
0 0.578125 0.462890625 0.0390625 0.09375
0 0.7685546875 0.6552734375 0.0546875 0.0791015625