0 0.8359375 0.380859375 0.0361328125 0.060546875
0 0.8583984375 0.421875 0.041015625 0.0859375
0 0.9833984375 0.4384765625 0.033203125 0.0751953125
1 0.458984375 0.400390625 0.033203125 0.0673828125
0 0.91796875 0.3837890625 0.05078125 0.076171875
0 0.88671875 0.4423828125 0.0380859375 0.0810546875
0 0.26171875 0.3876953125 0.0400390625 0.068359375
0 0.4267578125 0.4462890625 0.04296875 0.08203125
0 0.033203125 0.521484375 0.0498046875 0.07421875
0 0.6787109375 0.513671875 0.0341796875 0.068359375
0 0.294921875 0.474609375 0.046875 0.0654296875