0 0.4755859375 0.40625 0.0390625 0.05859375
0 0.494140625 0.3720703125 0.0322265625 0.05859375
1 0.6943359375 0.248046875 0.0263671875 0.05859375
0 0.4423828125 0.419921875 0.037109375 0.05078125
0 0.408203125 0.4267578125 0.052734375 0.0625
0 0.8916015625 0.3037109375 0.029296875 0.0546875
0 0.5185546875 0.4375 0.0625 0.0498046875
0 0.4697265625 0.4755859375 0.0634765625 0.05078125
0 0.51171875 0.5517578125 0.05078125 0.083984375
0 0.529296875 0.333984375 0.04296875 0.0556640625
0 0.615234375 0.4755859375 0.0419921875 0.0703125
0 0.619140625 0.3642578125 0.06640625 0.0400390625
0 0.572265625 0.404296875 0.0625 0.05078125
0 0.796875 0.3330078125 0.0244140625 0.0712890625
0 0.751953125 0.376953125 0.0322265625 0.076171875
0 0.6201171875 0.640625 0.04296875 0.1025390625
0 0.2880859375 0.513671875 0.0546875 0.0869140625
0 0.6015625 0.296875 0.046875 0.0556640625
0 0.341796875 0.384765625 0.044921875 0.07421875
0 0.197265625 0.6123046875 0.076171875 0.08984375
0 0.349609375 0.4677734375 0.060546875 0.0791015625