0 0.611328125 0.41015625 0.04296875 0.0576171875
0 0.357421875 0.580078125 0.076171875 0.1279296875
1 0.8525390625 0.365234375 0.03515625 0.1044921875
0 0.8359375 0.7373046875 0.0556640625 0.0869140625
0 0.603515625 0.4716796875 0.0634765625 0.1123046875
0 0.3125 0.6162109375 0.0712890625 0.123046875
0 0.412109375 0.5986328125 0.068359375 0.1181640625
0 0.9111328125 0.6611328125 0.0625 0.115234375
0 0.2685546875 0.482421875 0.05859375 0.109375
0 0.669921875 0.458984375 0.0654296875 0.1279296875
0 0.455078125 0.4462890625 0.05859375 0.08203125
0 0.056640625 0.4443359375 0.0654296875 0.09765625