0 0.365234375 0.408203125 0.044921875 0.060546875
0 0.4365234375 0.5751953125 0.0263671875 0.078125
0 0.2275390625 0.43359375 0.03515625 0.0732421875
0 0.375 0.4541015625 0.046875 0.0546875
0 0.3271484375 0.4970703125 0.0576171875 0.07421875
0 0.685546875 0.267578125 0.021484375 0.0625
0 0.205078125 0.41796875 0.0322265625 0.0634765625
0 0.87109375 0.349609375 0.0234375 0.0703125
0 0.609375 0.3349609375 0.0244140625 0.06640625
0 0.470703125 0.37109375 0.0234375 0.060546875
0 0.3935546875 0.53125 0.03125 0.08984375
0 0.462890625 0.423828125 0.060546875 0.05078125
0 0.630859375 0.4091796875 0.0244140625 0.07421875
0 0.6533203125 0.490234375 0.02734375 0.0791015625
0 0.4560546875 0.2763671875 0.04296875 0.052734375
0 0.76953125 0.50390625 0.03515625 0.08203125
0 0.275390625 0.5517578125 0.046875 0.0712890625
0 0.3994140625 0.322265625 0.0390625 0.0576171875
0 0.435546875 0.484375 0.0634765625 0.0625