0 0.57421875 0.4267578125 0.0478515625 0.052734375
0 0.5927734375 0.4765625 0.0576171875 0.068359375
0 0.5234375 0.3837890625 0.052734375 0.0546875
0 0.4814453125 0.4716796875 0.0654296875 0.0556640625
0 0.609375 0.3583984375 0.04296875 0.0322265625
0 0.6142578125 0.384765625 0.0498046875 0.0390625
0 0.4755859375 0.501953125 0.0634765625 0.08984375
0 0.5146484375 0.40625 0.05078125 0.0556640625
0 0.4921875 0.435546875 0.0556640625 0.0478515625
0 0.5341796875 0.3310546875 0.04296875 0.0556640625
0 0.6875 0.3486328125 0.0341796875 0.0654296875
0 0.2333984375 0.509765625 0.0478515625 0.091796875
0 0.6455078125 0.3603515625 0.0556640625 0.060546875
0 0.333984375 0.4375 0.0478515625 0.083984375
0 0.580078125 0.5009765625 0.0712890625 0.08203125
0 0.1962890625 0.3857421875 0.0419921875 0.083984375
0 0.369140625 0.38671875 0.0390625 0.0791015625
0 0.4833984375 0.314453125 0.0390625 0.08203125
0 0.9033203125 0.4306640625 0.046875 0.0859375