1 0.0380859375 0.2451171875 0.0234375 0.052734375
0 0.453125 0.4306640625 0.0341796875 0.03515625
1 0.98828125 0.419921875 0.0234375 0.0546875
0 0.453125 0.455078125 0.037109375 0.0419921875
0 0.6201171875 0.501953125 0.02734375 0.04296875
0 0.501953125 0.501953125 0.04296875 0.04296875
1 0.556640625 0.267578125 0.03125 0.0546875
0 0.365234375 0.34765625 0.02734375 0.0478515625
0 0.494140625 0.552734375 0.052734375 0.060546875
0 0.388671875 0.580078125 0.05859375 0.052734375
0 0.431640625 0.494140625 0.0546875 0.0478515625
0 0.3564453125 0.3916015625 0.02734375 0.0576171875
0 0.6201171875 0.5419921875 0.0341796875 0.0625
0 0.408203125 0.533203125 0.052734375 0.044921875
0 0.5166015625 0.4833984375 0.0419921875 0.044921875
0 0.57421875 0.3466796875 0.0419921875 0.052734375
0 0.3662109375 0.4404296875 0.0322265625 0.0556640625
0 0.3681640625 0.494140625 0.029296875 0.0634765625
0 0.5390625 0.455078125 0.037109375 0.05859375
0 0.353515625 0.673828125 0.046875 0.0703125
0 0.5703125 0.3916015625 0.0400390625 0.060546875
0 0.294921875 0.578125 0.0341796875 0.07421875
0 0.431640625 0.6640625 0.0546875 0.0810546875