1 0.9580078125 0.7001953125 0.0654296875 0.07421875
0 0.216796875 0.4375 0.0390625 0.078125
0 0.587890625 0.408203125 0.0263671875 0.0732421875
0 0.568359375 0.4140625 0.03515625 0.078125
0 0.291015625 0.4609375 0.046875 0.078125
0 0.59375 0.5537109375 0.04296875 0.05078125
0 0.591796875 0.34375 0.05078125 0.0625
0 0.2001953125 0.54296875 0.052734375 0.091796875
0 0.2412109375 0.470703125 0.0546875 0.0791015625
0 0.6220703125 0.3564453125 0.046875 0.07421875
0 0.50390625 0.4150390625 0.060546875 0.0703125
0 0.6357421875 0.615234375 0.05859375 0.0869140625
0 0.1103515625 0.494140625 0.0576171875 0.1044921875
0 0.9580078125 0.6982421875 0.068359375 0.078125
0 0.162109375 0.4501953125 0.0625 0.083984375
0 0.578125 0.6083984375 0.0625 0.09765625