0 0.5869140625 0.4541015625 0.0322265625 0.03515625
0 0.5390625 0.4951171875 0.04296875 0.0556640625
0 0.38671875 0.44921875 0.0322265625 0.044921875
0 0.59375 0.43359375 0.0341796875 0.0390625
0 0.3740234375 0.490234375 0.0322265625 0.060546875
0 0.61328125 0.5390625 0.0390625 0.0625
0 0.623046875 0.474609375 0.02734375 0.052734375
0 0.580078125 0.509765625 0.037109375 0.0654296875
0 0.53515625 0.4130859375 0.0478515625 0.044921875
0 0.5400390625 0.462890625 0.0478515625 0.0546875
0 0.6103515625 0.375 0.0419921875 0.052734375
0 0.384765625 0.400390625 0.029296875 0.0556640625
0 0.3583984375 0.345703125 0.0322265625 0.0546875
0 0.5859375 0.29296875 0.0400390625 0.05078125
0 0.568359375 0.5634765625 0.0498046875 0.0546875
0 0.4599609375 0.291015625 0.0322265625 0.04296875
0 0.3779296875 0.60546875 0.037109375 0.0703125
0 0.5146484375 0.5537109375 0.0576171875 0.0634765625
0 0.810546875 0.486328125 0.0322265625 0.0625
0 0.294921875 0.5322265625 0.0341796875 0.0703125