0 0.412109375 0.3837890625 0.046875 0.0390625
0 0.3828125 0.443359375 0.0390625 0.0634765625
0 0.4228515625 0.4306640625 0.0498046875 0.046875
0 0.248046875 0.41796875 0.046875 0.08203125
0 0.888671875 0.310546875 0.02734375 0.0791015625
0 0.3515625 0.458984375 0.0615234375 0.0673828125
0 0.52734375 0.390625 0.0625 0.048828125
0 0.2490234375 0.548828125 0.0703125 0.09375
0 0.44140625 0.478515625 0.0625 0.0927734375
0 0.5185546875 0.4287109375 0.0625 0.05859375
0 0.64453125 0.39453125 0.03125 0.0859375
0 0.55859375 0.5517578125 0.044921875 0.1015625
0 0.6162109375 0.44921875 0.046875 0.0888671875
0 0.39453125 0.6064453125 0.0439453125 0.09765625
0 0.166015625 0.5654296875 0.0625 0.1005859375
0 0.3017578125 0.47265625 0.05859375 0.09375
0 0.484375 0.4638671875 0.0693359375 0.0615234375
0 0.5048828125 0.318359375 0.052734375 0.06640625