0 0.3916015625 0.4853515625 0.044921875 0.06640625
0 0.51171875 0.513671875 0.0546875 0.0869140625
0 0.458984375 0.5185546875 0.05078125 0.078125
0 0.41015625 0.404296875 0.0576171875 0.08203125
0 0.4765625 0.4296875 0.05859375 0.068359375
0 0.744140625 0.26953125 0.0478515625 0.0546875
0 0.291015625 0.435546875 0.03515625 0.06640625
0 0.7451171875 0.3427734375 0.0400390625 0.06640625
0 0.5712890625 0.462890625 0.0419921875 0.0791015625
0 0.4072265625 0.52734375 0.05078125 0.0888671875
0 0.6025390625 0.513671875 0.044921875 0.0732421875
0 0.701171875 0.435546875 0.04296875 0.07421875
0 0.62890625 0.337890625 0.03515625 0.0625
0 0.6357421875 0.595703125 0.04296875 0.076171875
0 0.5419921875 0.5869140625 0.05859375 0.0791015625