0 0.4892578125 0.3271484375 0.04296875 0.044921875
0 0.474609375 0.388671875 0.0390625 0.04296875
0 0.4287109375 0.390625 0.0322265625 0.04296875
0 0.4013671875 0.439453125 0.037109375 0.05078125
0 0.4677734375 0.416015625 0.0390625 0.0419921875
0 0.45703125 0.4453125 0.0419921875 0.0498046875
0 0.591796875 0.3828125 0.03125 0.05859375
0 0.58203125 0.4208984375 0.0322265625 0.0576171875
0 0.3759765625 0.458984375 0.044921875 0.05078125
0 0.8486328125 0.4033203125 0.0341796875 0.0654296875
0 0.498046875 0.365234375 0.044921875 0.0419921875
0 0.490234375 0.54296875 0.0263671875 0.0732421875
0 0.3134765625 0.533203125 0.0263671875 0.078125
0 0.6064453125 0.3251953125 0.0244140625 0.05859375
0 0.5390625 0.458984375 0.02734375 0.06640625
0 0.2158203125 0.380859375 0.03125 0.0556640625