0 0.50390625 0.6005859375 0.0390625 0.107421875
0 0.2353515625 0.3515625 0.0595703125 0.126953125
0 0.4755859375 0.4677734375 0.087890625 0.07421875
0 0.6484375 0.521484375 0.0791015625 0.158203125
0 0.2490234375 0.4375 0.08203125 0.138671875
0 0.556640625 0.5126953125 0.087890625 0.0986328125
0 0.5732421875 0.37890625 0.0595703125 0.140625
0 0.720703125 0.5029296875 0.09375 0.1572265625
0 0.462890625 0.513671875 0.1005859375 0.1103515625
0 0.548828125 0.6171875 0.0966796875 0.10546875
0 0.1005859375 0.33984375 0.05859375 0.125
0 0.3505859375 0.455078125 0.1416015625 0.0869140625
0 0.2841796875 0.33203125 0.06640625 0.1396484375
0 0.650390625 0.314453125 0.0595703125 0.1396484375