0 0.3408203125 0.3876953125 0.0400390625 0.0810546875
0 0.076171875 0.5556640625 0.060546875 0.0888671875
0 0.0283203125 0.634765625 0.0556640625 0.08984375
0 0.0322265625 0.3486328125 0.0478515625 0.0869140625
0 0.337890625 0.296875 0.037109375 0.07421875
1 0.9755859375 0.4716796875 0.044921875 0.083984375
0 0.4375 0.453125 0.0341796875 0.0712890625
0 0.2939453125 0.345703125 0.04296875 0.08984375
0 0.240234375 0.4208984375 0.0625 0.076171875
0 0.529296875 0.4912109375 0.05078125 0.0634765625
0 0.0859375 0.626953125 0.068359375 0.0947265625
0 0.927734375 0.306640625 0.0390625 0.09765625
0 0.380859375 0.4326171875 0.0703125 0.08984375