0 0.578125 0.44140625 0.02734375 0.044921875
0 0.029296875 0.3203125 0.0341796875 0.0595703125
0 0.5078125 0.390625 0.04296875 0.06640625
0 0.611328125 0.4501953125 0.046875 0.0634765625
0 0.5439453125 0.4013671875 0.0322265625 0.07421875
0 0.4482421875 0.38671875 0.05078125 0.05859375
0 0.322265625 0.333984375 0.04296875 0.048828125
0 0.5087890625 0.453125 0.05859375 0.0673828125
0 0.587890625 0.4794921875 0.046875 0.0703125
0 0.642578125 0.41015625 0.0390625 0.0625
0 0.189453125 0.701171875 0.08984375 0.0927734375
0 0.16015625 0.54296875 0.0615234375 0.07421875
0 0.736328125 0.423828125 0.04296875 0.078125
0 0.19921875 0.3671875 0.048828125 0.05859375