0 0.83203125 0.44921875 0.0458984375 0.064453125
0 0.5830078125 0.384765625 0.0439453125 0.0703125
0 0.607421875 0.3466796875 0.0439453125 0.0625
0 0.546875 0.3984375 0.0380859375 0.0693359375
0 0.2216796875 0.357421875 0.0419921875 0.07421875
0 0.865234375 0.4375 0.07421875 0.08203125
0 0.505859375 0.396484375 0.044921875 0.080078125
0 0.6484375 0.345703125 0.0537109375 0.078125
0 0.0556640625 0.33984375 0.0625 0.078125
0 0.30859375 0.669921875 0.0595703125 0.1162109375
0 0.58984375 0.4375 0.0634765625 0.08203125
0 0.83203125 0.4892578125 0.0732421875 0.0947265625