0 0.677734375 0.4296875 0.0498046875 0.080078125
0 0.515625 0.490234375 0.0712890625 0.1162109375
0 0.626953125 0.474609375 0.1025390625 0.1171875
0 0.8505859375 0.39453125 0.0703125 0.1171875
0 0.517578125 0.40234375 0.0546875 0.09375
0 0.603515625 0.4169921875 0.0625 0.0732421875
0 0.205078125 0.451171875 0.0859375 0.1689453125
0 0.712890625 0.4931640625 0.076171875 0.142578125
0 0.544921875 0.330078125 0.0771484375 0.11328125
0 0.53515625 0.5830078125 0.080078125 0.1669921875
0 0.82421875 0.474609375 0.0927734375 0.1650390625
0 0.453125 0.5654296875 0.0859375 0.177734375
0 0.2880859375 0.4384765625 0.0966796875 0.166015625
0 0.794921875 0.30078125 0.076171875 0.138671875
0 0.896484375 0.515625 0.140625 0.15625
0 0.7001953125 0.638671875 0.08984375 0.1962890625
0 0.7587890625 0.453125 0.0830078125 0.169921875
0 0.4345703125 0.3671875 0.0859375 0.13671875