0 0.900390625 0.298828125 0.03515625 0.0859375
0 0.6171875 0.4287109375 0.052734375 0.06640625
0 0.390625 0.4638671875 0.0498046875 0.109375
0 0.583984375 0.44140625 0.0634765625 0.1015625
0 0.34375 0.4990234375 0.0654296875 0.1171875
0 0.9580078125 0.30078125 0.0654296875 0.060546875
0 0.3818359375 0.59375 0.06640625 0.1181640625
0 0.4169921875 0.560546875 0.052734375 0.109375
0 0.5068359375 0.44921875 0.0576171875 0.1015625
0 0.759765625 0.5107421875 0.044921875 0.09375
0 0.9326171875 0.41796875 0.0400390625 0.0888671875
0 0.720703125 0.5830078125 0.05078125 0.1181640625
0 0.4580078125 0.3974609375 0.052734375 0.1015625
0 0.8046875 0.470703125 0.046875 0.0888671875
0 0.8408203125 0.3818359375 0.068359375 0.0859375
0 0.7431640625 0.4033203125 0.0576171875 0.09375
0 0.185546875 0.548828125 0.068359375 0.12109375