0 0.630859375 0.466796875 0.03515625 0.04296875
0 0.5400390625 0.490234375 0.044921875 0.046875
0 0.6328125 0.5439453125 0.0400390625 0.0556640625
0 0.6103515625 0.431640625 0.0419921875 0.0341796875
0 0.5458984375 0.521484375 0.044921875 0.0498046875
0 0.59765625 0.4775390625 0.0419921875 0.0478515625
0 0.4130859375 0.4326171875 0.03515625 0.0556640625
0 0.5380859375 0.458984375 0.0478515625 0.046875
0 0.626953125 0.4140625 0.0390625 0.052734375
0 0.5439453125 0.4267578125 0.0498046875 0.046875
0 0.50390625 0.2958984375 0.0322265625 0.044921875
0 0.416015625 0.548828125 0.0322265625 0.076171875
0 0.3857421875 0.3388671875 0.0244140625 0.0556640625
0 0.583984375 0.2890625 0.037109375 0.052734375
0 0.8330078125 0.4560546875 0.021484375 0.068359375
0 0.4091796875 0.4833984375 0.037109375 0.060546875
0 0.111328125 0.4208984375 0.0322265625 0.0634765625
0 0.5625 0.552734375 0.0498046875 0.05859375
0 0.615234375 0.3408203125 0.0390625 0.0625