0 0.6240234375 0.486328125 0.0234375 0.05859375
0 0.3701171875 0.4423828125 0.037109375 0.0498046875
0 0.40625 0.37109375 0.03125 0.0322265625
0 0.4423828125 0.447265625 0.037109375 0.0322265625
1 0.314453125 0.244140625 0.03125 0.0498046875
0 0.787109375 0.3984375 0.0263671875 0.05859375
0 0.625 0.3349609375 0.0185546875 0.0478515625
0 0.431640625 0.419921875 0.037109375 0.03515625
0 0.818359375 0.5927734375 0.0322265625 0.06640625
0 0.6201171875 0.2880859375 0.021484375 0.0390625
1 0.267578125 0.4150390625 0.0322265625 0.0576171875
0 0.361328125 0.404296875 0.0341796875 0.044921875
0 0.369140625 0.4638671875 0.0498046875 0.0625
0 0.3291015625 0.306640625 0.0390625 0.0478515625
0 0.4775390625 0.482421875 0.0478515625 0.0400390625
0 0.5986328125 0.380859375 0.0244140625 0.052734375
0 0.6474609375 0.4453125 0.029296875 0.0556640625
0 0.322265625 0.353515625 0.0419921875 0.046875
0 0.40625 0.49609375 0.046875 0.060546875
0 0.341796875 0.388671875 0.037109375 0.0498046875
0 0.453125 0.607421875 0.04296875 0.068359375