0 0.5546875 0.404296875 0.052734375 0.05078125
0 0.513671875 0.4365234375 0.0478515625 0.0546875
0 0.5390625 0.3681640625 0.0341796875 0.0390625
0 0.5322265625 0.330078125 0.0546875 0.05859375
0 0.4892578125 0.3876953125 0.04296875 0.0712890625
0 0.71484375 0.392578125 0.03515625 0.0498046875
0 0.572265625 0.287109375 0.03125 0.052734375
0 0.724609375 0.447265625 0.0400390625 0.0869140625
0 0.220703125 0.427734375 0.046875 0.078125
0 0.564453125 0.447265625 0.0625 0.0712890625
0 0.865234375 0.296875 0.0341796875 0.052734375
0 0.724609375 0.3388671875 0.02734375 0.0625
0 0.5029296875 0.4921875 0.0556640625 0.0869140625
0 0.4306640625 0.3935546875 0.0390625 0.0654296875
0 0.47265625 0.4599609375 0.0478515625 0.0791015625
0 0.310546875 0.4306640625 0.0498046875 0.0859375
0 0.91796875 0.646484375 0.076171875 0.0966796875
0 0.41796875 0.6357421875 0.0634765625 0.099609375