0 0.439453125 0.3525390625 0.0244140625 0.0400390625
0 0.5048828125 0.2958984375 0.01953125 0.041015625
0 0.4580078125 0.3359375 0.0234375 0.0361328125
0 0.482421875 0.31640625 0.021484375 0.037109375
0 0.8203125 0.3154296875 0.025390625 0.03515625
0 0.8193359375 0.36328125 0.02734375 0.041015625
0 0.828125 0.41015625 0.02734375 0.05078125
0 0.4189453125 0.37109375 0.03125 0.0458984375
0 0.3427734375 0.3662109375 0.0234375 0.0498046875
0 0.3154296875 0.462890625 0.03125 0.05859375
0 0.80078125 0.5146484375 0.0390625 0.0546875
0 0.2734375 0.5009765625 0.046875 0.05078125
0 0.2138671875 0.548828125 0.0458984375 0.0625
0 0.345703125 0.4296875 0.037109375 0.048828125
0 0.7880859375 0.6396484375 0.05078125 0.068359375
0 0.16796875 0.591796875 0.0537109375 0.0703125