0 0.6708984375 0.388671875 0.0361328125 0.03515625
0 0.603515625 0.4033203125 0.037109375 0.0400390625
0 0.642578125 0.412109375 0.03515625 0.0400390625
0 0.580078125 0.4296875 0.0546875 0.0380859375
0 0.3388671875 0.306640625 0.01953125 0.0478515625
0 0.6064453125 0.375 0.04296875 0.037109375
0 0.578125 0.45703125 0.056640625 0.041015625
0 0.2724609375 0.478515625 0.029296875 0.0703125
0 0.36328125 0.353515625 0.021484375 0.0556640625
0 0.779296875 0.4296875 0.0322265625 0.0537109375
0 0.0439453125 0.3466796875 0.0263671875 0.0537109375
0 0.662109375 0.31640625 0.03125 0.046875
0 0.6787109375 0.4326171875 0.04296875 0.0478515625
0 0.3408203125 0.4140625 0.03125 0.0546875
0 0.6416015625 0.494140625 0.046875 0.0703125
0 0.1728515625 0.607421875 0.0380859375 0.0849609375
0 0.6748046875 0.611328125 0.0546875 0.080078125