0 0.736328125 0.5498046875 0.037109375 0.068359375
0 0.75390625 0.6171875 0.0419921875 0.0869140625
0 0.76953125 0.556640625 0.0263671875 0.0654296875
0 0.4365234375 0.509765625 0.0322265625 0.0732421875
1 0.509765625 0.2958984375 0.02734375 0.0546875
0 0.154296875 0.357421875 0.0478515625 0.068359375
0 0.4208984375 0.55078125 0.0322265625 0.0859375
0 0.8056640625 0.6279296875 0.0478515625 0.09375
0 0.7099609375 0.40234375 0.0322265625 0.0478515625
0 0.3369140625 0.55078125 0.0322265625 0.08203125
0 0.7080078125 0.576171875 0.037109375 0.083984375
0 0.9052734375 0.5693359375 0.03515625 0.08203125
0 0.3740234375 0.4716796875 0.0419921875 0.07421875
0 0.33203125 0.4541015625 0.029296875 0.0703125
0 0.265625 0.4423828125 0.046875 0.0654296875