0 0.75390625 0.412109375 0.0390625 0.0732421875
0 0.642578125 0.392578125 0.03515625 0.0322265625
0 0.765625 0.435546875 0.037109375 0.0703125
0 0.400390625 0.2734375 0.0263671875 0.046875
0 0.626953125 0.2724609375 0.0341796875 0.0478515625
0 0.6494140625 0.4482421875 0.0390625 0.0625
0 0.6171875 0.423828125 0.0400390625 0.0498046875
0 0.560546875 0.3701171875 0.0576171875 0.04296875
0 0.412109375 0.369140625 0.029296875 0.0498046875
0 0.666015625 0.353515625 0.0400390625 0.05859375
0 0.2138671875 0.603515625 0.037109375 0.068359375
0 0.552734375 0.423828125 0.0478515625 0.05859375
0 0.4189453125 0.5205078125 0.02734375 0.0712890625
0 0.560546875 0.486328125 0.052734375 0.0419921875
0 0.482421875 0.4384765625 0.0244140625 0.06640625
0 0.630859375 0.572265625 0.052734375 0.0703125
0 0.658203125 0.51171875 0.044921875 0.060546875