0 0.5146484375 0.3037109375 0.044921875 0.0478515625
0 0.4169921875 0.404296875 0.037109375 0.03125
0 0.4951171875 0.404296875 0.04296875 0.0498046875
0 0.4521484375 0.3740234375 0.03515625 0.044921875
0 0.3896484375 0.451171875 0.044921875 0.05078125
0 0.421875 0.431640625 0.0400390625 0.0498046875
0 0.650390625 0.3017578125 0.0263671875 0.0654296875
0 0.9296875 0.392578125 0.0341796875 0.068359375
0 0.501953125 0.37109375 0.0390625 0.0419921875
0 0.482421875 0.4345703125 0.046875 0.052734375
0 0.634765625 0.3681640625 0.037109375 0.0634765625
0 0.505859375 0.5732421875 0.03125 0.0810546875
0 0.5517578125 0.4619140625 0.03125 0.0732421875
0 0.529296875 0.3466796875 0.046875 0.04296875
0 0.6220703125 0.4091796875 0.037109375 0.0654296875
0 0.3427734375 0.56640625 0.029296875 0.08203125
0 0.216796875 0.36328125 0.0322265625 0.060546875