0 0.017578125 0.302734375 0.03515625 0.115234375
0 0.3798828125 0.423828125 0.07421875 0.1328125
0 0.505859375 0.48046875 0.068359375 0.12109375
0 0.330078125 0.423828125 0.0751953125 0.1337890625
0 0.7197265625 0.498046875 0.072265625 0.16796875
0 0.455078125 0.501953125 0.0673828125 0.138671875
0 0.4892578125 0.62109375 0.06640625 0.09765625
0 0.650390625 0.5166015625 0.07421875 0.171875
0 0.4296875 0.630859375 0.05859375 0.0791015625
0 0.5654296875 0.4892578125 0.0693359375 0.134765625
0 0.4208984375 0.4580078125 0.0712890625 0.1328125
0 0.12890625 0.333984375 0.0703125 0.1484375
0 0.650390625 0.28515625 0.0556640625 0.1328125
0 0.568359375 0.3427734375 0.07421875 0.1357421875
0 0.2412109375 0.306640625 0.0615234375 0.146484375