0 0.7509765625 0.412109375 0.03515625 0.0703125
0 0.7666015625 0.4375 0.03515625 0.068359375
0 0.642578125 0.392578125 0.037109375 0.0341796875
0 0.6494140625 0.44921875 0.0390625 0.060546875
0 0.4013671875 0.2734375 0.02734375 0.046875
0 0.626953125 0.2724609375 0.0341796875 0.0478515625
0 0.615234375 0.423828125 0.037109375 0.046875
0 0.5654296875 0.373046875 0.0498046875 0.0400390625
0 0.412109375 0.3681640625 0.03125 0.0478515625
0 0.666015625 0.353515625 0.0400390625 0.05859375
0 0.5537109375 0.43359375 0.0576171875 0.0419921875
0 0.478515625 0.435546875 0.0263671875 0.06640625
0 0.419921875 0.51953125 0.0263671875 0.0732421875
0 0.212890625 0.6025390625 0.03515625 0.0703125
0 0.560546875 0.486328125 0.052734375 0.04296875
0 0.658203125 0.5126953125 0.044921875 0.0625
0 0.630859375 0.572265625 0.052734375 0.0703125