0 0.58203125 0.541015625 0.044921875 0.0888671875
0 0.419921875 0.490234375 0.0390625 0.083984375
0 0.44921875 0.509765625 0.0390625 0.0966796875
0 0.607421875 0.4921875 0.046875 0.083984375
0 0.900390625 0.408203125 0.044921875 0.078125
0 0.380859375 0.564453125 0.0478515625 0.09375
0 0.35546875 0.55859375 0.044921875 0.08203125
0 0.6962890625 0.380859375 0.0322265625 0.0703125
0 0.2646484375 0.494140625 0.044921875 0.0888671875
1 0.087890625 0.4189453125 0.0498046875 0.0810546875
0 0.52734375 0.5556640625 0.060546875 0.0947265625