0 0.3564453125 0.341796875 0.037109375 0.03515625
0 0.46875 0.4501953125 0.04296875 0.07421875
0 0.3505859375 0.4404296875 0.0390625 0.0654296875
0 0.380859375 0.427734375 0.0400390625 0.05078125
0 0.533203125 0.302734375 0.0322265625 0.05859375
0 0.5390625 0.3515625 0.037109375 0.0556640625
0 0.8837890625 0.3818359375 0.0322265625 0.0732421875
0 0.421875 0.3388671875 0.0400390625 0.0341796875
0 0.5673828125 0.3837890625 0.0341796875 0.0703125
0 0.3291015625 0.3388671875 0.03515625 0.052734375
0 0.123046875 0.390625 0.0234375 0.078125
0 0.552734375 0.5751953125 0.046875 0.0712890625
0 0.521484375 0.423828125 0.0341796875 0.0712890625
0 0.439453125 0.5703125 0.0576171875 0.078125