1 0.986328125 0.328125 0.0263671875 0.068359375
0 0.578125 0.3388671875 0.0341796875 0.0341796875
0 0.5869140625 0.4287109375 0.0263671875 0.0703125
0 0.5068359375 0.373046875 0.0419921875 0.0400390625
0 0.54296875 0.3955078125 0.0322265625 0.0400390625
0 0.5654296875 0.4287109375 0.0341796875 0.060546875
0 0.4296875 0.298828125 0.0244140625 0.052734375
0 0.4931640625 0.408203125 0.0478515625 0.0400390625
0 0.486328125 0.451171875 0.0390625 0.0546875
0 0.509765625 0.3427734375 0.04296875 0.03515625
0 0.3759765625 0.380859375 0.0234375 0.060546875
0 0.3466796875 0.384765625 0.0244140625 0.0546875
0 0.4072265625 0.4287109375 0.0234375 0.0634765625
0 0.296875 0.33984375 0.02734375 0.0546875
0 0.0234375 0.4560546875 0.02734375 0.068359375
0 0.5498046875 0.5986328125 0.052734375 0.0625
0 0.7646484375 0.384765625 0.01953125 0.0634765625
0 0.4296875 0.6044921875 0.0341796875 0.07421875