0 0.5810546875 0.5166015625 0.0439453125 0.109375
0 0.509765625 0.419921875 0.052734375 0.06640625
0 0.6083984375 0.537109375 0.0576171875 0.099609375
0 0.859375 0.4267578125 0.056640625 0.095703125
0 0.8408203125 0.4033203125 0.0419921875 0.08984375
0 0.4541015625 0.4365234375 0.052734375 0.109375
0 0.619140625 0.4482421875 0.046875 0.0810546875
0 0.1669921875 0.7353515625 0.0625 0.091796875
0 0.916015625 0.42578125 0.0625 0.09765625
0 0.498046875 0.48828125 0.07421875 0.1025390625
0 0.787109375 0.47265625 0.0498046875 0.1064453125
0 0.0693359375 0.3779296875 0.052734375 0.0966796875
0 0.6572265625 0.5224609375 0.0625 0.1171875