0 0.45703125 0.49609375 0.044921875 0.044921875
0 0.4599609375 0.4482421875 0.0419921875 0.0341796875
0 0.4462890625 0.47265625 0.0390625 0.0419921875
0 0.4111328125 0.4619140625 0.037109375 0.060546875
0 0.431640625 0.52734375 0.04296875 0.076171875
0 0.1630859375 0.462890625 0.0263671875 0.08203125
0 0.517578125 0.4443359375 0.0419921875 0.0419921875
0 0.5517578125 0.54296875 0.068359375 0.0703125
0 0.5322265625 0.486328125 0.0546875 0.060546875
0 0.3740234375 0.373046875 0.029296875 0.0712890625
0 0.662109375 0.4638671875 0.0400390625 0.07421875
0 0.51953125 0.294921875 0.03515625 0.0625
0 0.6259765625 0.345703125 0.029296875 0.068359375
0 0.412109375 0.408203125 0.046875 0.052734375
0 0.498046875 0.3916015625 0.0498046875 0.05078125
0 0.6181640625 0.4189453125 0.03515625 0.068359375
0 0.869140625 0.6142578125 0.0498046875 0.078125
0 0.642578125 0.501953125 0.037109375 0.078125
0 0.4658203125 0.548828125 0.0556640625 0.0791015625
0 0.392578125 0.2998046875 0.04296875 0.0625