0 0.2978515625 0.40625 0.0166015625 0.0341796875
0 0.1240234375 0.548828125 0.01953125 0.05078125
0 0.5947265625 0.697265625 0.013671875 0.0419921875
0 0.525390625 0.7001953125 0.0185546875 0.052734375
1 0.892578125 0.515625 0.015625 0.037109375
1 0.3818359375 0.548828125 0.013671875 0.04296875
0 0.3095703125 0.419921875 0.015625 0.044921875
0 0.333984375 0.3876953125 0.0166015625 0.0341796875
0 0.0654296875 0.51171875 0.015625 0.0419921875
0 0.3525390625 0.40234375 0.0166015625 0.0419921875
0 0.2470703125 0.552734375 0.015625 0.046875
0 0.181640625 0.521484375 0.015625 0.0419921875
0 0.333984375 0.55078125 0.015625 0.0419921875
0 0.162109375 0.611328125 0.01953125 0.052734375
0 0.3544921875 0.4658203125 0.015625 0.0400390625
0 0.3671875 0.623046875 0.015625 0.044921875
0 0.294921875 0.552734375 0.0166015625 0.0419921875
0 0.2734375 0.59375 0.0244140625 0.04296875
0 0.4287109375 0.685546875 0.0166015625 0.052734375