0 0.1142578125 0.5302734375 0.0185546875 0.044921875
0 0.3291015625 0.390625 0.015625 0.0390625
0 0.3427734375 0.4111328125 0.017578125 0.033203125
0 0.3115234375 0.4033203125 0.0185546875 0.0341796875
0 0.8017578125 0.5009765625 0.015625 0.04296875
0 0.2578125 0.6162109375 0.017578125 0.0400390625
1 0.8291015625 0.5576171875 0.015625 0.0390625
0 0.7646484375 0.4501953125 0.017578125 0.0380859375
1 0.3212890625 0.564453125 0.017578125 0.0419921875
0 0.013671875 0.5166015625 0.017578125 0.046875
0 0.2861328125 0.4716796875 0.0166015625 0.041015625
0 0.2412109375 0.5712890625 0.0185546875 0.05078125
0 0.291015625 0.423828125 0.02734375 0.0439453125
0 0.1630859375 0.568359375 0.01953125 0.0439453125
0 0.2705078125 0.5791015625 0.01953125 0.044921875
0 0.4453125 0.70703125 0.017578125 0.0546875
0 0.3681640625 0.5947265625 0.017578125 0.0439453125
0 0.0224609375 0.572265625 0.0166015625 0.046875
0 0.4423828125 0.4267578125 0.0146484375 0.041015625
0 0.6044921875 0.6357421875 0.017578125 0.048828125
0 0.1015625 0.6376953125 0.0185546875 0.0498046875
0 0.359375 0.671875 0.0185546875 0.0498046875