0 0.5458984375 0.3525390625 0.0166015625 0.0322265625
1 0.08984375 0.703125 0.013671875 0.037109375
0 0.349609375 0.47265625 0.013671875 0.0322265625
0 0.3896484375 0.466796875 0.0166015625 0.037109375
0 0.419921875 0.5537109375 0.013671875 0.0419921875
0 0.3662109375 0.4638671875 0.0166015625 0.0341796875
0 0.248046875 0.5947265625 0.015625 0.0419921875
0 0.419921875 0.515625 0.0166015625 0.037109375
0 0.3603515625 0.568359375 0.013671875 0.0390625
0 0.5283203125 0.681640625 0.01171875 0.0390625
0 0.3974609375 0.564453125 0.013671875 0.04296875
0 0.302734375 0.54296875 0.015625 0.044921875
0 0.306640625 0.4580078125 0.015625 0.0341796875
0 0.33203125 0.5849609375 0.0166015625 0.0419921875
0 0.3994140625 0.6455078125 0.0166015625 0.0400390625
0 0.5556640625 0.7421875 0.0166015625 0.04296875
0 0.470703125 0.6953125 0.0166015625 0.046875
0 0.267578125 0.5498046875 0.015625 0.04296875