1 0.919921875 0.490234375 0.0126953125 0.03125
0 0.810546875 0.41796875 0.0146484375 0.033203125
0 0.388671875 0.482421875 0.0126953125 0.0390625
0 0.7958984375 0.4189453125 0.017578125 0.03515625
0 0.2978515625 0.5732421875 0.0166015625 0.037109375
0 0.4365234375 0.486328125 0.013671875 0.0361328125
0 0.4638671875 0.3564453125 0.017578125 0.0322265625
0 0.4619140625 0.6708984375 0.0185546875 0.0439453125
0 0.201171875 0.5830078125 0.0166015625 0.0419921875
0 0.5439453125 0.6728515625 0.0166015625 0.0439453125
0 0.3056640625 0.541015625 0.015625 0.0341796875
0 0.2373046875 0.5205078125 0.013671875 0.0400390625
0 0.345703125 0.544921875 0.013671875 0.04296875
0 0.578125 0.6962890625 0.015625 0.0400390625
0 0.1904296875 0.53515625 0.015625 0.0380859375
0 0.1083984375 0.5166015625 0.017578125 0.0400390625
0 0.3759765625 0.619140625 0.0166015625 0.0419921875