0 0.4111328125 0.6650390625 0.0263671875 0.0498046875
0 0.4052734375 0.64453125 0.0234375 0.044921875
0 0.4462890625 0.6376953125 0.0322265625 0.048828125
1 0.625 0.5224609375 0.015625 0.046875
1 0.052734375 0.4658203125 0.0185546875 0.0478515625
0 0.3369140625 0.6484375 0.0263671875 0.056640625
0 0.4931640625 0.283203125 0.0263671875 0.0361328125
1 0.095703125 0.7255859375 0.0185546875 0.0517578125
0 0.4736328125 0.6298828125 0.0244140625 0.0400390625
0 0.5185546875 0.2919921875 0.017578125 0.0439453125
0 0.45703125 0.5400390625 0.025390625 0.037109375
0 0.3603515625 0.6416015625 0.01953125 0.0439453125
0 0.4951171875 0.5830078125 0.025390625 0.060546875
0 0.4375 0.6767578125 0.0322265625 0.05859375
0 0.7216796875 0.5361328125 0.0234375 0.0380859375
0 0.560546875 0.369140625 0.025390625 0.0390625
0 0.5849609375 0.376953125 0.029296875 0.0390625
0 0.4921875 0.6767578125 0.0263671875 0.05078125
0 0.330078125 0.53515625 0.0234375 0.05078125
0 0.51953125 0.513671875 0.025390625 0.0419921875