0 0.4716796875 0.5458984375 0.0322265625 0.03125
0 0.3154296875 0.52734375 0.0283203125 0.0341796875
0 0.4365234375 0.51171875 0.033203125 0.041015625
1 0.0810546875 0.734375 0.0244140625 0.0341796875
0 0.4736328125 0.51171875 0.041015625 0.04296875
0 0.46875 0.5771484375 0.033203125 0.05078125
0 0.4462890625 0.533203125 0.0322265625 0.0361328125
0 0.5361328125 0.6279296875 0.04296875 0.0498046875
1 0.0205078125 0.4541015625 0.0185546875 0.0546875
0 0.51171875 0.578125 0.033203125 0.0556640625
0 0.3232421875 0.5546875 0.025390625 0.060546875
0 0.384765625 0.310546875 0.0283203125 0.044921875
1 0.669921875 0.515625 0.017578125 0.052734375
0 0.4365234375 0.572265625 0.033203125 0.0439453125
0 0.376953125 0.3896484375 0.0458984375 0.0400390625
0 0.5673828125 0.375 0.0234375 0.0478515625
0 0.8173828125 0.4921875 0.02734375 0.0517578125
0 0.4384765625 0.6171875 0.029296875 0.0478515625
0 0.5888671875 0.546875 0.0263671875 0.0478515625
0 0.5888671875 0.720703125 0.02734375 0.0517578125
0 0.4404296875 0.310546875 0.01953125 0.0439453125
0 0.5888671875 0.6005859375 0.029296875 0.0517578125
0 0.5673828125 0.4892578125 0.0244140625 0.05078125
0 0.5322265625 0.7216796875 0.0390625 0.052734375