0 0.4765625 0.572265625 0.02734375 0.0556640625
0 0.33984375 0.5478515625 0.0185546875 0.037109375
0 0.5126953125 0.576171875 0.029296875 0.0556640625
1 0.0810546875 0.7333984375 0.0244140625 0.0361328125
0 0.4619140625 0.5185546875 0.0263671875 0.04296875
0 0.4296875 0.587890625 0.0283203125 0.04296875
0 0.4111328125 0.3017578125 0.0283203125 0.0498046875
0 0.42578125 0.384765625 0.0361328125 0.041015625
1 0.6689453125 0.515625 0.017578125 0.0556640625
1 0.0205078125 0.453125 0.0185546875 0.052734375
0 0.5703125 0.376953125 0.0234375 0.044921875
0 0.4345703125 0.5263671875 0.04296875 0.0458984375
0 0.580078125 0.560546875 0.0244140625 0.04296875
0 0.4580078125 0.634765625 0.0263671875 0.05859375
0 0.4931640625 0.6376953125 0.03125 0.0546875
0 0.455078125 0.30078125 0.0224609375 0.04296875
0 0.505859375 0.71484375 0.037109375 0.0595703125
0 0.599609375 0.7138671875 0.0341796875 0.05078125
0 0.810546875 0.49609375 0.025390625 0.0498046875
0 0.314453125 0.5537109375 0.0341796875 0.05859375
0 0.583984375 0.6044921875 0.037109375 0.0439453125
0 0.55859375 0.494140625 0.0234375 0.0546875