0 0.47265625 0.580078125 0.02734375 0.052734375
0 0.4052734375 0.6298828125 0.02734375 0.04296875
0 0.486328125 0.2880859375 0.025390625 0.0458984375
1 0.0849609375 0.724609375 0.0244140625 0.0517578125
0 0.4296875 0.6494140625 0.029296875 0.0556640625
0 0.3544921875 0.59765625 0.01953125 0.0400390625
1 0.03125 0.4560546875 0.0205078125 0.048828125
0 0.4462890625 0.5419921875 0.0322265625 0.0498046875
0 0.40234375 0.6767578125 0.02734375 0.056640625
0 0.5703125 0.375 0.01953125 0.04296875
0 0.4619140625 0.2841796875 0.025390625 0.0419921875
0 0.32421875 0.5498046875 0.0234375 0.0634765625
0 0.5283203125 0.68359375 0.021484375 0.0517578125
0 0.4658203125 0.658203125 0.037109375 0.05859375
0 0.5078125 0.6201171875 0.044921875 0.044921875
0 0.5146484375 0.3740234375 0.0224609375 0.048828125
0 0.7724609375 0.517578125 0.025390625 0.052734375
1 0.646484375 0.515625 0.017578125 0.05078125
0 0.53515625 0.5009765625 0.021484375 0.0517578125