0 0.5205078125 0.3916015625 0.0263671875 0.0419921875
0 0.423828125 0.40625 0.013671875 0.0322265625
0 0.7001953125 0.4365234375 0.0166015625 0.041015625
0 0.3388671875 0.6376953125 0.0185546875 0.0517578125
1 0.8310546875 0.578125 0.015625 0.04296875
0 0.373046875 0.4130859375 0.0166015625 0.046875
0 0.0087890625 0.58203125 0.0166015625 0.052734375
1 0.35546875 0.5615234375 0.01953125 0.048828125
0 0.314453125 0.5771484375 0.0185546875 0.0498046875
0 0.7568359375 0.513671875 0.017578125 0.0498046875
0 0.3974609375 0.4228515625 0.02734375 0.0498046875
0 0.2880859375 0.6064453125 0.025390625 0.0517578125
0 0.1513671875 0.6552734375 0.0224609375 0.0546875
0 0.158203125 0.5185546875 0.0166015625 0.0498046875
0 0.353515625 0.677734375 0.0205078125 0.056640625
0 0.296875 0.46875 0.0185546875 0.048828125
0 0.1689453125 0.5732421875 0.01953125 0.052734375
0 0.6650390625 0.5625 0.01953125 0.05078125
0 0.458984375 0.55859375 0.01953125 0.056640625
0 0.06640625 0.5068359375 0.01953125 0.052734375
0 0.4521484375 0.720703125 0.021484375 0.0546875