0 0.3505859375 0.408203125 0.013671875 0.0341796875
0 0.59375 0.67578125 0.015625 0.0390625
0 0.3349609375 0.3974609375 0.013671875 0.03125
0 0.3076171875 0.42578125 0.0205078125 0.0380859375
1 0.888671875 0.5146484375 0.0146484375 0.033203125
1 0.3798828125 0.5439453125 0.0146484375 0.0390625
0 0.3310546875 0.546875 0.0166015625 0.041015625
0 0.3525390625 0.4677734375 0.015625 0.0390625
0 0.42578125 0.666015625 0.0146484375 0.0498046875
0 0.177734375 0.517578125 0.015625 0.0390625
0 0.3662109375 0.6103515625 0.015625 0.044921875
0 0.271484375 0.5849609375 0.021484375 0.0400390625
0 0.2900390625 0.546875 0.015625 0.0400390625
0 0.521484375 0.6787109375 0.0166015625 0.044921875
0 0.244140625 0.5478515625 0.015625 0.0439453125
0 0.119140625 0.544921875 0.01953125 0.0439453125
0 0.1591796875 0.599609375 0.0185546875 0.044921875