0 0.9775390625 0.5849609375 0.04296875 0.12109375
0 0.521484375 0.439453125 0.0673828125 0.0947265625
0 0.826171875 0.4814453125 0.0517578125 0.10546875
0 0.9169921875 0.51171875 0.0478515625 0.109375
0 0.912109375 0.43359375 0.046875 0.0751953125
0 0.7529296875 0.384765625 0.044921875 0.0576171875
0 0.732421875 0.458984375 0.0556640625 0.1015625
0 0.677734375 0.466796875 0.0703125 0.091796875
0 0.58984375 0.4306640625 0.0703125 0.091796875
0 0.8681640625 0.4931640625 0.06640625 0.099609375
0 0.39453125 0.55859375 0.060546875 0.1220703125
0 0.9033203125 0.630859375 0.0693359375 0.10546875
0 0.2470703125 0.4873046875 0.07421875 0.095703125