0 0.2509765625 0.51953125 0.05859375 0.064453125
0 0.365234375 0.48828125 0.044921875 0.08203125
0 0.27734375 0.4765625 0.0517578125 0.076171875
0 0.052734375 0.560546875 0.0703125 0.146484375
0 0.4033203125 0.44921875 0.0537109375 0.1025390625
0 0.0283203125 0.447265625 0.0546875 0.109375
0 0.3349609375 0.564453125 0.06640625 0.1240234375
0 0.3232421875 0.4609375 0.0478515625 0.08203125
0 0.123046875 0.5546875 0.0947265625 0.1171875
0 0.228515625 0.5810546875 0.06640625 0.10546875
0 0.2998046875 0.5419921875 0.0703125 0.1015625
0 0.498046875 0.537109375 0.0703125 0.134765625