1 0.962890625 0.388671875 0.0322265625 0.0859375
0 0.4560546875 0.478515625 0.052734375 0.03515625
0 0.544921875 0.5595703125 0.046875 0.0498046875
0 0.541015625 0.53125 0.0498046875 0.046875
0 0.4169921875 0.515625 0.046875 0.052734375
0 0.6357421875 0.548828125 0.04296875 0.0869140625
0 0.4208984375 0.5927734375 0.0576171875 0.0732421875
0 0.541015625 0.599609375 0.052734375 0.0703125
0 0.689453125 0.3828125 0.03515625 0.083984375
1 0.8037109375 0.529296875 0.044921875 0.0869140625
0 0.654296875 0.498046875 0.046875 0.07421875
0 0.1396484375 0.5185546875 0.05078125 0.0869140625
0 0.7236328125 0.306640625 0.046875 0.060546875
0 0.56640625 0.486328125 0.0732421875 0.0546875
0 0.4541015625 0.37109375 0.05078125 0.0791015625
0 0.5224609375 0.298828125 0.0478515625 0.0625