0 0.482421875 0.4072265625 0.0341796875 0.046875
0 0.4541015625 0.392578125 0.037109375 0.0517578125
0 0.9541015625 0.4462890625 0.04296875 0.078125
0 0.6142578125 0.5234375 0.056640625 0.087890625
0 0.4873046875 0.47265625 0.0400390625 0.0966796875
0 0.46484375 0.4912109375 0.0537109375 0.0888671875
0 0.8564453125 0.4599609375 0.0478515625 0.0732421875
0 0.5810546875 0.521484375 0.0693359375 0.0849609375
0 0.857421875 0.5361328125 0.0625 0.083984375
0 0.806640625 0.533203125 0.044921875 0.091796875
0 0.4130859375 0.517578125 0.0595703125 0.0771484375
0 0.392578125 0.4833984375 0.05078125 0.09375
0 0.5947265625 0.330078125 0.056640625 0.0625
0 0.5224609375 0.4306640625 0.0546875 0.0859375
0 0.759765625 0.416015625 0.0498046875 0.076171875
0 0.669921875 0.53515625 0.06640625 0.0908203125
0 0.671875 0.3212890625 0.046875 0.0654296875
0 0.4013671875 0.408203125 0.0625 0.068359375
0 0.21875 0.443359375 0.060546875 0.0869140625