0 0.6220703125 0.267578125 0.0244140625 0.060546875
0 0.7138671875 0.302734375 0.03125 0.0546875
0 0.671875 0.416015625 0.04296875 0.046875
0 0.72265625 0.4462890625 0.0419921875 0.0546875
0 0.5078125 0.3681640625 0.02734375 0.0634765625
0 0.28125 0.333984375 0.0244140625 0.0654296875
0 0.580078125 0.51953125 0.05859375 0.05078125
0 0.1630859375 0.513671875 0.0322265625 0.08203125
1 0.4755859375 0.4345703125 0.0322265625 0.068359375
0 0.8779296875 0.27734375 0.04296875 0.0576171875
0 0.619140625 0.482421875 0.04296875 0.05078125
0 0.740234375 0.4296875 0.04296875 0.0625
0 0.689453125 0.568359375 0.060546875 0.07421875
0 0.6455078125 0.443359375 0.04296875 0.0478515625
0 0.337890625 0.630859375 0.0400390625 0.08203125
0 0.841796875 0.3076171875 0.0419921875 0.0625
0 0.8818359375 0.462890625 0.0390625 0.0888671875
0 0.59765625 0.6328125 0.0634765625 0.0810546875
0 0.412109375 0.505859375 0.0390625 0.06640625
0 0.755859375 0.365234375 0.046875 0.068359375