0 0.078125 0.3828125 0.0361328125 0.0859375
0 0.986328125 0.6015625 0.02734375 0.09765625
0 0.76171875 0.234375 0.0390625 0.029296875
0 0.08203125 0.4111328125 0.0400390625 0.0966796875
0 0.1357421875 0.4248046875 0.048828125 0.087890625
1 0.541015625 0.36328125 0.0400390625 0.08984375
0 0.4423828125 0.5078125 0.0390625 0.09765625
0 0.97265625 0.392578125 0.0537109375 0.0732421875
0 0.40234375 0.5068359375 0.0380859375 0.091796875
0 0.501953125 0.5390625 0.052734375 0.08203125
0 0.8056640625 0.5009765625 0.05078125 0.09765625
0 0.890625 0.501953125 0.0380859375 0.0947265625