0 0.4560546875 0.50390625 0.04296875 0.0390625
0 0.98046875 0.384765625 0.03515625 0.08203125
0 0.5400390625 0.529296875 0.0546875 0.046875
0 0.544921875 0.5634765625 0.0498046875 0.05078125
0 0.455078125 0.478515625 0.05078125 0.0322265625
0 0.412109375 0.515625 0.0478515625 0.05859375
0 0.6416015625 0.55078125 0.0419921875 0.091796875
0 0.66015625 0.5048828125 0.044921875 0.083984375
1 0.8154296875 0.533203125 0.046875 0.0888671875
0 0.4189453125 0.5986328125 0.05859375 0.07421875
0 0.732421875 0.3037109375 0.0498046875 0.060546875
0 0.669921875 0.3759765625 0.03515625 0.08203125
0 0.1318359375 0.5224609375 0.05078125 0.0888671875
0 0.5673828125 0.490234375 0.07421875 0.052734375
0 0.451171875 0.369140625 0.0556640625 0.08203125
0 0.5439453125 0.6064453125 0.0556640625 0.07421875
0 0.5224609375 0.2958984375 0.05078125 0.06640625