0 0.322265625 0.412109375 0.05859375 0.099609375
0 0.5361328125 0.447265625 0.04296875 0.1015625
0 0.419921875 0.419921875 0.0498046875 0.103515625
0 0.5595703125 0.4150390625 0.046875 0.095703125
0 0.2490234375 0.4755859375 0.05859375 0.12109375
0 0.130859375 0.443359375 0.0546875 0.11328125
0 0.4921875 0.501953125 0.056640625 0.130859375
0 0.70703125 0.76171875 0.05859375 0.0380859375
0 0.6396484375 0.466796875 0.05859375 0.1318359375
0 0.4443359375 0.4619140625 0.0556640625 0.119140625
0 0.685546875 0.4775390625 0.0546875 0.1240234375
0 0.0458984375 0.4462890625 0.060546875 0.1103515625
1 0.193359375 0.537109375 0.068359375 0.1396484375
0 0.37109375 0.421875 0.07421875 0.107421875