0 0.052734375 0.4609375 0.091796875 0.1171875
0 0.6953125 0.5068359375 0.05859375 0.080078125
0 0.9443359375 0.486328125 0.0869140625 0.10546875
0 0.529296875 0.31640625 0.06640625 0.09375
0 0.6748046875 0.5859375 0.0810546875 0.1220703125
0 0.134765625 0.478515625 0.07421875 0.1240234375
0 0.56640625 0.572265625 0.111328125 0.11328125
1 0.47265625 0.33984375 0.0546875 0.1181640625
0 0.3017578125 0.2744140625 0.0751953125 0.10546875
0 0.51171875 0.4140625 0.0751953125 0.1142578125
0 0.4072265625 0.4248046875 0.08203125 0.12109375