0 0.609375 0.4140625 0.0439453125 0.05859375
0 0.6494140625 0.4443359375 0.0625 0.0859375
0 0.494140625 0.484375 0.05078125 0.10546875
0 0.5947265625 0.484375 0.048828125 0.103515625
0 0.63671875 0.4833984375 0.0634765625 0.0869140625
0 0.81640625 0.31640625 0.04296875 0.0712890625
0 0.36328125 0.53125 0.0595703125 0.109375
0 0.40234375 0.5107421875 0.06640625 0.09765625
0 0.7451171875 0.2490234375 0.0341796875 0.0595703125
0 0.4638671875 0.5068359375 0.05859375 0.1123046875
0 0.4453125 0.26953125 0.03515625 0.0859375
0 0.7294921875 0.30859375 0.05078125 0.078125
0 0.2587890625 0.4443359375 0.0498046875 0.08984375
0 0.53515625 0.419921875 0.046875 0.0849609375
1 0.9716796875 0.4609375 0.052734375 0.09375
0 0.59375 0.625 0.078125 0.1142578125
0 0.3251953125 0.4697265625 0.0673828125 0.078125