0 0.3310546875 0.4921875 0.056640625 0.1357421875
0 0.5078125 0.5146484375 0.0673828125 0.0947265625
0 0.5849609375 0.443359375 0.0537109375 0.1044921875
0 0.2900390625 0.5302734375 0.060546875 0.125
0 0.2431640625 0.5458984375 0.0556640625 0.12890625
0 0.384765625 0.5234375 0.06640625 0.1220703125
0 0.2431640625 0.36328125 0.037109375 0.103515625
0 0.7978515625 0.322265625 0.04296875 0.107421875
0 0.703125 0.2841796875 0.0390625 0.091796875
0 0.6240234375 0.4580078125 0.06640625 0.1123046875
1 0.96484375 0.451171875 0.060546875 0.10546875