0 0.4013671875 0.4345703125 0.0341796875 0.046875
0 0.4560546875 0.419921875 0.04296875 0.0419921875
0 0.4619140625 0.396484375 0.0478515625 0.0390625
0 0.357421875 0.61328125 0.037109375 0.0732421875
0 0.369140625 0.3408203125 0.0400390625 0.052734375
0 0.4345703125 0.4794921875 0.0498046875 0.04296875
0 0.3671875 0.451171875 0.04296875 0.0556640625
0 0.44140625 0.439453125 0.044921875 0.0419921875
0 0.2587890625 0.4169921875 0.03515625 0.0712890625
0 0.5380859375 0.4501953125 0.03515625 0.05859375
0 0.552734375 0.412109375 0.0322265625 0.0556640625
1 0.6220703125 0.439453125 0.0341796875 0.0556640625
0 0.5 0.345703125 0.03125 0.052734375
0 0.4873046875 0.5283203125 0.03125 0.0654296875
0 0.6787109375 0.392578125 0.03515625 0.05859375
0 0.791015625 0.51953125 0.02734375 0.0732421875
0 0.306640625 0.5478515625 0.0478515625 0.06640625
0 0.583984375 0.619140625 0.03515625 0.0732421875