1 0.994140625 0.5263671875 0.01171875 0.068359375
0 0.392578125 0.6455078125 0.03515625 0.05859375
0 0.34375 0.380859375 0.0322265625 0.04296875
0 0.384765625 0.4794921875 0.0458984375 0.0595703125
0 0.3193359375 0.41015625 0.03125 0.076171875
0 0.3369140625 0.431640625 0.044921875 0.076171875
0 0.353515625 0.4833984375 0.037109375 0.072265625
0 0.44921875 0.65234375 0.037109375 0.0712890625
0 0.3798828125 0.666015625 0.0625 0.0859375
0 0.423828125 0.45703125 0.0537109375 0.06640625
0 0.453125 0.423828125 0.03125 0.0634765625
0 0.2958984375 0.6162109375 0.048828125 0.0732421875
1 0.8662109375 0.3154296875 0.0400390625 0.0546875
0 0.341796875 0.6806640625 0.05859375 0.0927734375
0 0.591796875 0.658203125 0.0703125 0.0732421875
0 0.060546875 0.4677734375 0.041015625 0.0703125
0 0.396484375 0.3955078125 0.0498046875 0.0595703125
0 0.7841796875 0.384765625 0.0498046875 0.0712890625