0 0.810546875 0.3564453125 0.03125 0.064453125
0 0.30859375 0.423828125 0.033203125 0.076171875
0 0.0302734375 0.404296875 0.0419921875 0.0703125
0 0.064453125 0.4560546875 0.0625 0.0712890625
0 0.017578125 0.4423828125 0.03515625 0.068359375
0 0.3525390625 0.265625 0.0322265625 0.0615234375
0 0.458984375 0.5126953125 0.0439453125 0.0693359375
0 0.3603515625 0.39453125 0.0361328125 0.08203125
0 0.3056640625 0.265625 0.0400390625 0.080078125
0 0.423828125 0.40234375 0.0419921875 0.0849609375
0 0.560546875 0.5537109375 0.052734375 0.1025390625
0 0.783203125 0.3720703125 0.0517578125 0.078125
1 0.552734375 0.26171875 0.0439453125 0.078125