0 0.2119140625 0.3984375 0.0263671875 0.0556640625
0 0.5322265625 0.443359375 0.0234375 0.0498046875
0 0.8779296875 0.458984375 0.021484375 0.0556640625
0 0.7939453125 0.5302734375 0.03125 0.0546875
0 0.6376953125 0.27734375 0.0341796875 0.0419921875
0 0.765625 0.4560546875 0.0341796875 0.0625
0 0.396484375 0.28515625 0.01953125 0.044921875
0 0.521484375 0.34375 0.0263671875 0.046875
0 0.783203125 0.416015625 0.029296875 0.04296875
0 0.5 0.6611328125 0.0244140625 0.0498046875
0 0.8173828125 0.5126953125 0.037109375 0.0556640625
0 0.7861328125 0.498046875 0.0400390625 0.0703125
0 0.712890625 0.404296875 0.03125 0.0478515625
0 0.865234375 0.4912109375 0.03125 0.0576171875
0 0.775390625 0.6455078125 0.0546875 0.052734375
1 0.5419921875 0.4814453125 0.0341796875 0.0498046875
0 0.677734375 0.3525390625 0.03125 0.044921875
0 0.734375 0.435546875 0.03125 0.046875
0 0.755859375 0.572265625 0.0390625 0.052734375
0 0.388671875 0.5419921875 0.02734375 0.05859375
0 0.646484375 0.607421875 0.0244140625 0.060546875