0 0.33203125 0.240234375 0.0390625 0.04296875
0 0.3896484375 0.576171875 0.0390625 0.078125
0 0.5 0.490234375 0.0302734375 0.0673828125
0 0.5693359375 0.60546875 0.0498046875 0.0732421875
0 0.603515625 0.5419921875 0.044921875 0.0576171875
0 0.353515625 0.5791015625 0.05078125 0.0859375
0 0.4345703125 0.4599609375 0.037109375 0.06640625
0 0.4736328125 0.609375 0.0556640625 0.08203125
0 0.3232421875 0.5927734375 0.0458984375 0.080078125
0 0.515625 0.53515625 0.0380859375 0.07421875
0 0.46875 0.517578125 0.0458984375 0.0859375
0 0.171875 0.537109375 0.05078125 0.083984375
0 0.798828125 0.52734375 0.03515625 0.0849609375
0 0.6279296875 0.5986328125 0.0546875 0.0830078125
0 0.517578125 0.62109375 0.0400390625 0.095703125
0 0.591796875 0.4873046875 0.0390625 0.0625
0 0.205078125 0.3876953125 0.03515625 0.06640625