0 0.376953125 0.392578125 0.0390625 0.068359375
0 0.2041015625 0.4482421875 0.052734375 0.1005859375
0 0.3369140625 0.443359375 0.0458984375 0.0791015625
0 0.365234375 0.4970703125 0.0556640625 0.08203125
0 0.4697265625 0.330078125 0.046875 0.076171875
0 0.48828125 0.416015625 0.0615234375 0.0830078125
0 0.4189453125 0.4697265625 0.0556640625 0.0576171875
0 0.443359375 0.5244140625 0.0537109375 0.08984375
0 0.4619140625 0.4521484375 0.060546875 0.0859375
0 0.646484375 0.462890625 0.044921875 0.083984375
0 0.654296875 0.6015625 0.0498046875 0.0849609375
0 0.5439453125 0.333984375 0.0419921875 0.0732421875
1 0.7822265625 0.490234375 0.04296875 0.0966796875
0 0.689453125 0.443359375 0.0625 0.0830078125
0 0.380859375 0.681640625 0.08984375 0.0830078125
0 0.90625 0.4111328125 0.0458984375 0.08203125