0 0.7607421875 0.486328125 0.029296875 0.0673828125
0 0.576171875 0.4921875 0.0322265625 0.072265625
0 0.453125 0.255859375 0.0283203125 0.044921875
0 0.6220703125 0.4677734375 0.03515625 0.0654296875
0 0.5634765625 0.4326171875 0.0302734375 0.0517578125
1 0.392578125 0.47265625 0.0244140625 0.068359375
0 0.64453125 0.44921875 0.037109375 0.0576171875
0 0.515625 0.4580078125 0.03515625 0.060546875
0 0.48828125 0.46875 0.033203125 0.0673828125
0 0.0703125 0.40234375 0.0498046875 0.0673828125
0 0.505859375 0.283203125 0.029296875 0.052734375
0 0.69140625 0.49609375 0.03515625 0.0771484375
0 0.3701171875 0.353515625 0.03515625 0.05859375
0 0.65234375 0.49609375 0.05078125 0.0625
0 0.859375 0.4658203125 0.02734375 0.080078125
0 0.7890625 0.482421875 0.0537109375 0.0732421875
0 0.375 0.689453125 0.0390625 0.078125
0 0.544921875 0.5703125 0.046875 0.0751953125
0 0.0322265625 0.55859375 0.052734375 0.07421875