0 0.6533203125 0.4384765625 0.0380859375 0.0712890625
0 0.6328125 0.392578125 0.03515625 0.0595703125
0 0.736328125 0.384765625 0.0400390625 0.0732421875
0 0.80078125 0.46484375 0.0400390625 0.076171875
0 0.7109375 0.42578125 0.037109375 0.0673828125
0 0.7705078125 0.455078125 0.0458984375 0.0634765625
0 0.275390625 0.6416015625 0.046875 0.0625
0 0.4833984375 0.365234375 0.0400390625 0.0517578125
0 0.2353515625 0.64453125 0.0380859375 0.0703125
0 0.3857421875 0.349609375 0.0341796875 0.0576171875
1 0.294921875 0.43359375 0.029296875 0.0751953125
0 0.365234375 0.5615234375 0.0546875 0.07421875
0 0.0703125 0.35546875 0.03515625 0.0625
0 0.2548828125 0.369140625 0.0390625 0.07421875
0 0.8232421875 0.419921875 0.0390625 0.072265625
0 0.283203125 0.55859375 0.0390625 0.07421875