0 0.384765625 0.4287109375 0.0390625 0.0615234375
0 0.2998046875 0.4443359375 0.03515625 0.0625
0 0.462890625 0.4130859375 0.0341796875 0.0615234375
0 0.3896484375 0.38671875 0.04296875 0.0517578125
0 0.259765625 0.427734375 0.0576171875 0.05859375
0 0.349609375 0.54296875 0.0390625 0.0546875
0 0.240234375 0.3115234375 0.03515625 0.0546875
1 0.9638671875 0.33984375 0.0390625 0.0546875
0 0.271484375 0.373046875 0.0390625 0.0478515625
0 0.23828125 0.541015625 0.0380859375 0.0654296875
1 0.904296875 0.5439453125 0.029296875 0.087890625
0 0.443359375 0.435546875 0.037109375 0.05859375
0 0.2783203125 0.673828125 0.0380859375 0.083984375
0 0.294921875 0.2958984375 0.046875 0.046875
0 0.1923828125 0.6748046875 0.03515625 0.087890625
0 0.814453125 0.4150390625 0.046875 0.0625