0 0.275390625 0.626953125 0.046875 0.10546875
1 0.6494140625 0.3876953125 0.0400390625 0.091796875
0 0.6337890625 0.490234375 0.0595703125 0.078125
0 0.314453125 0.669921875 0.0546875 0.1123046875
0 0.580078125 0.57421875 0.0576171875 0.103515625
0 0.3955078125 0.7001953125 0.05859375 0.0546875
0 0.609375 0.6513671875 0.0546875 0.1328125
0 0.5947265625 0.51953125 0.0458984375 0.095703125
0 0.341796875 0.6240234375 0.046875 0.103515625
0 0.47265625 0.611328125 0.048828125 0.125
0 0.6484375 0.5888671875 0.0517578125 0.1015625
0 0.1806640625 0.630859375 0.04296875 0.1171875
0 0.5732421875 0.685546875 0.0537109375 0.083984375
0 0.39453125 0.56640625 0.0458984375 0.1162109375