0 0.666015625 0.3994140625 0.04296875 0.0771484375
0 0.7392578125 0.435546875 0.03125 0.07421875
0 0.767578125 0.453125 0.0322265625 0.068359375
0 0.875 0.462890625 0.0361328125 0.0712890625
0 0.1611328125 0.703125 0.0302734375 0.046875
0 0.3447265625 0.390625 0.037109375 0.0546875
0 0.31640625 0.4580078125 0.0498046875 0.06640625
0 0.775390625 0.40625 0.0400390625 0.0751953125
0 0.3857421875 0.400390625 0.0302734375 0.0556640625
0 0.12109375 0.697265625 0.05078125 0.05859375
0 0.119140625 0.380859375 0.04296875 0.07421875
0 0.810546875 0.43359375 0.029296875 0.0771484375
0 0.3544921875 0.61328125 0.033203125 0.09375
0 0.8408203125 0.4619140625 0.048828125 0.07421875
0 0.2861328125 0.6103515625 0.04296875 0.0888671875