0 0.498046875 0.6025390625 0.060546875 0.1025390625
0 0.537109375 0.4638671875 0.0458984375 0.0498046875
0 0.3798828125 0.578125 0.04296875 0.0869140625
0 0.498046875 0.5146484375 0.0390625 0.08984375
0 0.2802734375 0.5458984375 0.052734375 0.0869140625
0 0.546875 0.5029296875 0.04296875 0.1025390625
0 0.544921875 0.603515625 0.04296875 0.103515625
1 0.2646484375 0.650390625 0.04296875 0.10546875
0 0.4111328125 0.591796875 0.05078125 0.1103515625
0 0.32421875 0.55859375 0.048828125 0.09375
0 0.439453125 0.5234375 0.0390625 0.0908203125
0 0.626953125 0.5693359375 0.0498046875 0.1025390625
0 0.708984375 0.552734375 0.04296875 0.0966796875
0 0.6787109375 0.45703125 0.03125 0.083984375
0 0.58203125 0.46484375 0.041015625 0.091796875