0 0.6640625 0.3779296875 0.04296875 0.0634765625
0 0.796875 0.380859375 0.041015625 0.0947265625
0 0.630859375 0.521484375 0.0546875 0.087890625
0 0.435546875 0.2421875 0.0322265625 0.0458984375
0 0.75 0.3818359375 0.048828125 0.0703125
0 0.5732421875 0.490234375 0.0400390625 0.0771484375
0 0.7705078125 0.421875 0.046875 0.09765625
1 0.4755859375 0.40234375 0.033203125 0.1044921875
0 0.6708984375 0.4560546875 0.04296875 0.095703125
0 0.255859375 0.27734375 0.0478515625 0.0830078125
0 0.552734375 0.4033203125 0.0478515625 0.0849609375
0 0.15234375 0.615234375 0.05859375 0.109375