0 0.587890625 0.53515625 0.046875 0.0322265625
0 0.322265625 0.431640625 0.0234375 0.078125
0 0.498046875 0.55078125 0.048828125 0.046875
0 0.490234375 0.4638671875 0.03515625 0.0517578125
0 0.6259765625 0.451171875 0.025390625 0.078125
0 0.5654296875 0.5126953125 0.0478515625 0.048828125
0 0.5966796875 0.46875 0.0400390625 0.0390625
0 0.5849609375 0.5576171875 0.04296875 0.03515625
0 0.482421875 0.609375 0.0400390625 0.078125
0 0.498046875 0.505859375 0.05078125 0.0478515625
1 0.27734375 0.50390625 0.029296875 0.0703125
0 0.5927734375 0.494140625 0.037109375 0.048828125
0 0.5869140625 0.5927734375 0.046875 0.0556640625
0 0.37109375 0.51953125 0.02734375 0.072265625
0 0.5068359375 0.2900390625 0.0263671875 0.044921875
0 0.7255859375 0.513671875 0.0341796875 0.0791015625
0 0.115234375 0.4189453125 0.0244140625 0.072265625
0 0.482421875 0.365234375 0.02734375 0.0595703125
0 0.5908203125 0.283203125 0.037109375 0.0556640625
0 0.623046875 0.3662109375 0.0390625 0.0634765625
0 0.830078125 0.51953125 0.0419921875 0.0673828125