0 0.6328125 0.4169921875 0.03125 0.0498046875
0 0.7900390625 0.3837890625 0.0322265625 0.060546875
0 0.6025390625 0.3818359375 0.03515625 0.044921875
0 0.658203125 0.37890625 0.037109375 0.0478515625
0 0.587890625 0.3955078125 0.0390625 0.0400390625
1 0.322265625 0.6923828125 0.0341796875 0.0625
0 0.5234375 0.392578125 0.02734375 0.04296875
0 0.380859375 0.369140625 0.029296875 0.0478515625
0 0.572265625 0.3330078125 0.02734375 0.0498046875
0 0.5615234375 0.421875 0.0419921875 0.04296875
0 0.365234375 0.41015625 0.0341796875 0.06640625
0 0.5205078125 0.4375 0.04296875 0.052734375
0 0.6943359375 0.42578125 0.03515625 0.05078125
0 0.4755859375 0.51171875 0.03515625 0.0576171875
0 0.689453125 0.333984375 0.0419921875 0.0478515625
0 0.587890625 0.513671875 0.052734375 0.0654296875
0 0.396484375 0.591796875 0.0419921875 0.060546875
0 0.482421875 0.591796875 0.05859375 0.07421875