0 0.615234375 0.41796875 0.0341796875 0.0390625
0 0.6181640625 0.486328125 0.0390625 0.060546875
0 0.642578125 0.380859375 0.037109375 0.0390625
0 0.5732421875 0.36328125 0.04296875 0.05078125
0 0.548828125 0.404296875 0.052734375 0.044921875
0 0.5546875 0.431640625 0.04296875 0.044921875
0 0.646484375 0.505859375 0.04296875 0.0654296875
1 0.30078125 0.4365234375 0.029296875 0.06640625
0 0.638671875 0.41015625 0.0419921875 0.05078125
0 0.4404296875 0.5029296875 0.04296875 0.068359375
0 0.5947265625 0.7607421875 0.03515625 0.0400390625
0 0.5810546875 0.279296875 0.0341796875 0.0556640625
0 0.767578125 0.4345703125 0.03515625 0.078125
0 0.33203125 0.5927734375 0.0390625 0.0703125
0 0.060546875 0.408203125 0.037109375 0.06640625
0 0.6650390625 0.27734375 0.05078125 0.0546875
0 0.8134765625 0.4716796875 0.03515625 0.0712890625
0 0.5283203125 0.4765625 0.0556640625 0.0498046875
0 0.591796875 0.61328125 0.0556640625 0.0634765625
0 0.4228515625 0.416015625 0.0322265625 0.0625
0 0.2236328125 0.7548828125 0.046875 0.052734375
0 0.5048828125 0.533203125 0.05859375 0.0654296875