0 0.626953125 0.349609375 0.03125 0.0634765625
0 0.4111328125 0.541015625 0.0478515625 0.083984375
0 0.6015625 0.3515625 0.04296875 0.05859375
0 0.3857421875 0.529296875 0.0546875 0.0888671875
0 0.3759765625 0.4853515625 0.05078125 0.083984375
0 0.611328125 0.6298828125 0.060546875 0.060546875
0 0.96484375 0.4560546875 0.05078125 0.06640625
0 0.474609375 0.546875 0.0498046875 0.072265625
0 0.673828125 0.3857421875 0.044921875 0.0546875
0 0.251953125 0.595703125 0.064453125 0.1015625
0 0.724609375 0.384765625 0.05078125 0.0556640625
0 0.29296875 0.5869140625 0.05078125 0.0927734375
1 0.8701171875 0.509765625 0.02734375 0.09375
0 0.6181640625 0.6689453125 0.064453125 0.056640625
0 0.677734375 0.47265625 0.046875 0.0673828125
0 0.4658203125 0.44921875 0.0546875 0.0634765625
0 0.1416015625 0.515625 0.0615234375 0.0830078125