0 0.60546875 0.400390625 0.029296875 0.0390625
0 0.48046875 0.763671875 0.0419921875 0.03515625
0 0.6328125 0.419921875 0.0400390625 0.0634765625
0 0.666015625 0.3935546875 0.0419921875 0.0712890625
0 0.62109375 0.4501953125 0.0419921875 0.068359375
0 0.611328125 0.3544921875 0.046875 0.0625
0 0.580078125 0.451171875 0.052734375 0.068359375
0 0.75390625 0.4619140625 0.03515625 0.0732421875
0 0.43359375 0.5068359375 0.0419921875 0.06640625
1 0.28125 0.4365234375 0.03125 0.0703125
0 0.166015625 0.7548828125 0.03515625 0.052734375
0 0.529296875 0.271484375 0.03125 0.0634765625
0 0.7900390625 0.4453125 0.0546875 0.0810546875
0 0.431640625 0.615234375 0.0478515625 0.0634765625
0 0.578125 0.5283203125 0.03125 0.0712890625
0 0.62890625 0.51953125 0.05078125 0.0703125
0 0.572265625 0.263671875 0.0400390625 0.06640625
0 0.0302734375 0.408203125 0.0478515625 0.06640625
0 0.279296875 0.609375 0.0419921875 0.0712890625
0 0.435546875 0.404296875 0.029296875 0.0634765625