0 0.408203125 0.4853515625 0.04296875 0.08984375
0 0.2294921875 0.4736328125 0.03515625 0.0791015625
0 0.6787109375 0.634765625 0.076171875 0.08984375
0 0.1982421875 0.4697265625 0.046875 0.091796875
0 0.46484375 0.369140625 0.0517578125 0.0712890625
0 0.4833984375 0.55859375 0.048828125 0.0869140625
0 0.787109375 0.6552734375 0.078125 0.087890625
0 0.53125 0.369140625 0.0615234375 0.0732421875
0 0.9453125 0.5048828125 0.0625 0.06640625
0 0.640625 0.51953125 0.05859375 0.0771484375
0 0.037109375 0.529296875 0.060546875 0.0947265625