0 0.365234375 0.49609375 0.0439453125 0.0625
0 0.3994140625 0.4794921875 0.037109375 0.052734375
0 0.8232421875 0.388671875 0.0458984375 0.0712890625
0 0.912109375 0.7041015625 0.083984375 0.1025390625
0 0.38671875 0.5869140625 0.0537109375 0.0771484375
0 0.7255859375 0.3154296875 0.056640625 0.0556640625
0 0.1748046875 0.509765625 0.0458984375 0.08984375
1 0.8857421875 0.5107421875 0.0322265625 0.095703125
0 0.806640625 0.384765625 0.044921875 0.0712890625
0 0.75390625 0.328125 0.0419921875 0.0625
0 0.345703125 0.5712890625 0.0546875 0.1103515625
0 0.166015625 0.5771484375 0.0634765625 0.1064453125
0 0.8369140625 0.65625 0.072265625 0.0810546875
0 0.802734375 0.5234375 0.0341796875 0.0791015625
0 0.1025390625 0.568359375 0.068359375 0.0888671875
0 0.53515625 0.4970703125 0.0380859375 0.072265625
0 0.49609375 0.4990234375 0.0595703125 0.080078125
0 0.435546875 0.51953125 0.0390625 0.083984375
0 0.26171875 0.482421875 0.0615234375 0.0791015625