0 0.509765625 0.494140625 0.05078125 0.076171875
0 0.607421875 0.294921875 0.0341796875 0.037109375
0 0.634765625 0.47265625 0.03515625 0.076171875
0 0.677734375 0.44921875 0.0341796875 0.0703125
0 0.490234375 0.5107421875 0.0400390625 0.078125
1 0.9619140625 0.3544921875 0.01953125 0.078125
0 0.4521484375 0.4990234375 0.0419921875 0.0703125
0 0.5263671875 0.4794921875 0.052734375 0.083984375
0 0.5126953125 0.4169921875 0.037109375 0.0654296875
1 0.064453125 0.43359375 0.03125 0.0859375
0 0.564453125 0.4140625 0.0400390625 0.07421875
0 0.45703125 0.4248046875 0.03515625 0.0625
0 0.4169921875 0.431640625 0.0341796875 0.0625
0 0.2724609375 0.294921875 0.0478515625 0.0400390625
0 0.3876953125 0.3857421875 0.04296875 0.0654296875
0 0.1435546875 0.3935546875 0.0341796875 0.068359375
0 0.380859375 0.677734375 0.060546875 0.08203125
0 0.3173828125 0.490234375 0.046875 0.076171875
0 0.2470703125 0.5498046875 0.052734375 0.07421875