0 0.748046875 0.478515625 0.0390625 0.0546875
0 0.630859375 0.576171875 0.044921875 0.0732421875
0 0.6181640625 0.48046875 0.041015625 0.0634765625
0 0.6201171875 0.5234375 0.0390625 0.0595703125
0 0.455078125 0.40625 0.02734375 0.0673828125
0 0.5810546875 0.5380859375 0.0458984375 0.0810546875
0 0.4111328125 0.3076171875 0.03515625 0.0576171875
0 0.158203125 0.3544921875 0.033203125 0.064453125
0 0.52734375 0.3115234375 0.0517578125 0.0546875
0 0.5927734375 0.5966796875 0.0576171875 0.080078125
0 0.646484375 0.4404296875 0.046875 0.080078125
1 0.220703125 0.4453125 0.0361328125 0.076171875
0 0.775390625 0.4970703125 0.06640625 0.0830078125
0 0.69140625 0.462890625 0.0361328125 0.0859375
0 0.53125 0.521484375 0.046875 0.076171875
0 0.056640625 0.642578125 0.04296875 0.0732421875
0 0.4453125 0.4736328125 0.0302734375 0.0751953125
0 0.5888671875 0.4404296875 0.0498046875 0.07421875
0 0.216796875 0.529296875 0.037109375 0.076171875
0 0.24609375 0.6611328125 0.0703125 0.0830078125