0 0.4765625 0.5263671875 0.0498046875 0.0888671875
0 0.517578125 0.4765625 0.0390625 0.0712890625
0 0.1865234375 0.439453125 0.0390625 0.0859375
1 0.015625 0.4375 0.03125 0.080078125
0 0.54296875 0.3984375 0.046875 0.0849609375
0 0.81640625 0.5390625 0.05078125 0.1025390625
0 0.375 0.4853515625 0.048828125 0.0859375
0 0.853515625 0.5283203125 0.0595703125 0.0869140625
0 0.203125 0.345703125 0.033203125 0.0712890625
0 0.681640625 0.4697265625 0.06640625 0.0859375
0 0.6025390625 0.419921875 0.041015625 0.078125