0 0.57421875 0.5009765625 0.048828125 0.09375
0 0.2529296875 0.44140625 0.04296875 0.08203125
0 0.5390625 0.5185546875 0.046875 0.0849609375
0 0.2626953125 0.349609375 0.0341796875 0.06640625
0 0.505859375 0.5068359375 0.0419921875 0.087890625
0 0.8876953125 0.49609375 0.05078125 0.0849609375
0 0.623046875 0.3916015625 0.05859375 0.0966796875
0 0.6708984375 0.404296875 0.05078125 0.07421875
1 0.072265625 0.43359375 0.04296875 0.0771484375
0 0.7177734375 0.4716796875 0.0419921875 0.0830078125
0 0.5703125 0.43359375 0.046875 0.07421875
0 0.4453125 0.4794921875 0.068359375 0.0888671875
0 0.6171875 0.484375 0.0625 0.08984375