0 0.6611328125 0.744140625 0.05859375 0.046875
0 0.5234375 0.466796875 0.046875 0.078125
0 0.462890625 0.462890625 0.0498046875 0.08203125
0 0.48046875 0.3916015625 0.03125 0.0693359375
0 0.966796875 0.6640625 0.046875 0.056640625
0 0.5576171875 0.4462890625 0.05078125 0.08203125
0 0.3046875 0.4677734375 0.03515625 0.083984375
0 0.462890625 0.5166015625 0.0537109375 0.0927734375
0 0.521484375 0.5078125 0.0576171875 0.0830078125
0 0.6171875 0.6533203125 0.0341796875 0.0625
0 0.435546875 0.4365234375 0.0478515625 0.072265625
0 0.5625 0.3056640625 0.0478515625 0.0712890625
0 0.384765625 0.455078125 0.0625 0.0888671875
1 0.837890625 0.447265625 0.0390625 0.0908203125
0 0.267578125 0.462890625 0.0498046875 0.08203125
0 0.49609375 0.296875 0.0693359375 0.064453125
0 0.7275390625 0.4697265625 0.0458984375 0.0908203125