0 0.625 0.4658203125 0.052734375 0.044921875
0 0.498046875 0.5263671875 0.0546875 0.064453125
0 0.8203125 0.46484375 0.041015625 0.0927734375
0 0.8359375 0.4423828125 0.0390625 0.078125
1 0.248046875 0.4365234375 0.03125 0.0859375
0 0.5166015625 0.5009765625 0.056640625 0.0537109375
0 0.654296875 0.4521484375 0.052734375 0.0498046875
0 0.64453125 0.515625 0.05859375 0.08203125
0 0.62109375 0.2890625 0.0380859375 0.0595703125
0 0.80859375 0.5146484375 0.05078125 0.083984375
0 0.6669921875 0.4248046875 0.05078125 0.0595703125
0 0.4775390625 0.5947265625 0.056640625 0.08984375
0 0.583984375 0.4033203125 0.0556640625 0.060546875
0 0.4560546875 0.330078125 0.02734375 0.07421875
0 0.544921875 0.458984375 0.052734375 0.0546875
0 0.728515625 0.2861328125 0.048828125 0.068359375
0 0.2568359375 0.3642578125 0.029296875 0.080078125
0 0.6884765625 0.33984375 0.0458984375 0.0791015625
0 0.595703125 0.5966796875 0.06640625 0.08984375
0 0.224609375 0.5048828125 0.0458984375 0.08984375
0 0.4716796875 0.4326171875 0.0390625 0.078125
0 0.4228515625 0.470703125 0.0458984375 0.076171875