0 0.62890625 0.486328125 0.046875 0.0771484375
0 0.822265625 0.396484375 0.0390625 0.068359375
0 0.5400390625 0.279296875 0.037109375 0.0517578125
0 0.546875 0.333984375 0.046875 0.0712890625
0 0.5859375 0.4189453125 0.048828125 0.05078125
0 0.5546875 0.494140625 0.052734375 0.0703125
0 0.826171875 0.466796875 0.056640625 0.095703125
0 0.7236328125 0.4111328125 0.0703125 0.095703125
0 0.7138671875 0.55859375 0.0419921875 0.087890625
0 0.5615234375 0.560546875 0.0673828125 0.08984375
0 0.421875 0.40625 0.060546875 0.08984375
1 0.166015625 0.44140625 0.03515625 0.0927734375
0 0.16796875 0.359375 0.046875 0.080078125
0 0.669921875 0.51171875 0.0546875 0.0888671875
0 0.640625 0.431640625 0.064453125 0.07421875
0 0.6328125 0.287109375 0.0478515625 0.068359375
0 0.349609375 0.5927734375 0.06640625 0.0927734375
0 0.357421875 0.490234375 0.0546875 0.0810546875
0 0.373046875 0.322265625 0.03515625 0.0732421875
0 0.0908203125 0.5419921875 0.064453125 0.087890625