0 0.552734375 0.505859375 0.0419921875 0.0869140625
0 0.611328125 0.4794921875 0.052734375 0.0625
0 0.6728515625 0.4169921875 0.0478515625 0.083984375
0 0.380859375 0.462890625 0.046875 0.0947265625
0 0.478515625 0.447265625 0.0419921875 0.076171875
0 0.447265625 0.4814453125 0.0634765625 0.10546875
0 0.6982421875 0.470703125 0.0400390625 0.08984375
0 0.509765625 0.53125 0.06640625 0.10546875
0 0.498046875 0.390625 0.0419921875 0.068359375
0 0.3505859375 0.5078125 0.05078125 0.109375
0 0.0703125 0.30078125 0.0341796875 0.0859375
0 0.34765625 0.3369140625 0.0419921875 0.08203125
0 0.6376953125 0.5400390625 0.0654296875 0.0888671875
0 0.462890625 0.294921875 0.0625 0.0888671875
0 0.4638671875 0.603515625 0.078125 0.1025390625
0 0.296875 0.580078125 0.046875 0.107421875
0 0.5654296875 0.568359375 0.078125 0.10546875
0 0.7587890625 0.4853515625 0.06640625 0.09765625
1 0.177734375 0.513671875 0.0546875 0.09375