0 0.39453125 0.4306640625 0.033203125 0.03515625
0 0.189453125 0.4453125 0.025390625 0.064453125
0 0.4140625 0.4833984375 0.041015625 0.05078125
0 0.283203125 0.44140625 0.03125 0.0595703125
0 0.4345703125 0.3984375 0.0390625 0.0380859375
0 0.3818359375 0.4140625 0.0380859375 0.037109375
1 0.638671875 0.4189453125 0.0263671875 0.0654296875
0 0.7021484375 0.451171875 0.0302734375 0.0625
0 0.45703125 0.4208984375 0.04296875 0.0419921875
0 0.568359375 0.431640625 0.0322265625 0.0576171875
0 0.4853515625 0.5 0.0517578125 0.0439453125
0 0.66796875 0.36328125 0.0244140625 0.0576171875
1 0.0283203125 0.40625 0.033203125 0.0634765625
0 0.4052734375 0.326171875 0.0283203125 0.0498046875
0 0.576171875 0.4853515625 0.03125 0.0546875
0 0.5234375 0.390625 0.0283203125 0.056640625
0 0.466796875 0.45703125 0.0546875 0.0390625
0 0.5380859375 0.6484375 0.037109375 0.0625
0 0.3466796875 0.322265625 0.041015625 0.0498046875
0 0.3564453125 0.375 0.04296875 0.0537109375
0 0.4541015625 0.6591796875 0.0546875 0.068359375