0 0.4306640625 0.357421875 0.0390625 0.03125
0 0.49609375 0.365234375 0.0390625 0.04296875
0 0.486328125 0.3076171875 0.03125 0.04296875
1 0.677734375 0.380859375 0.0244140625 0.05078125
0 0.443359375 0.3818359375 0.0390625 0.0419921875
0 0.419921875 0.40625 0.0390625 0.046875
1 0.076171875 0.318359375 0.0185546875 0.0576171875
0 0.5029296875 0.396484375 0.04296875 0.0400390625
0 0.421875 0.3359375 0.04296875 0.0400390625
0 0.3203125 0.36328125 0.02734375 0.060546875
0 0.7333984375 0.5048828125 0.0234375 0.05859375
0 0.5791015625 0.396484375 0.0234375 0.052734375
0 0.416015625 0.267578125 0.0322265625 0.05078125
0 0.3037109375 0.349609375 0.029296875 0.0546875
0 0.376953125 0.505859375 0.0400390625 0.05859375
0 0.5380859375 0.65625 0.029296875 0.068359375
0 0.5263671875 0.26171875 0.02734375 0.0478515625
0 0.6474609375 0.341796875 0.0234375 0.0478515625
0 0.490234375 0.431640625 0.044921875 0.0556640625
0 0.384765625 0.65234375 0.046875 0.06640625