0 0.986328125 0.3994140625 0.02734375 0.099609375
0 0.8564453125 0.4765625 0.064453125 0.07421875
0 0.775390625 0.34375 0.0322265625 0.0615234375
0 0.826171875 0.384765625 0.0458984375 0.0859375
0 0.900390625 0.353515625 0.0390625 0.0869140625
0 0.94140625 0.38671875 0.0693359375 0.0595703125
0 0.8505859375 0.318359375 0.037109375 0.0859375
0 0.7744140625 0.39453125 0.0458984375 0.0849609375
1 0.5810546875 0.251953125 0.03125 0.06640625
0 0.865234375 0.5205078125 0.064453125 0.09375
0 0.779296875 0.2802734375 0.03515625 0.072265625
0 0.1845703125 0.46484375 0.0361328125 0.0771484375
0 0.318359375 0.30859375 0.037109375 0.0751953125
0 0.3857421875 0.296875 0.029296875 0.07421875
0 0.5205078125 0.4150390625 0.0322265625 0.0771484375