0 0.44921875 0.5732421875 0.0478515625 0.05859375
0 0.392578125 0.4423828125 0.046875 0.0400390625
0 0.369140625 0.5107421875 0.0546875 0.0498046875
0 0.4091796875 0.4736328125 0.0556640625 0.052734375
0 0.3994140625 0.4091796875 0.044921875 0.04296875
0 0.482421875 0.595703125 0.0419921875 0.0810546875
0 0.3642578125 0.556640625 0.0498046875 0.060546875
0 0.572265625 0.4541015625 0.03515625 0.060546875
1 0.666015625 0.4580078125 0.037109375 0.0810546875
0 0.81640625 0.337890625 0.0390625 0.0625
0 0.57421875 0.5224609375 0.0322265625 0.0888671875
0 0.4794921875 0.4404296875 0.0556640625 0.052734375
0 0.4853515625 0.5185546875 0.06640625 0.05859375
0 0.494140625 0.388671875 0.0634765625 0.044921875
0 0.4189453125 0.6669921875 0.046875 0.078125
0 0.7919921875 0.482421875 0.0400390625 0.0791015625
0 0.1953125 0.50390625 0.037109375 0.0791015625
0 0.2333984375 0.455078125 0.03515625 0.0791015625
0 0.30859375 0.6630859375 0.0546875 0.0791015625
0 0.435546875 0.3134765625 0.046875 0.06640625