0 0.578125 0.419921875 0.0390625 0.0791015625
0 0.849609375 0.3125 0.0498046875 0.078125
0 0.423828125 0.3525390625 0.0400390625 0.08984375
0 0.4580078125 0.306640625 0.0390625 0.0869140625
0 0.4970703125 0.3974609375 0.0400390625 0.080078125
0 0.7373046875 0.4140625 0.04296875 0.07421875
0 0.5048828125 0.3427734375 0.0546875 0.0615234375
0 0.57421875 0.240234375 0.03515625 0.04296875
1 0.8828125 0.353515625 0.0283203125 0.09375
0 0.7978515625 0.4208984375 0.03515625 0.05859375
0 0.4208984375 0.2705078125 0.0390625 0.080078125
0 0.541015625 0.458984375 0.03515625 0.064453125
0 0.673828125 0.267578125 0.037109375 0.05859375
0 0.7548828125 0.3095703125 0.0302734375 0.0595703125
0 0.333984375 0.494140625 0.046875 0.08203125
0 0.6416015625 0.5302734375 0.056640625 0.0966796875
0 0.9365234375 0.4697265625 0.0400390625 0.07421875
0 0.359375 0.396484375 0.048828125 0.072265625
0 0.6171875 0.4296875 0.05859375 0.09765625