1 0.7763671875 0.6005859375 0.0244140625 0.064453125
1 0.63671875 0.4833984375 0.017578125 0.046875
0 0.5302734375 0.4765625 0.02734375 0.0458984375
0 0.4462890625 0.4697265625 0.0166015625 0.0458984375
0 0.1259765625 0.5400390625 0.0224609375 0.0517578125
0 0.0546875 0.4482421875 0.0185546875 0.05078125
0 0.435546875 0.515625 0.0263671875 0.052734375
0 0.2138671875 0.5068359375 0.02734375 0.052734375
0 0.509765625 0.4931640625 0.0234375 0.0498046875
0 0.1181640625 0.455078125 0.021484375 0.0498046875
0 0.400390625 0.5849609375 0.0263671875 0.0546875
0 0.1640625 0.52734375 0.025390625 0.060546875
0 0.0830078125 0.4921875 0.02734375 0.052734375
0 0.2568359375 0.515625 0.0234375 0.0546875
0 0.099609375 0.6328125 0.025390625 0.06640625