0 0.66796875 0.501953125 0.0263671875 0.076171875
0 0.49609375 0.5703125 0.044921875 0.05859375
0 0.4794921875 0.505859375 0.046875 0.0341796875
0 0.482421875 0.529296875 0.0419921875 0.03515625
1 0.1875 0.46484375 0.03125 0.076171875
0 0.4521484375 0.4150390625 0.0322265625 0.060546875
1 0.935546875 0.634765625 0.03125 0.08984375
0 0.3935546875 0.5576171875 0.0498046875 0.0712890625
0 0.662109375 0.5380859375 0.0390625 0.0791015625
0 0.5234375 0.478515625 0.04296875 0.05078125
0 0.423828125 0.505859375 0.0478515625 0.0498046875
0 0.44921875 0.470703125 0.044921875 0.0498046875
0 0.341796875 0.4482421875 0.0322265625 0.0625
0 0.3271484375 0.5087890625 0.0390625 0.0703125
0 0.6376953125 0.337890625 0.04296875 0.0703125
0 0.283203125 0.548828125 0.0400390625 0.0712890625
0 0.548828125 0.345703125 0.03125 0.060546875
0 0.4521484375 0.59375 0.060546875 0.0625
0 0.5087890625 0.498046875 0.0478515625 0.052734375
0 0.2421875 0.6103515625 0.037109375 0.0859375
0 0.2041015625 0.5498046875 0.0390625 0.078125
0 0.580078125 0.470703125 0.044921875 0.0634765625