0 0.2646484375 0.490234375 0.0322265625 0.07421875
0 0.318359375 0.5634765625 0.0478515625 0.0703125
0 0.318359375 0.50390625 0.044921875 0.0478515625
0 0.4375 0.6259765625 0.02734375 0.0859375
0 0.404296875 0.4677734375 0.0390625 0.044921875
0 0.4521484375 0.572265625 0.0322265625 0.0859375
0 0.306640625 0.4755859375 0.0478515625 0.044921875
0 0.1572265625 0.5185546875 0.0263671875 0.0869140625
0 0.537109375 0.482421875 0.0244140625 0.0791015625
0 0.2998046875 0.326171875 0.052734375 0.0634765625
0 0.11328125 0.5498046875 0.0390625 0.07421875
0 0.41015625 0.5576171875 0.0546875 0.0556640625
0 0.568359375 0.52734375 0.029296875 0.076171875
0 0.744140625 0.37109375 0.0234375 0.076171875
0 0.3818359375 0.3291015625 0.029296875 0.0576171875
0 0.7861328125 0.544921875 0.03125 0.083984375
1 0.6435546875 0.517578125 0.0341796875 0.076171875
0 0.3408203125 0.64453125 0.0556640625 0.076171875
0 0.5869140625 0.408203125 0.0263671875 0.0712890625
0 0.2919921875 0.404296875 0.0400390625 0.0703125