0 0.408203125 0.34375 0.0341796875 0.0693359375
0 0.271484375 0.740234375 0.060546875 0.08203125
0 0.4462890625 0.2431640625 0.0439453125 0.0478515625
0 0.6630859375 0.51171875 0.04296875 0.091796875
0 0.3955078125 0.3486328125 0.0390625 0.0703125
1 0.3076171875 0.4716796875 0.0322265625 0.0859375
0 0.2412109375 0.291015625 0.0302734375 0.06640625
0 0.373046875 0.24609375 0.0322265625 0.0537109375
0 0.3037109375 0.28515625 0.0361328125 0.072265625
0 0.7587890625 0.41796875 0.0400390625 0.087890625
0 0.22265625 0.447265625 0.0439453125 0.0791015625
0 0.140625 0.583984375 0.0380859375 0.0888671875
0 0.8681640625 0.462890625 0.046875 0.0849609375
0 0.396484375 0.5966796875 0.0390625 0.0859375
0 0.318359375 0.6064453125 0.0390625 0.0908203125