0 0.654296875 0.4296875 0.0361328125 0.0625
0 0.654296875 0.384765625 0.03515625 0.037109375
0 0.58203125 0.4130859375 0.0458984375 0.04296875
0 0.810546875 0.4189453125 0.0283203125 0.06640625
0 0.6376953125 0.275390625 0.0380859375 0.0517578125
1 0.3681640625 0.421875 0.021484375 0.0693359375
0 0.7138671875 0.517578125 0.0654296875 0.0654296875
0 0.564453125 0.3935546875 0.03515625 0.05859375
0 0.8203125 0.443359375 0.03515625 0.06640625
0 0.4296875 0.4150390625 0.03125 0.076171875
0 0.6259765625 0.337890625 0.044921875 0.05078125
0 0.49609375 0.380859375 0.03515625 0.0595703125
0 0.3359375 0.3427734375 0.025390625 0.0546875
0 0.416015625 0.2861328125 0.02734375 0.056640625
0 0.3115234375 0.53125 0.0380859375 0.0673828125
0 0.779296875 0.6259765625 0.05078125 0.078125
0 0.5068359375 0.4384765625 0.0283203125 0.068359375
0 0.26953125 0.4169921875 0.0244140625 0.0673828125
0 0.4140625 0.6201171875 0.03515625 0.0703125
0 0.58984375 0.455078125 0.05078125 0.0625