0 0.4453125 0.455078125 0.02734375 0.0625
1 0.4453125 0.455078125 0.02734375 0.0625
0 0.75390625 0.41796875 0.0380859375 0.056640625
0 0.7490234375 0.490234375 0.03515625 0.06640625
0 0.6826171875 0.3828125 0.0361328125 0.05859375
0 0.646484375 0.6572265625 0.046875 0.0712890625
0 0.46875 0.43359375 0.037109375 0.0625
0 0.6640625 0.3291015625 0.037109375 0.0517578125
0 0.2763671875 0.375 0.037109375 0.0546875
0 0.6953125 0.48046875 0.0390625 0.0712890625
0 0.599609375 0.2763671875 0.0361328125 0.0556640625
0 0.8857421875 0.462890625 0.0498046875 0.07421875
0 0.458984375 0.322265625 0.0234375 0.0498046875
0 0.607421875 0.6484375 0.0322265625 0.068359375
0 0.763671875 0.28125 0.0400390625 0.05078125
0 0.642578125 0.392578125 0.03125 0.0576171875
0 0.59765625 0.5205078125 0.0283203125 0.0576171875
0 0.701171875 0.56640625 0.05078125 0.0703125
0 0.31640625 0.5361328125 0.033203125 0.06640625