0 0.3125 0.552734375 0.05859375 0.0869140625
0 0.2578125 0.435546875 0.0341796875 0.07421875
0 0.228515625 0.4521484375 0.0390625 0.0888671875
0 0.1845703125 0.541015625 0.05859375 0.11328125
0 0.3876953125 0.482421875 0.0400390625 0.0859375
0 0.96875 0.5849609375 0.0498046875 0.0888671875
0 0.4462890625 0.515625 0.0546875 0.1025390625
0 0.609375 0.2978515625 0.0341796875 0.091796875
0 0.873046875 0.3525390625 0.0390625 0.0888671875
0 0.380859375 0.564453125 0.046875 0.1025390625
0 0.029296875 0.6064453125 0.0556640625 0.099609375
1 0.8427734375 0.5048828125 0.0322265625 0.10546875
0 0.1025390625 0.609375 0.0634765625 0.1181640625