0 0.17578125 0.5283203125 0.0224609375 0.0634765625
0 0.162109375 0.515625 0.01953125 0.0625
0 0.3720703125 0.529296875 0.0341796875 0.0634765625
0 0.31640625 0.5439453125 0.033203125 0.046875
0 0.2939453125 0.515625 0.037109375 0.0390625
1 0.5625 0.5390625 0.02734375 0.05859375
0 0.27734375 0.568359375 0.041015625 0.0576171875
0 0.3701171875 0.5927734375 0.0390625 0.06640625
0 0.3984375 0.349609375 0.0244140625 0.044921875
0 0.3369140625 0.341796875 0.0244140625 0.0498046875
0 0.3046875 0.4453125 0.025390625 0.0517578125
0 0.4150390625 0.3837890625 0.0234375 0.05078125
0 0.4814453125 0.45703125 0.0185546875 0.05859375
0 0.439453125 0.544921875 0.0224609375 0.0634765625
0 0.3671875 0.66015625 0.033203125 0.060546875
0 0.3056640625 0.3818359375 0.0419921875 0.0546875
0 0.3896484375 0.470703125 0.025390625 0.060546875
0 0.87109375 0.478515625 0.0224609375 0.060546875
0 0.2734375 0.658203125 0.048828125 0.064453125