0 0.1513671875 0.501953125 0.03125 0.0556640625
0 0.322265625 0.4814453125 0.0341796875 0.05859375
0 0.375 0.611328125 0.0400390625 0.0634765625
0 0.3740234375 0.486328125 0.05078125 0.06640625
0 0.2841796875 0.46484375 0.0400390625 0.06640625
0 0.2822265625 0.572265625 0.0390625 0.0810546875
0 0.326171875 0.5830078125 0.0390625 0.0810546875
0 0.904296875 0.3984375 0.044921875 0.0654296875
0 0.1572265625 0.55859375 0.0419921875 0.0732421875
0 0.4736328125 0.5244140625 0.0341796875 0.0732421875
0 0.419921875 0.6328125 0.0419921875 0.07421875
0 0.357421875 0.326171875 0.03515625 0.0576171875
0 0.361328125 0.5263671875 0.0576171875 0.0712890625
1 0.654296875 0.486328125 0.0341796875 0.08203125
0 0.63671875 0.375 0.0390625 0.0625
0 0.41796875 0.322265625 0.029296875 0.0556640625
0 0.4013671875 0.40234375 0.052734375 0.0576171875
0 0.5107421875 0.4580078125 0.03125 0.07421875
0 0.744140625 0.5634765625 0.0390625 0.0732421875