0 0.400390625 0.375 0.052734375 0.072265625
0 0.427734375 0.2998046875 0.052734375 0.072265625
0 0.484375 0.3974609375 0.03515625 0.0654296875
0 0.3798828125 0.4609375 0.052734375 0.078125
0 0.484375 0.4560546875 0.05078125 0.0673828125
0 0.255859375 0.376953125 0.0458984375 0.068359375
0 0.5966796875 0.5107421875 0.05078125 0.080078125
0 0.4208984375 0.4814453125 0.0380859375 0.091796875
0 0.650390625 0.373046875 0.0361328125 0.078125
1 0.75390625 0.375 0.03125 0.0810546875
0 0.63671875 0.5224609375 0.041015625 0.0810546875