0 0.7919921875 0.3505859375 0.05078125 0.080078125
0 0.880859375 0.404296875 0.0380859375 0.083984375
0 0.8447265625 0.392578125 0.046875 0.083984375
0 0.7685546875 0.3466796875 0.03125 0.0693359375
0 0.212890625 0.330078125 0.048828125 0.07421875
0 0.73828125 0.33984375 0.0380859375 0.0703125
0 0.25390625 0.2900390625 0.0419921875 0.056640625
0 0.8583984375 0.32421875 0.0546875 0.0859375
0 0.97265625 0.37890625 0.0439453125 0.0927734375
0 0.4150390625 0.591796875 0.044921875 0.0888671875
0 0.486328125 0.2822265625 0.033203125 0.07421875
0 0.3232421875 0.44140625 0.0517578125 0.0673828125
1 0.4052734375 0.357421875 0.0361328125 0.0849609375
0 0.4462890625 0.2734375 0.0322265625 0.076171875
0 0.279296875 0.5634765625 0.0478515625 0.0810546875