0 0.41015625 0.5068359375 0.0546875 0.0478515625
0 0.4091796875 0.552734375 0.0498046875 0.05078125
0 0.322265625 0.498046875 0.04296875 0.046875
0 0.3154296875 0.556640625 0.046875 0.0712890625
0 0.3896484375 0.466796875 0.044921875 0.0419921875
0 0.3056640625 0.474609375 0.05078125 0.0576171875
0 0.5380859375 0.515625 0.044921875 0.0712890625
0 0.4443359375 0.5732421875 0.0546875 0.078125
0 0.2822265625 0.4541015625 0.03515625 0.0576171875
0 0.4326171875 0.6298828125 0.0341796875 0.0810546875
0 0.1640625 0.515625 0.0341796875 0.083984375
1 0.642578125 0.494140625 0.037109375 0.0712890625
0 0.2958984375 0.3974609375 0.0419921875 0.0703125
0 0.1162109375 0.54296875 0.0390625 0.076171875
0 0.591796875 0.3779296875 0.0244140625 0.0654296875
0 0.734375 0.5478515625 0.03125 0.0888671875
0 0.7724609375 0.3740234375 0.0322265625 0.0732421875
0 0.509765625 0.4609375 0.0341796875 0.0654296875
0 0.384765625 0.3232421875 0.03125 0.05859375
0 0.302734375 0.3193359375 0.05078125 0.0634765625
0 0.3427734375 0.6376953125 0.0576171875 0.07421875