1 0.5625 0.2646484375 0.0234375 0.0517578125
0 0.7177734375 0.6689453125 0.0244140625 0.0390625
0 0.3447265625 0.56640625 0.0302734375 0.0478515625
0 0.69921875 0.666015625 0.025390625 0.041015625
0 0.84765625 0.3408203125 0.0390625 0.0498046875
0 0.3125 0.560546875 0.0390625 0.05078125
0 0.4365234375 0.5341796875 0.0439453125 0.0546875
1 0.0537109375 0.458984375 0.025390625 0.0634765625
1 0.6826171875 0.537109375 0.0234375 0.0634765625
0 0.32421875 0.5 0.02734375 0.0546875
0 0.82421875 0.3046875 0.0380859375 0.052734375
0 0.9287109375 0.35546875 0.0390625 0.0546875
0 0.884765625 0.4453125 0.03515625 0.052734375
0 0.30078125 0.48046875 0.0224609375 0.0654296875
0 0.6376953125 0.455078125 0.033203125 0.0625
0 0.8544921875 0.4326171875 0.0390625 0.0537109375
0 0.5234375 0.56640625 0.03125 0.064453125