0 0.3408203125 0.4296875 0.02734375 0.046875
0 0.2734375 0.3251953125 0.0205078125 0.076171875
0 0.45703125 0.4921875 0.0390625 0.0791015625
0 0.5439453125 0.4306640625 0.02734375 0.060546875
0 0.2822265625 0.3583984375 0.025390625 0.0751953125
0 0.2998046875 0.451171875 0.03125 0.083984375
0 0.3291015625 0.484375 0.03515625 0.087890625
0 0.4189453125 0.4677734375 0.0361328125 0.0859375
1 0.45703125 0.4931640625 0.0390625 0.0791015625
0 0.3115234375 0.583984375 0.0361328125 0.0927734375
0 0.54296875 0.4853515625 0.025390625 0.0830078125
0 0.1904296875 0.466796875 0.0302734375 0.0810546875
0 0.6328125 0.634765625 0.03125 0.08984375
1 0.08984375 0.435546875 0.046875 0.0791015625
0 0.3779296875 0.419921875 0.03125 0.078125
0 0.62109375 0.333984375 0.0283203125 0.076171875
0 0.4970703125 0.380859375 0.0263671875 0.0751953125
0 0.5732421875 0.61328125 0.029296875 0.0869140625
0 0.4208984375 0.3408203125 0.0244140625 0.0771484375
0 0.357421875 0.490234375 0.0361328125 0.08984375
0 0.646484375 0.59765625 0.0302734375 0.0859375
0 0.158203125 0.470703125 0.03125 0.0869140625
0 0.2587890625 0.4921875 0.03515625 0.08203125