0 0.6728515625 0.4091796875 0.0458984375 0.078125
0 0.755859375 0.4775390625 0.0361328125 0.0810546875
0 0.69140625 0.439453125 0.052734375 0.0888671875
0 0.4765625 0.251953125 0.02734375 0.0634765625
0 0.38671875 0.3388671875 0.03125 0.08203125
0 0.408203125 0.2578125 0.03125 0.078125
0 0.7451171875 0.392578125 0.046875 0.0849609375
0 0.78515625 0.466796875 0.0517578125 0.0810546875
0 0.150390625 0.380859375 0.0625 0.0703125
0 0.876953125 0.4453125 0.0419921875 0.09375
0 0.2392578125 0.482421875 0.06640625 0.07421875
1 0.291015625 0.421875 0.0419921875 0.0908203125
0 0.1982421875 0.345703125 0.0458984375 0.0654296875
0 0.3173828125 0.6181640625 0.05859375 0.08203125
0 0.1796875 0.595703125 0.041015625 0.0673828125
0 0.3310546875 0.333984375 0.0390625 0.0771484375