0 0.5859375 0.443359375 0.037109375 0.037109375
0 0.568359375 0.4677734375 0.03515625 0.044921875
0 0.51953125 0.494140625 0.05078125 0.0419921875
0 0.603515625 0.423828125 0.03515625 0.0478515625
0 0.515625 0.4599609375 0.04296875 0.0419921875
0 0.515625 0.515625 0.052734375 0.05859375
0 0.603515625 0.5009765625 0.0419921875 0.0576171875
0 0.6240234375 0.3720703125 0.03515625 0.0654296875
0 0.6044921875 0.3251953125 0.03125 0.05859375
0 0.3759765625 0.26953125 0.0234375 0.0576171875
0 0.744140625 0.4541015625 0.03515625 0.076171875
0 0.521484375 0.4111328125 0.0546875 0.0400390625
1 0.3203125 0.46484375 0.03125 0.060546875
0 0.599609375 0.2685546875 0.0244140625 0.0625
0 0.626953125 0.70703125 0.0478515625 0.0859375
0 0.3349609375 0.31640625 0.0234375 0.0576171875
0 0.603515625 0.5546875 0.046875 0.078125
0 0.3134765625 0.568359375 0.029296875 0.076171875
0 0.2841796875 0.3642578125 0.03125 0.0556640625
0 0.2314453125 0.505859375 0.03125 0.06640625
0 0.4306640625 0.3984375 0.03515625 0.0556640625
0 0.3671875 0.701171875 0.0400390625 0.07421875