0 0.71484375 0.3408203125 0.0263671875 0.0380859375
0 0.7294921875 0.41015625 0.03515625 0.05859375
0 0.69140625 0.40625 0.0361328125 0.07421875
0 0.740234375 0.3583984375 0.02734375 0.046875
0 0.67578125 0.3330078125 0.0283203125 0.04296875
0 0.505859375 0.275390625 0.0341796875 0.0419921875
1 0.453125 0.384765625 0.0283203125 0.060546875
0 0.666015625 0.37890625 0.0390625 0.0634765625
0 0.390625 0.3251953125 0.01953125 0.04296875
0 0.564453125 0.396484375 0.0322265625 0.0478515625
0 0.5576171875 0.35546875 0.029296875 0.0556640625
0 0.673828125 0.6259765625 0.037109375 0.0615234375
0 0.6953125 0.2890625 0.0283203125 0.04296875
0 0.8505859375 0.388671875 0.0341796875 0.0654296875
0 0.8115234375 0.35546875 0.0341796875 0.0556640625
0 0.580078125 0.4580078125 0.048828125 0.0537109375
0 0.7255859375 0.505859375 0.033203125 0.0654296875
0 0.607421875 0.623046875 0.0341796875 0.0654296875
0 0.36328125 0.490234375 0.044921875 0.05859375