0 0.380859375 0.443359375 0.0390625 0.0673828125
0 0.416015625 0.421875 0.03515625 0.05078125
0 0.45703125 0.4775390625 0.0390625 0.0751953125
0 0.4111328125 0.4853515625 0.0400390625 0.083984375
0 0.279296875 0.4609375 0.03125 0.078125
0 0.2744140625 0.541015625 0.03125 0.046875
0 0.3134765625 0.5234375 0.046875 0.06640625
0 0.353515625 0.4072265625 0.0498046875 0.0625
0 0.3427734375 0.546875 0.0361328125 0.087890625
0 0.2421875 0.462890625 0.0380859375 0.078125
0 0.58984375 0.4306640625 0.033203125 0.068359375
1 0.755859375 0.4541015625 0.03515625 0.076171875
0 0.5654296875 0.52734375 0.03515625 0.0703125
0 0.5625 0.640625 0.0458984375 0.0849609375
0 0.5205078125 0.6318359375 0.0517578125 0.08203125
0 0.6845703125 0.3583984375 0.0322265625 0.07421875
0 0.6201171875 0.5498046875 0.05078125 0.0810546875
0 0.888671875 0.5087890625 0.0361328125 0.0751953125
0 0.4931640625 0.390625 0.03515625 0.0703125