0 0.333984375 0.494140625 0.0341796875 0.052734375
0 0.3779296875 0.5341796875 0.0498046875 0.0498046875
0 0.3935546875 0.5751953125 0.0556640625 0.05859375
0 0.515625 0.470703125 0.03125 0.052734375
0 0.37890625 0.50390625 0.05078125 0.0546875
0 0.31640625 0.47265625 0.029296875 0.0576171875
0 0.322265625 0.560546875 0.04296875 0.060546875
0 0.71875 0.359375 0.02734375 0.0498046875
0 0.19921875 0.5068359375 0.0322265625 0.0791015625
0 0.4296875 0.2900390625 0.02734375 0.05078125
0 0.455078125 0.6572265625 0.03515625 0.0703125
1 0.6455078125 0.5 0.03125 0.068359375
0 0.380859375 0.2880859375 0.037109375 0.0478515625
0 0.5185546875 0.525390625 0.0400390625 0.06640625
0 0.140625 0.494140625 0.0400390625 0.0654296875
0 0.4111328125 0.3837890625 0.046875 0.0546875
0 0.533203125 0.3984375 0.029296875 0.0625
0 0.3759765625 0.642578125 0.0478515625 0.0732421875
0 0.7333984375 0.5185546875 0.0322265625 0.0712890625