0 0.521484375 0.4951171875 0.046875 0.04296875
0 0.583984375 0.443359375 0.0400390625 0.03515625
0 0.5673828125 0.46875 0.037109375 0.046875
0 0.5166015625 0.462890625 0.0419921875 0.04296875
0 0.5146484375 0.5166015625 0.0478515625 0.0546875
0 0.603515625 0.4248046875 0.0390625 0.0498046875
0 0.603515625 0.5 0.0419921875 0.05859375
0 0.60546875 0.3251953125 0.029296875 0.05859375
0 0.369140625 0.26953125 0.01953125 0.0576171875
0 0.744140625 0.453125 0.0322265625 0.07421875
0 0.521484375 0.4111328125 0.0546875 0.0400390625
0 0.6240234375 0.3720703125 0.03515625 0.0654296875
0 0.599609375 0.2685546875 0.0244140625 0.0625
1 0.3212890625 0.4638671875 0.0322265625 0.05859375
0 0.3359375 0.318359375 0.0244140625 0.0576171875
0 0.626953125 0.7060546875 0.0478515625 0.083984375
0 0.302734375 0.5615234375 0.0263671875 0.08203125
0 0.603515625 0.5546875 0.04296875 0.078125
0 0.2314453125 0.505859375 0.03125 0.06640625
0 0.283203125 0.36328125 0.029296875 0.0576171875
0 0.3671875 0.701171875 0.0400390625 0.07421875
0 0.431640625 0.3984375 0.037109375 0.0556640625