0 0.4287109375 0.53515625 0.0478515625 0.0478515625
0 0.36328125 0.5166015625 0.0419921875 0.0546875
0 0.3349609375 0.466796875 0.0419921875 0.0341796875
0 0.3369140625 0.5478515625 0.044921875 0.0703125
0 0.4208984375 0.501953125 0.044921875 0.04296875
0 0.4423828125 0.5673828125 0.0341796875 0.078125
0 0.529296875 0.458984375 0.02734375 0.0546875
0 0.337890625 0.4921875 0.0390625 0.04296875
1 0.669921875 0.49609375 0.03125 0.0732421875
0 0.310546875 0.46484375 0.0322265625 0.060546875
0 0.544921875 0.509765625 0.02734375 0.076171875
0 0.193359375 0.501953125 0.0234375 0.0859375
0 0.4111328125 0.28515625 0.021484375 0.0576171875
0 0.708984375 0.5029296875 0.0244140625 0.078125
0 0.54296875 0.3935546875 0.0263671875 0.0625
0 0.318359375 0.2841796875 0.03515625 0.0556640625
0 0.4306640625 0.642578125 0.03515625 0.076171875
0 0.681640625 0.373046875 0.021484375 0.0625
0 0.126953125 0.484375 0.03515625 0.0654296875
0 0.33203125 0.6455078125 0.0576171875 0.0712890625
0 0.333984375 0.376953125 0.04296875 0.0625