0 0.75 0.4228515625 0.0400390625 0.0390625
0 0.7529296875 0.404296875 0.0400390625 0.037109375
0 0.537109375 0.466796875 0.03515625 0.06640625
0 0.662109375 0.408203125 0.0546875 0.0498046875
0 0.5458984375 0.4267578125 0.0419921875 0.0498046875
0 0.900390625 0.4326171875 0.0400390625 0.078125
1 0.408203125 0.443359375 0.0322265625 0.0634765625
0 0.46484375 0.380859375 0.0322265625 0.052734375
0 0.310546875 0.34765625 0.0322265625 0.0546875
0 0.9287109375 0.455078125 0.03515625 0.07421875
0 0.7275390625 0.3505859375 0.0546875 0.05078125
0 0.771484375 0.470703125 0.04296875 0.06640625
0 0.837890625 0.484375 0.046875 0.0654296875
0 0.6611328125 0.568359375 0.04296875 0.0810546875
0 0.294921875 0.474609375 0.03125 0.07421875
0 0.7783203125 0.5712890625 0.0712890625 0.076171875