0 0.341796875 0.3896484375 0.0400390625 0.0390625
0 0.275390625 0.439453125 0.0419921875 0.0625
0 0.27734375 0.39453125 0.03515625 0.0419921875
0 0.302734375 0.4140625 0.0390625 0.046875
0 0.353515625 0.423828125 0.0390625 0.0478515625
0 0.802734375 0.3994140625 0.0263671875 0.0703125
0 0.3681640625 0.4453125 0.0322265625 0.0625
0 0.265625 0.3759765625 0.0400390625 0.0546875
0 0.15234375 0.3984375 0.0234375 0.0712890625
0 0.3486328125 0.353515625 0.04296875 0.046875
0 0.4560546875 0.384765625 0.03125 0.046875
1 0.5732421875 0.400390625 0.03125 0.0625
0 0.357421875 0.3076171875 0.029296875 0.052734375
0 0.5751953125 0.5107421875 0.03125 0.07421875
0 0.28125 0.50390625 0.0556640625 0.0703125
0 0.46484375 0.4306640625 0.029296875 0.0634765625
0 0.6279296875 0.5712890625 0.03125 0.076171875
0 0.263671875 0.587890625 0.0556640625 0.0703125
0 0.291015625 0.2998046875 0.0390625 0.05859375
0 0.091796875 0.388671875 0.0341796875 0.0634765625
0 0.2412109375 0.69140625 0.060546875 0.08203125
0 0.380859375 0.6884765625 0.0400390625 0.076171875