0 0.8740234375 0.5751953125 0.02734375 0.05078125
0 0.251953125 0.4609375 0.0419921875 0.05078125
0 0.513671875 0.6103515625 0.03125 0.068359375
0 0.076171875 0.55859375 0.0390625 0.0546875
0 0.7705078125 0.5849609375 0.03125 0.0546875
0 0.908203125 0.583984375 0.03515625 0.068359375
0 0.3212890625 0.5966796875 0.0283203125 0.046875
0 0.6494140625 0.611328125 0.0380859375 0.0625
0 0.4833984375 0.626953125 0.0390625 0.0732421875
0 0.947265625 0.6337890625 0.0390625 0.078125
0 0.0458984375 0.5634765625 0.05078125 0.0654296875
0 0.384765625 0.5908203125 0.041015625 0.0751953125
0 0.837890625 0.6318359375 0.041015625 0.08203125