0 0.3701171875 0.3857421875 0.02734375 0.04296875
0 0.34375 0.4111328125 0.0400390625 0.052734375
0 0.427734375 0.439453125 0.0478515625 0.05078125
0 0.3818359375 0.48828125 0.041015625 0.0693359375
0 0.37890625 0.44140625 0.0361328125 0.0419921875
0 0.404296875 0.54296875 0.04296875 0.0712890625
0 0.4375 0.4873046875 0.0517578125 0.0703125
0 0.42578125 0.408203125 0.0546875 0.0556640625
0 0.271484375 0.41015625 0.0322265625 0.0673828125
0 0.36328125 0.525390625 0.0498046875 0.0732421875
0 0.3583984375 0.427734375 0.0576171875 0.0625
0 0.591796875 0.3515625 0.029296875 0.06640625
0 0.205078125 0.5224609375 0.0390625 0.0625
0 0.6015625 0.5380859375 0.0380859375 0.0751953125
0 0.4560546875 0.3984375 0.0361328125 0.0693359375
0 0.2080078125 0.4580078125 0.0380859375 0.07421875
0 0.56640625 0.42578125 0.03125 0.0703125
0 0.5576171875 0.4990234375 0.041015625 0.0615234375
0 0.892578125 0.4814453125 0.0302734375 0.0712890625
1 0.7177734375 0.458984375 0.0390625 0.07421875
0 0.3876953125 0.658203125 0.0498046875 0.0810546875
0 0.4892578125 0.6572265625 0.0419921875 0.078125