0 0.3056640625 0.3466796875 0.0244140625 0.0478515625
0 0.56640625 0.48828125 0.025390625 0.048828125
0 0.4482421875 0.365234375 0.0234375 0.0419921875
0 0.5576171875 0.447265625 0.0234375 0.0419921875
0 0.2822265625 0.349609375 0.0244140625 0.048828125
0 0.3193359375 0.396484375 0.0234375 0.0517578125
1 0.0126953125 0.2880859375 0.0205078125 0.0498046875
0 0.61328125 0.375 0.025390625 0.048828125
0 0.2197265625 0.4228515625 0.0322265625 0.0537109375
0 0.4736328125 0.337890625 0.0380859375 0.0400390625
1 0.5625 0.3828125 0.025390625 0.05078125
0 0.4697265625 0.4072265625 0.02734375 0.0498046875
0 0.1728515625 0.380859375 0.025390625 0.0498046875
0 0.578125 0.6513671875 0.0361328125 0.04296875
0 0.216796875 0.349609375 0.02734375 0.046875
0 0.744140625 0.646484375 0.0263671875 0.0546875
0 0.51953125 0.4453125 0.0400390625 0.0546875
0 0.87109375 0.416015625 0.0302734375 0.048828125