0 0.4951171875 0.46484375 0.041015625 0.087890625
0 0.4580078125 0.4853515625 0.0419921875 0.0625
0 0.453125 0.43359375 0.0390625 0.048828125
0 0.515625 0.48046875 0.0537109375 0.1015625
0 0.4404296875 0.5517578125 0.0673828125 0.1025390625
0 0.60546875 0.43359375 0.064453125 0.0927734375
0 0.2841796875 0.4033203125 0.05859375 0.07421875
0 0.5517578125 0.51171875 0.0546875 0.09765625
0 0.484375 0.4033203125 0.0458984375 0.0732421875
0 0.3671875 0.482421875 0.0546875 0.103515625
0 0.4169921875 0.310546875 0.052734375 0.06640625
0 0.73046875 0.50390625 0.0439453125 0.0859375
0 0.6181640625 0.50390625 0.0556640625 0.0947265625
0 0.2099609375 0.5634765625 0.07421875 0.0947265625
1 0.0439453125 0.47265625 0.05078125 0.09765625