0 0.1015625 0.5478515625 0.0302734375 0.0546875
1 0.8017578125 0.4697265625 0.0185546875 0.04296875
0 0.3486328125 0.5078125 0.025390625 0.046875
0 0.1416015625 0.583984375 0.0205078125 0.04296875
0 0.58203125 0.4736328125 0.01953125 0.04296875
0 0.0107421875 0.431640625 0.021484375 0.041015625
0 0.4423828125 0.4697265625 0.0224609375 0.0400390625
0 0.0859375 0.4404296875 0.0390625 0.046875
0 0.126953125 0.6337890625 0.025390625 0.052734375
0 0.1162109375 0.578125 0.03515625 0.041015625
0 0.296875 0.5830078125 0.0283203125 0.0458984375
0 0.2236328125 0.6416015625 0.0322265625 0.0546875