0 0.5224609375 0.3720703125 0.046875 0.0771484375
0 0.384765625 0.40625 0.068359375 0.1240234375
0 0.51953125 0.4775390625 0.08203125 0.1123046875
0 0.412109375 0.32421875 0.046875 0.0625
0 0.349609375 0.396484375 0.060546875 0.1201171875
0 0.69921875 0.3603515625 0.0771484375 0.1083984375
0 0.302734375 0.4287109375 0.05078125 0.091796875
0 0.4609375 0.5771484375 0.07421875 0.150390625
0 0.7421875 0.525390625 0.0595703125 0.1337890625
0 0.02734375 0.3798828125 0.0517578125 0.09765625
0 0.1611328125 0.484375 0.06640625 0.1103515625