0 0.61328125 0.599609375 0.0400390625 0.08203125
0 0.595703125 0.5126953125 0.060546875 0.0771484375
0 0.58203125 0.546875 0.0478515625 0.0869140625
0 0.609375 0.4326171875 0.046875 0.0419921875
0 0.61328125 0.478515625 0.0537109375 0.078125
1 0.2265625 0.5419921875 0.0361328125 0.0888671875
0 0.51171875 0.451171875 0.037109375 0.0654296875
0 0.783203125 0.515625 0.0546875 0.087890625
0 0.52734375 0.544921875 0.046875 0.078125
0 0.43359375 0.4091796875 0.0380859375 0.05859375
0 0.4208984375 0.501953125 0.041015625 0.0859375