0 0.560546875 0.5693359375 0.03515625 0.044921875
0 0.54296875 0.517578125 0.0419921875 0.044921875
1 0.8779296875 0.30078125 0.0244140625 0.05078125
0 0.5390625 0.494140625 0.04296875 0.04296875
0 0.5771484375 0.603515625 0.0478515625 0.05859375
1 0.201171875 0.560546875 0.0263671875 0.076171875
0 0.7001953125 0.5400390625 0.0400390625 0.0703125
0 0.4775390625 0.5810546875 0.0478515625 0.052734375
0 0.4248046875 0.41015625 0.03125 0.0576171875
0 0.71875 0.5126953125 0.03125 0.0625
0 0.4853515625 0.626953125 0.05078125 0.08203125
0 0.396484375 0.298828125 0.0234375 0.0478515625
0 0.4912109375 0.4248046875 0.0419921875 0.0400390625
0 0.248046875 0.3525390625 0.0234375 0.0634765625
0 0.2998046875 0.4189453125 0.0341796875 0.0654296875
0 0.4453125 0.4736328125 0.052734375 0.0498046875
0 0.515625 0.2978515625 0.037109375 0.044921875
0 0.439453125 0.5126953125 0.0546875 0.0625
0 0.25390625 0.619140625 0.0322265625 0.078125