0 0.2822265625 0.416015625 0.0234375 0.037109375
0 0.5869140625 0.4619140625 0.01953125 0.05078125
1 0.8388671875 0.4755859375 0.0234375 0.0546875
0 0.259765625 0.3857421875 0.0205078125 0.0419921875
0 0.30078125 0.4951171875 0.021484375 0.044921875
1 0.359375 0.34375 0.017578125 0.04296875
0 0.3876953125 0.6015625 0.0234375 0.0615234375
0 0.333984375 0.478515625 0.0322265625 0.0419921875
0 0.0517578125 0.416015625 0.0205078125 0.041015625
0 0.451171875 0.4423828125 0.021484375 0.044921875
0 0.01953125 0.4150390625 0.033203125 0.0390625
0 0.30859375 0.5361328125 0.03125 0.0546875
0 0.18359375 0.634765625 0.0263671875 0.0576171875
0 0.3154296875 0.396484375 0.0380859375 0.048828125
0 0.216796875 0.478515625 0.01953125 0.0390625
0 0.5166015625 0.578125 0.037109375 0.0498046875
0 0.3544921875 0.513671875 0.0390625 0.04296875
0 0.1083984375 0.4091796875 0.0380859375 0.0439453125