0 0.25390625 0.30859375 0.029296875 0.03515625
0 0.224609375 0.375 0.03515625 0.0400390625
0 0.12109375 0.548828125 0.0322265625 0.0478515625
0 0.2763671875 0.599609375 0.0400390625 0.0400390625
0 0.8603515625 0.470703125 0.0234375 0.0478515625
0 0.123046875 0.513671875 0.0263671875 0.044921875
1 0.455078125 0.521484375 0.0263671875 0.044921875
0 0.224609375 0.48046875 0.02734375 0.0322265625
0 0.21875 0.6513671875 0.03125 0.046875
0 0.58984375 0.2998046875 0.01953125 0.0400390625
0 0.2060546875 0.560546875 0.0400390625 0.0498046875
0 0.583984375 0.3798828125 0.021484375 0.04296875
0 0.8984375 0.58203125 0.021484375 0.0546875
0 0.650390625 0.55859375 0.0234375 0.0546875
0 0.2919921875 0.51171875 0.037109375 0.03515625
0 0.6083984375 0.654296875 0.0263671875 0.0498046875
0 0.220703125 0.4228515625 0.03515625 0.0419921875
0 0.640625 0.453125 0.021484375 0.046875
0 0.306640625 0.462890625 0.0341796875 0.037109375
0 0.291015625 0.5556640625 0.0498046875 0.03515625