0 0.4462890625 0.4482421875 0.0390625 0.04296875
1 0.619140625 0.423828125 0.0400390625 0.0634765625
0 0.455078125 0.3759765625 0.0400390625 0.044921875
0 0.724609375 0.7607421875 0.0400390625 0.0400390625
0 0.4521484375 0.41796875 0.044921875 0.0390625
0 0.5341796875 0.3212890625 0.0341796875 0.0478515625
0 0.392578125 0.4736328125 0.0390625 0.05859375
0 0.376953125 0.330078125 0.0341796875 0.0576171875
0 0.396484375 0.634765625 0.0244140625 0.060546875
0 0.3759765625 0.4091796875 0.0419921875 0.04296875
0 0.4736328125 0.47265625 0.0498046875 0.0419921875
0 0.775390625 0.390625 0.0263671875 0.05859375
0 0.873046875 0.501953125 0.0341796875 0.0634765625
0 0.369140625 0.560546875 0.0400390625 0.0625
0 0.2587890625 0.4404296875 0.0322265625 0.068359375
0 0.5478515625 0.5419921875 0.03515625 0.0712890625
0 0.3369140625 0.369140625 0.05078125 0.0546875
0 0.615234375 0.6337890625 0.037109375 0.06640625