0 0.44140625 0.296875 0.029296875 0.07421875
0 0.330078125 0.392578125 0.0390625 0.0576171875
1 0.916015625 0.44921875 0.0341796875 0.0791015625
0 0.4501953125 0.478515625 0.04296875 0.0791015625
1 0.0302734375 0.326171875 0.0322265625 0.078125
0 0.3642578125 0.3935546875 0.04296875 0.07421875
0 0.9169921875 0.607421875 0.05859375 0.076171875
0 0.759765625 0.44140625 0.03125 0.076171875
0 0.384765625 0.470703125 0.044921875 0.083984375
0 0.4609375 0.533203125 0.046875 0.0869140625
0 0.2626953125 0.4453125 0.0400390625 0.0810546875