0 0.5419921875 0.51953125 0.04296875 0.044921875
0 0.5322265625 0.3642578125 0.029296875 0.0498046875
0 0.5595703125 0.568359375 0.037109375 0.04296875
1 0.876953125 0.3017578125 0.0244140625 0.052734375
0 0.5390625 0.4951171875 0.04296875 0.046875
0 0.576171875 0.603515625 0.05078125 0.05859375
1 0.19140625 0.5576171875 0.0234375 0.0810546875
0 0.6982421875 0.5380859375 0.0400390625 0.0732421875
0 0.3955078125 0.298828125 0.0244140625 0.0478515625
0 0.4755859375 0.58203125 0.0478515625 0.05078125
0 0.3388671875 0.4013671875 0.02734375 0.0556640625
0 0.248046875 0.3544921875 0.021484375 0.0625
0 0.4248046875 0.416015625 0.0244140625 0.0576171875
0 0.4912109375 0.4248046875 0.0419921875 0.0400390625
0 0.439453125 0.51171875 0.0546875 0.0634765625
0 0.7177734375 0.51171875 0.0322265625 0.0634765625
0 0.4453125 0.47265625 0.052734375 0.05078125
0 0.298828125 0.615234375 0.029296875 0.0732421875
0 0.513671875 0.2978515625 0.037109375 0.044921875
0 0.4814453125 0.6279296875 0.0625 0.0712890625