0 0.3271484375 0.2373046875 0.02734375 0.03515625
0 0.66796875 0.4111328125 0.02734375 0.0537109375
0 0.5341796875 0.4384765625 0.0244140625 0.0439453125
0 0.5185546875 0.2333984375 0.02734375 0.0283203125
0 0.693359375 0.4150390625 0.03125 0.0478515625
0 0.5517578125 0.576171875 0.0361328125 0.0693359375
0 0.568359375 0.423828125 0.0498046875 0.03125
1 0.3544921875 0.3974609375 0.0205078125 0.046875
0 0.4072265625 0.2392578125 0.025390625 0.0390625
0 0.4462890625 0.427734375 0.02734375 0.0419921875
0 0.6611328125 0.529296875 0.0283203125 0.05859375
0 0.53125 0.48046875 0.02734375 0.0546875
0 0.5166015625 0.5791015625 0.03125 0.0625
0 0.70703125 0.546875 0.02734375 0.0556640625
0 0.25390625 0.48046875 0.0419921875 0.0546875
0 0.423828125 0.5283203125 0.0390625 0.0537109375
0 0.390625 0.4677734375 0.0400390625 0.037109375