0 0.138671875 0.46484375 0.048828125 0.0859375
0 0.1005859375 0.515625 0.0634765625 0.1455078125
0 0.2978515625 0.4365234375 0.05859375 0.0986328125
0 0.3955078125 0.4453125 0.0498046875 0.064453125
0 0.3525390625 0.416015625 0.0693359375 0.078125
0 0.15234375 0.419921875 0.05859375 0.11328125
0 0.689453125 0.4990234375 0.06640625 0.1220703125
0 0.2001953125 0.5625 0.0595703125 0.1455078125
0 0.7392578125 0.3056640625 0.0625 0.087890625
0 0.7421875 0.490234375 0.0673828125 0.109375
0 0.76953125 0.4111328125 0.06640625 0.09765625
0 0.240234375 0.44921875 0.0625 0.09765625
0 0.4052734375 0.4921875 0.0595703125 0.1220703125
0 0.25390625 0.5390625 0.05859375 0.142578125
0 0.5283203125 0.4931640625 0.0625 0.13671875
0 0.4619140625 0.490234375 0.08203125 0.1298828125
0 0.876953125 0.3330078125 0.068359375 0.119140625
1 0.69140625 0.2744140625 0.0556640625 0.1064453125
0 0.3525390625 0.529296875 0.078125 0.1328125