0 0.5859375 0.25 0.1083984375 0.0625
0 0.36328125 0.2646484375 0.1015625 0.0869140625
0 0.10546875 0.41796875 0.0830078125 0.0888671875
0 0.4052734375 0.3193359375 0.091796875 0.169921875
0 0.501953125 0.37109375 0.0927734375 0.123046875
0 0.126953125 0.3017578125 0.0810546875 0.162109375
0 0.595703125 0.361328125 0.0869140625 0.1708984375
0 0.158203125 0.455078125 0.125 0.14453125
0 0.2958984375 0.4375 0.0927734375 0.119140625
0 0.4345703125 0.494140625 0.109375 0.16796875
0 0.037109375 0.3544921875 0.0703125 0.1708984375