0 0.72265625 0.322265625 0.0546875 0.1240234375
0 0.896484375 0.240234375 0.0478515625 0.03515625
0 0.78125 0.267578125 0.0703125 0.08984375
0 0.7734375 0.3671875 0.064453125 0.1015625
0 0.6845703125 0.3486328125 0.06640625 0.11328125
0 0.9697265625 0.4853515625 0.060546875 0.177734375
0 0.375 0.345703125 0.0546875 0.115234375
0 0.560546875 0.5908203125 0.13671875 0.1689453125
0 0.91796875 0.353515625 0.07421875 0.1318359375
0 0.5224609375 0.3466796875 0.08203125 0.126953125
1 0.3232421875 0.28515625 0.0634765625 0.1220703125
0 0.0458984375 0.306640625 0.0791015625 0.12890625