0 0.5234375 0.458984375 0.052734375 0.05859375
0 0.05859375 0.3857421875 0.0263671875 0.083984375
0 0.453125 0.482421875 0.052734375 0.04296875
0 0.455078125 0.4501953125 0.05078125 0.046875
0 0.439453125 0.529296875 0.0732421875 0.0625
0 0.361328125 0.353515625 0.0244140625 0.0791015625
0 0.3076171875 0.326171875 0.0244140625 0.08203125
0 0.45703125 0.4033203125 0.044921875 0.0556640625
0 0.5576171875 0.505859375 0.0556640625 0.07421875
0 0.552734375 0.3623046875 0.05859375 0.078125
0 0.83203125 0.4501953125 0.0419921875 0.0810546875
0 0.607421875 0.34375 0.0546875 0.078125
0 0.6787109375 0.419921875 0.03515625 0.0888671875
0 0.1826171875 0.591796875 0.04296875 0.09375
0 0.1416015625 0.5146484375 0.0322265625 0.09765625
0 0.380859375 0.427734375 0.029296875 0.083984375
0 0.341796875 0.4873046875 0.05078125 0.083984375
0 0.54296875 0.5703125 0.0634765625 0.09375