0 0.466796875 0.490234375 0.0322265625 0.060546875
0 0.529296875 0.509765625 0.0390625 0.05859375
0 0.611328125 0.6044921875 0.0341796875 0.068359375
0 0.5166015625 0.4697265625 0.0322265625 0.0419921875
0 0.43359375 0.48828125 0.0419921875 0.06640625
0 0.513671875 0.388671875 0.0263671875 0.0556640625
0 0.5830078125 0.39453125 0.03125 0.0546875
0 0.435546875 0.431640625 0.04296875 0.0556640625
0 0.5703125 0.521484375 0.037109375 0.05859375
0 0.7734375 0.36328125 0.03125 0.0478515625
0 0.685546875 0.4541015625 0.0322265625 0.060546875
0 0.62890625 0.353515625 0.0419921875 0.046875
0 0.0302734375 0.568359375 0.0263671875 0.06640625
0 0.513671875 0.701171875 0.04296875 0.07421875
0 0.728515625 0.4873046875 0.03125 0.052734375
0 0.7568359375 0.69140625 0.03515625 0.060546875
0 0.7734375 0.595703125 0.02734375 0.060546875
0 0.361328125 0.455078125 0.04296875 0.0634765625