0 0.650390625 0.38671875 0.04296875 0.08203125
0 0.404296875 0.369140625 0.03515625 0.083984375
0 0.0498046875 0.388671875 0.0458984375 0.08203125
0 0.01953125 0.3505859375 0.0380859375 0.08984375
0 0.587890625 0.34375 0.0478515625 0.0703125
0 0.0849609375 0.3544921875 0.0380859375 0.0849609375
0 0.08984375 0.4609375 0.0390625 0.08984375
0 0.5146484375 0.4560546875 0.0390625 0.09375
0 0.333984375 0.435546875 0.0400390625 0.08984375
0 0.365234375 0.3837890625 0.03515625 0.0947265625
0 0.9267578125 0.58203125 0.05078125 0.08984375
0 0.705078125 0.5546875 0.060546875 0.076171875
0 0.1982421875 0.5546875 0.03515625 0.087890625
0 0.4375 0.494140625 0.0390625 0.0888671875