0 0.59765625 0.55078125 0.0546875 0.1015625
0 0.712890625 0.462890625 0.0546875 0.0888671875
0 0.6328125 0.4677734375 0.0498046875 0.0732421875
0 0.646484375 0.5205078125 0.0322265625 0.05859375
0 0.634765625 0.583984375 0.0576171875 0.09375
0 0.4921875 0.5185546875 0.052734375 0.08984375
0 0.740234375 0.5185546875 0.0546875 0.109375
0 0.533203125 0.515625 0.0625 0.0966796875
0 0.7685546875 0.4638671875 0.068359375 0.0869140625
0 0.583984375 0.455078125 0.0654296875 0.08984375
0 0.6708984375 0.650390625 0.0791015625 0.0947265625
0 0.6953125 0.587890625 0.0712890625 0.09765625