0 0.373046875 0.3505859375 0.0244140625 0.0791015625
0 0.458984375 0.4287109375 0.046875 0.0419921875
0 0.6279296875 0.43359375 0.0341796875 0.0947265625
0 0.556640625 0.501953125 0.0576171875 0.07421875
0 0.5595703125 0.359375 0.04296875 0.0712890625
0 0.4580078125 0.46484375 0.0498046875 0.0576171875
0 0.326171875 0.3173828125 0.02734375 0.0810546875
0 0.4560546875 0.384765625 0.037109375 0.05078125
0 0.107421875 0.3837890625 0.029296875 0.0859375
0 0.4404296875 0.52734375 0.0712890625 0.060546875
0 0.607421875 0.345703125 0.0556640625 0.08203125
0 0.12890625 0.5078125 0.0390625 0.0966796875
0 0.83203125 0.447265625 0.0419921875 0.083984375
0 0.193359375 0.578125 0.044921875 0.1025390625
0 0.3828125 0.4248046875 0.03125 0.083984375
0 0.5439453125 0.568359375 0.0654296875 0.0947265625
0 0.3388671875 0.482421875 0.046875 0.083984375