0 0.3623046875 0.416015625 0.02734375 0.052734375
0 0.388671875 0.4736328125 0.04296875 0.068359375
0 0.2978515625 0.41796875 0.029296875 0.0478515625
0 0.3251953125 0.427734375 0.04296875 0.06640625
0 0.3828125 0.4140625 0.03125 0.052734375
1 0.5712890625 0.271484375 0.0263671875 0.060546875
0 0.8359375 0.3994140625 0.037109375 0.05078125
0 0.283203125 0.498046875 0.029296875 0.0732421875
0 0.84375 0.634765625 0.05859375 0.0703125
1 0.021484375 0.37890625 0.029296875 0.0634765625
0 0.265625 0.455078125 0.0341796875 0.0712890625
0 0.5810546875 0.396484375 0.03125 0.0546875
0 0.92578125 0.5556640625 0.0478515625 0.060546875
0 0.314453125 0.4912109375 0.0478515625 0.0634765625
0 0.8076171875 0.41796875 0.0341796875 0.0634765625
0 0.6884765625 0.369140625 0.044921875 0.052734375
0 0.9150390625 0.494140625 0.0546875 0.0732421875
0 0.8671875 0.669921875 0.0654296875 0.08203125
0 0.443359375 0.47265625 0.046875 0.076171875
0 0.796875 0.5849609375 0.0341796875 0.076171875
0 0.6708984375 0.587890625 0.0322265625 0.0810546875