0 0.587890625 0.4111328125 0.0419921875 0.04296875
0 0.60546875 0.396484375 0.044921875 0.0478515625
0 0.498046875 0.4326171875 0.0576171875 0.04296875
0 0.5625 0.443359375 0.0400390625 0.06640625
0 0.623046875 0.3896484375 0.04296875 0.060546875
0 0.716796875 0.4345703125 0.0478515625 0.0810546875
0 0.6083984375 0.4853515625 0.044921875 0.0703125
0 0.4716796875 0.384765625 0.037109375 0.0732421875
0 0.49609375 0.4619140625 0.0732421875 0.060546875
0 0.626953125 0.6318359375 0.04296875 0.0703125
0 0.509765625 0.3642578125 0.052734375 0.0712890625
0 0.2255859375 0.6953125 0.05078125 0.099609375
0 0.5068359375 0.517578125 0.0634765625 0.076171875
0 0.2822265625 0.583984375 0.044921875 0.0966796875
0 0.4931640625 0.2998046875 0.0322265625 0.0625
0 0.5693359375 0.603515625 0.060546875 0.0966796875
0 0.478515625 0.611328125 0.046875 0.091796875
0 0.6083984375 0.5546875 0.06640625 0.078125
0 0.5869140625 0.30078125 0.044921875 0.0732421875