0 0.4306640625 0.501953125 0.0703125 0.068359375
0 0.470703125 0.462890625 0.0556640625 0.0625
0 0.435546875 0.4404296875 0.0556640625 0.04296875
0 0.443359375 0.4130859375 0.0625 0.0419921875
0 0.564453125 0.4365234375 0.052734375 0.060546875
0 0.271484375 0.4521484375 0.046875 0.1015625
0 0.546875 0.5458984375 0.0498046875 0.1044921875
0 0.255859375 0.4248046875 0.044921875 0.0869140625
0 0.576171875 0.4951171875 0.0556640625 0.0712890625
0 0.439453125 0.53515625 0.0654296875 0.0732421875
0 0.626953125 0.3291015625 0.0263671875 0.0947265625
0 0.767578125 0.408203125 0.0341796875 0.099609375
0 0.6708984375 0.6123046875 0.044921875 0.125
0 0.822265625 0.306640625 0.0390625 0.09375
0 0.7705078125 0.5048828125 0.052734375 0.10546875
0 0.5517578125 0.3701171875 0.046875 0.08984375
0 0.4052734375 0.314453125 0.0546875 0.0869140625
0 0.3701171875 0.591796875 0.07421875 0.107421875
0 0.451171875 0.3310546875 0.05859375 0.0869140625