0 0.494140625 0.396484375 0.0341796875 0.05078125
0 0.5322265625 0.4697265625 0.0478515625 0.06640625
0 0.443359375 0.4853515625 0.04296875 0.06640625
0 0.359375 0.3720703125 0.0625 0.07421875
0 0.486328125 0.482421875 0.037109375 0.083984375
0 0.5478515625 0.4091796875 0.0478515625 0.0810546875
0 0.16015625 0.658203125 0.044921875 0.09375
0 0.5478515625 0.568359375 0.03515625 0.0966796875
0 0.572265625 0.544921875 0.037109375 0.07421875
1 0.255859375 0.517578125 0.0390625 0.08203125
0 0.6025390625 0.443359375 0.0478515625 0.0712890625
0 0.6875 0.49609375 0.037109375 0.0859375
0 0.333984375 0.44921875 0.0322265625 0.0791015625
0 0.3544921875 0.2734375 0.052734375 0.0625