0 0.5888671875 0.40234375 0.052734375 0.05078125
0 0.611328125 0.4326171875 0.0556640625 0.0712890625
0 0.5439453125 0.373046875 0.05859375 0.0498046875
0 0.765625 0.283203125 0.02734375 0.08203125
0 0.4990234375 0.4208984375 0.05078125 0.0478515625
0 0.6904296875 0.310546875 0.05859375 0.076171875
0 0.556640625 0.31640625 0.0263671875 0.06640625
0 0.2861328125 0.302734375 0.02734375 0.076171875
0 0.7568359375 0.3916015625 0.0322265625 0.0791015625
0 0.58203125 0.3388671875 0.03515625 0.0654296875
0 0.0732421875 0.498046875 0.0341796875 0.091796875
0 0.65625 0.3701171875 0.0556640625 0.0625
0 0.3759765625 0.5048828125 0.0390625 0.08984375
0 0.3369140625 0.392578125 0.029296875 0.0859375
0 0.46875 0.46484375 0.0810546875 0.0576171875
0 0.611328125 0.25390625 0.0263671875 0.0703125
0 0.62890625 0.384765625 0.05078125 0.05859375
0 0.345703125 0.595703125 0.046875 0.0869140625
0 0.5478515625 0.521484375 0.0634765625 0.0810546875
0 0.462890625 0.591796875 0.0625 0.09765625
0 0.748046875 0.443359375 0.0419921875 0.0791015625