0 0.4365234375 0.4404296875 0.0576171875 0.046875
0 0.4453125 0.412109375 0.0625 0.0400390625
0 0.4697265625 0.4609375 0.0576171875 0.0556640625
0 0.435546875 0.4951171875 0.068359375 0.0498046875
0 0.568359375 0.4970703125 0.06640625 0.068359375
0 0.853515625 0.3046875 0.029296875 0.0869140625
0 0.548828125 0.45703125 0.0625 0.0546875
0 0.5576171875 0.5595703125 0.0556640625 0.1181640625
0 0.59765625 0.3251953125 0.0322265625 0.08984375
0 0.7802734375 0.408203125 0.0322265625 0.1044921875
0 0.5546875 0.3798828125 0.052734375 0.0869140625
0 0.630859375 0.6083984375 0.0390625 0.11328125
0 0.40625 0.3134765625 0.0556640625 0.0947265625
0 0.4375 0.5400390625 0.068359375 0.0732421875
0 0.775390625 0.5068359375 0.0576171875 0.107421875
0 0.369140625 0.595703125 0.078125 0.115234375
0 0.453125 0.33203125 0.05859375 0.0859375