0 0.603515625 0.486328125 0.0419921875 0.0703125
0 0.5908203125 0.54296875 0.052734375 0.06640625
0 0.4921875 0.494140625 0.0556640625 0.0576171875
0 0.556640625 0.4951171875 0.05859375 0.052734375
0 0.32421875 0.51953125 0.0322265625 0.091796875
0 0.5986328125 0.443359375 0.0498046875 0.0390625
0 0.388671875 0.587890625 0.037109375 0.09375
0 0.6416015625 0.556640625 0.0419921875 0.083984375
0 0.578125 0.576171875 0.0556640625 0.09375
0 0.4716796875 0.5615234375 0.046875 0.09765625
0 0.33203125 0.453125 0.0322265625 0.0712890625
0 0.29296875 0.673828125 0.0322265625 0.1025390625
0 0.638671875 0.6298828125 0.0576171875 0.09375
0 0.876953125 0.4970703125 0.044921875 0.083984375
0 0.5048828125 0.4150390625 0.0341796875 0.0859375
0 0.484375 0.330078125 0.03125 0.0732421875
0 0.59765625 0.3291015625 0.0478515625 0.0732421875