0 0.5224609375 0.4599609375 0.0546875 0.060546875
0 0.5458984375 0.4345703125 0.03515625 0.04296875
0 0.4609375 0.408203125 0.0498046875 0.037109375
0 0.0556640625 0.388671875 0.0263671875 0.0810546875
0 0.45703125 0.427734375 0.044921875 0.044921875
0 0.439453125 0.53125 0.0712890625 0.05859375
0 0.357421875 0.35546875 0.0263671875 0.0791015625
0 0.5576171875 0.505859375 0.0556640625 0.07421875
0 0.455078125 0.470703125 0.05078125 0.06640625
0 0.55859375 0.3623046875 0.044921875 0.07421875
0 0.83203125 0.451171875 0.0419921875 0.08203125
0 0.3046875 0.3212890625 0.02734375 0.0791015625
0 0.607421875 0.345703125 0.0546875 0.078125
0 0.693359375 0.412109375 0.037109375 0.0859375
0 0.123046875 0.521484375 0.0400390625 0.0966796875
0 0.380859375 0.427734375 0.029296875 0.083984375
0 0.341796875 0.48828125 0.0498046875 0.0859375
0 0.1806640625 0.5966796875 0.0419921875 0.08984375
0 0.5439453125 0.5712890625 0.0654296875 0.0947265625