0 0.8857421875 0.46484375 0.0498046875 0.0849609375
0 0.796875 0.4658203125 0.041015625 0.08203125
0 0.765625 0.4931640625 0.0537109375 0.0888671875
0 0.8427734375 0.46875 0.056640625 0.10546875
0 0.36328125 0.404296875 0.052734375 0.0859375
0 0.9638671875 0.349609375 0.0556640625 0.0712890625
0 0.611328125 0.439453125 0.0439453125 0.0849609375
0 0.4755859375 0.482421875 0.046875 0.0947265625
0 0.7451171875 0.5498046875 0.0634765625 0.09375
0 0.66796875 0.4931640625 0.056640625 0.0966796875
0 0.9384765625 0.373046875 0.064453125 0.0810546875
1 0.0625 0.74609375 0.0498046875 0.0693359375
0 0.2734375 0.44140625 0.06640625 0.08203125