0 0.537109375 0.455078125 0.0478515625 0.0576171875
0 0.5654296875 0.4140625 0.046875 0.03125
0 0.400390625 0.423828125 0.037109375 0.0400390625
0 0.5703125 0.439453125 0.0400390625 0.0400390625
0 0.482421875 0.4287109375 0.0478515625 0.0419921875
0 0.4755859375 0.4599609375 0.044921875 0.044921875
0 0.482421875 0.40234375 0.0400390625 0.03515625
0 0.5517578125 0.380859375 0.0400390625 0.068359375
0 0.30078125 0.359375 0.029296875 0.068359375
0 0.080078125 0.4248046875 0.029296875 0.078125
0 0.6337890625 0.4072265625 0.0263671875 0.0703125
0 0.57421875 0.4833984375 0.0419921875 0.06640625
0 0.4775390625 0.501953125 0.05078125 0.052734375
0 0.599609375 0.404296875 0.03515625 0.0556640625
0 0.4208984375 0.3779296875 0.0263671875 0.07421875
0 0.39453125 0.4697265625 0.0390625 0.076171875
0 0.189453125 0.515625 0.029296875 0.0869140625
0 0.798828125 0.447265625 0.0400390625 0.0703125