0 0.4443359375 0.4267578125 0.0419921875 0.0498046875
0 0.4638671875 0.3837890625 0.0400390625 0.05078125
0 0.025390625 0.5 0.0498046875 0.0810546875
0 0.28125 0.376953125 0.03125 0.0634765625
0 0.271484375 0.3388671875 0.03125 0.05859375
0 0.48828125 0.435546875 0.044921875 0.0947265625
0 0.458984375 0.349609375 0.029296875 0.046875
0 0.5888671875 0.416015625 0.0341796875 0.083984375
0 0.419921875 0.49609375 0.0419921875 0.091796875
0 0.509765625 0.3994140625 0.0478515625 0.0859375
0 0.478515625 0.5341796875 0.0634765625 0.083984375
0 0.3134765625 0.5341796875 0.0478515625 0.0810546875
0 0.2685546875 0.447265625 0.04296875 0.083984375
0 0.470703125 0.46875 0.068359375 0.0810546875
0 0.076171875 0.5966796875 0.060546875 0.099609375
0 0.810546875 0.443359375 0.052734375 0.068359375
0 0.556640625 0.439453125 0.0419921875 0.0703125
0 0.544921875 0.4921875 0.0625 0.078125
0 0.0302734375 0.392578125 0.0419921875 0.07421875