0 0.4287109375 0.6416015625 0.0361328125 0.05078125
0 0.06640625 0.599609375 0.0419921875 0.0751953125
0 0.0205078125 0.521484375 0.037109375 0.068359375
0 0.18359375 0.55078125 0.04296875 0.076171875
0 0.8876953125 0.4521484375 0.04296875 0.068359375
0 0.8447265625 0.4462890625 0.0390625 0.0625
0 0.419921875 0.5439453125 0.044921875 0.068359375
0 0.3720703125 0.421875 0.033203125 0.060546875
0 0.494140625 0.4208984375 0.0439453125 0.05859375
0 0.5185546875 0.5087890625 0.0390625 0.0712890625
0 0.3544921875 0.5244140625 0.0390625 0.078125
0 0.0263671875 0.6064453125 0.0498046875 0.0810546875