0 0.5205078125 0.4150390625 0.04296875 0.0576171875
0 0.552734375 0.4208984375 0.0498046875 0.0322265625
0 0.5625 0.375 0.052734375 0.03125
0 0.4599609375 0.373046875 0.0634765625 0.0556640625
0 0.56640625 0.400390625 0.05078125 0.0400390625
0 0.45703125 0.4326171875 0.0576171875 0.052734375
0 0.576171875 0.4541015625 0.05859375 0.0478515625
0 0.5517578125 0.3310546875 0.052734375 0.0810546875
0 0.30078125 0.38671875 0.044921875 0.0546875
0 0.533203125 0.474609375 0.0654296875 0.083984375
0 0.447265625 0.47265625 0.06640625 0.060546875
0 0.287109375 0.447265625 0.0478515625 0.076171875
0 0.443359375 0.400390625 0.068359375 0.052734375
0 0.599609375 0.501953125 0.0712890625 0.083984375
0 0.3671875 0.505859375 0.046875 0.0869140625
0 0.15234375 0.52734375 0.044921875 0.0947265625
0 0.23828125 0.3173828125 0.0322265625 0.07421875
0 0.8505859375 0.41015625 0.0478515625 0.0888671875