0 0.69921875 0.396484375 0.0546875 0.078125
0 0.9599609375 0.498046875 0.0419921875 0.068359375
0 0.662109375 0.3984375 0.048828125 0.0751953125
1 0.1376953125 0.34375 0.03515625 0.0673828125
0 0.953125 0.427734375 0.0498046875 0.06640625
0 0.916015625 0.5185546875 0.046875 0.0927734375
0 0.6923828125 0.537109375 0.05859375 0.083984375
0 0.91015625 0.453125 0.0380859375 0.05859375
1 0.08984375 0.7392578125 0.0703125 0.083984375
0 0.94140625 0.568359375 0.0625 0.1005859375
0 0.6240234375 0.48046875 0.05078125 0.087890625
0 0.3017578125 0.4853515625 0.04296875 0.0712890625