0 0.513671875 0.423828125 0.0478515625 0.0732421875
0 0.591796875 0.443359375 0.0419921875 0.06640625
0 0.6083984375 0.482421875 0.0390625 0.083984375
0 0.568359375 0.541015625 0.052734375 0.07421875
0 0.490234375 0.4775390625 0.046875 0.0546875
0 0.322265625 0.5224609375 0.044921875 0.08203125
0 0.56640625 0.474609375 0.044921875 0.0576171875
0 0.458984375 0.525390625 0.060546875 0.0703125
0 0.3291015625 0.4677734375 0.044921875 0.0732421875
0 0.763671875 0.556640625 0.0498046875 0.08984375
0 0.3740234375 0.5947265625 0.05078125 0.091796875
0 0.5595703125 0.5810546875 0.0625 0.083984375
0 0.859375 0.498046875 0.0498046875 0.08203125
0 0.46875 0.330078125 0.02734375 0.07421875
0 0.4609375 0.5693359375 0.078125 0.0859375
0 0.623046875 0.556640625 0.044921875 0.08984375
0 0.240234375 0.6611328125 0.0390625 0.10546875
0 0.0947265625 0.4091796875 0.06640625 0.07421875
0 0.58203125 0.3310546875 0.0478515625 0.07421875