0 0.728515625 0.423828125 0.05078125 0.078125
0 0.2900390625 0.4296875 0.0791015625 0.0654296875
0 0.7958984375 0.5927734375 0.0498046875 0.1083984375
0 0.912109375 0.609375 0.05078125 0.1064453125
0 0.83984375 0.583984375 0.0546875 0.099609375
0 0.5986328125 0.5341796875 0.06640625 0.0869140625
0 0.3779296875 0.4375 0.0576171875 0.0869140625
0 0.51953125 0.380859375 0.0458984375 0.0712890625
0 0.556640625 0.546875 0.0419921875 0.111328125
0 0.755859375 0.3359375 0.0400390625 0.078125
0 0.814453125 0.44921875 0.060546875 0.099609375
0 0.5888671875 0.4521484375 0.0556640625 0.09765625
0 0.1162109375 0.3974609375 0.0595703125 0.0830078125
0 0.478515625 0.4482421875 0.05859375 0.09765625
0 0.689453125 0.47265625 0.052734375 0.1025390625