0 0.462890625 0.4091796875 0.0439453125 0.044921875
0 0.4833984375 0.4541015625 0.0439453125 0.0634765625
0 0.443359375 0.4931640625 0.04296875 0.056640625
0 0.4658203125 0.4716796875 0.0341796875 0.0517578125
0 0.4873046875 0.4033203125 0.0302734375 0.0439453125
0 0.4365234375 0.4443359375 0.03515625 0.048828125
0 0.5380859375 0.517578125 0.0751953125 0.064453125
0 0.4287109375 0.5146484375 0.044921875 0.0546875
0 0.58984375 0.3916015625 0.0322265625 0.07421875
0 0.533203125 0.4814453125 0.0673828125 0.0517578125
0 0.404296875 0.541015625 0.044921875 0.064453125
0 0.787109375 0.5498046875 0.03515625 0.087890625
0 0.724609375 0.455078125 0.0400390625 0.0673828125
0 0.5634765625 0.408203125 0.05859375 0.064453125
0 0.5458984375 0.4541015625 0.0634765625 0.05859375
0 0.7412109375 0.310546875 0.0263671875 0.072265625
0 0.98046875 0.5107421875 0.0380859375 0.080078125
0 0.2265625 0.4521484375 0.0380859375 0.0732421875
0 0.9658203125 0.40234375 0.0341796875 0.0751953125
0 0.51171875 0.55859375 0.04296875 0.0830078125
0 0.4638671875 0.3427734375 0.0458984375 0.060546875