0 0.8935546875 0.462890625 0.0498046875 0.1025390625
0 0.716796875 0.4931640625 0.07421875 0.0947265625
0 0.3427734375 0.666015625 0.06640625 0.115234375
0 0.572265625 0.462890625 0.0498046875 0.0888671875
0 0.5244140625 0.494140625 0.044921875 0.115234375
0 0.044921875 0.341796875 0.037109375 0.068359375
0 0.4736328125 0.4873046875 0.0556640625 0.0966796875
0 0.962890625 0.4443359375 0.0478515625 0.091796875
0 0.6083984375 0.458984375 0.0390625 0.0966796875
0 0.853515625 0.505859375 0.05078125 0.109375
0 0.0849609375 0.3515625 0.0546875 0.0712890625