0 0.5673828125 0.400390625 0.052734375 0.0419921875
0 0.5625 0.3759765625 0.052734375 0.0322265625
0 0.45703125 0.43359375 0.0576171875 0.0546875
0 0.4580078125 0.373046875 0.068359375 0.0556640625
0 0.5517578125 0.330078125 0.052734375 0.0791015625
0 0.576171875 0.4541015625 0.05859375 0.0478515625
0 0.30078125 0.38671875 0.044921875 0.0546875
0 0.447265625 0.47265625 0.0654296875 0.060546875
0 0.5322265625 0.4755859375 0.060546875 0.0888671875
0 0.599609375 0.5009765625 0.07421875 0.0859375
0 0.443359375 0.400390625 0.068359375 0.052734375
0 0.2861328125 0.4462890625 0.0498046875 0.076171875
0 0.373046875 0.5068359375 0.044921875 0.0888671875
0 0.158203125 0.52734375 0.044921875 0.0947265625
0 0.25390625 0.3154296875 0.0322265625 0.078125
0 0.8505859375 0.41015625 0.0478515625 0.0888671875