0 0.455078125 0.443359375 0.0341796875 0.0498046875
0 0.4228515625 0.478515625 0.05078125 0.052734375
0 0.505859375 0.4345703125 0.044921875 0.037109375
0 0.498046875 0.498046875 0.052734375 0.0546875
0 0.509765625 0.4697265625 0.0625 0.0478515625
0 0.4404296875 0.396484375 0.0400390625 0.037109375
0 0.41796875 0.427734375 0.0390625 0.0498046875
0 0.6337890625 0.462890625 0.03515625 0.076171875
0 0.62890625 0.419921875 0.0390625 0.03515625
0 0.611328125 0.4873046875 0.037109375 0.07421875
0 0.427734375 0.505859375 0.0498046875 0.0576171875
0 0.525390625 0.4013671875 0.0556640625 0.04296875
0 0.1982421875 0.435546875 0.037109375 0.0703125
0 0.5302734375 0.302734375 0.0322265625 0.05078125
0 0.880859375 0.5205078125 0.03515625 0.083984375
0 0.470703125 0.66796875 0.04296875 0.08203125
0 0.349609375 0.650390625 0.0634765625 0.0791015625
0 0.6826171875 0.3994140625 0.0341796875 0.06640625
0 0.3603515625 0.490234375 0.0419921875 0.068359375
0 0.453125 0.2978515625 0.04296875 0.060546875