0 0.537109375 0.4091796875 0.046875 0.03125
0 0.544921875 0.458984375 0.0400390625 0.05078125
0 0.3251953125 0.458984375 0.0400390625 0.0625
0 0.5078125 0.474609375 0.052734375 0.05859375
0 0.45703125 0.4501953125 0.044921875 0.046875
0 0.458984375 0.41796875 0.0478515625 0.0390625
0 0.5478515625 0.5205078125 0.05078125 0.0712890625
0 0.4306640625 0.4892578125 0.05078125 0.0654296875
0 0.69140625 0.4814453125 0.0546875 0.0654296875
0 0.388671875 0.3134765625 0.0263671875 0.06640625
0 0.3154296875 0.423828125 0.0400390625 0.06640625
0 0.4375 0.5546875 0.0712890625 0.05859375
0 0.5673828125 0.318359375 0.046875 0.0703125
0 0.83984375 0.4736328125 0.044921875 0.078125
0 0.3232421875 0.509765625 0.0400390625 0.0703125
0 0.548828125 0.595703125 0.06640625 0.083984375
0 0.25390625 0.373046875 0.044921875 0.0703125
0 0.259765625 0.6103515625 0.0419921875 0.0859375