1 0.0068359375 0.384765625 0.013671875 0.0810546875
0 0.5517578125 0.474609375 0.0341796875 0.060546875
0 0.517578125 0.427734375 0.044921875 0.0400390625
0 0.607421875 0.4873046875 0.052734375 0.052734375
0 0.5927734375 0.529296875 0.0478515625 0.0859375
0 0.72265625 0.5498046875 0.03515625 0.099609375
0 0.447265625 0.5234375 0.037109375 0.099609375
0 0.494140625 0.5400390625 0.0498046875 0.0576171875
0 0.8701171875 0.3076171875 0.02734375 0.05859375
0 0.740234375 0.51171875 0.037109375 0.0888671875
0 0.619140625 0.4541015625 0.05859375 0.0546875
0 0.953125 0.4990234375 0.04296875 0.09765625
0 0.248046875 0.4619140625 0.04296875 0.076171875
0 0.8818359375 0.400390625 0.03515625 0.078125
0 0.583984375 0.3017578125 0.046875 0.0712890625
0 0.6220703125 0.416015625 0.05859375 0.06640625
0 0.7705078125 0.46484375 0.0400390625 0.076171875