0 0.439453125 0.427734375 0.029296875 0.0625
0 0.634765625 0.474609375 0.0390625 0.0654296875
0 0.470703125 0.2890625 0.01953125 0.0556640625
0 0.54296875 0.4912109375 0.0576171875 0.05078125
0 0.654296875 0.2919921875 0.0341796875 0.0556640625
0 0.4619140625 0.4033203125 0.029296875 0.0556640625
0 0.421875 0.46875 0.03125 0.07421875
0 0.294921875 0.365234375 0.021484375 0.05859375
0 0.5400390625 0.3955078125 0.03515625 0.0400390625
0 0.873046875 0.4443359375 0.03515625 0.0703125
0 0.677734375 0.4970703125 0.0390625 0.052734375
0 0.142578125 0.4931640625 0.0322265625 0.0732421875
0 0.650390625 0.619140625 0.05859375 0.07421875
0 0.482421875 0.619140625 0.03515625 0.076171875