0 0.5283203125 0.482421875 0.0400390625 0.08203125
0 0.5927734375 0.4462890625 0.029296875 0.06640625
0 0.45703125 0.458984375 0.03515625 0.0732421875
0 0.5654296875 0.474609375 0.0400390625 0.08203125
0 0.5654296875 0.4111328125 0.04296875 0.052734375
0 0.35546875 0.3662109375 0.0322265625 0.06640625
0 0.369140625 0.416015625 0.037109375 0.0654296875
0 0.263671875 0.3251953125 0.0400390625 0.052734375
0 0.8623046875 0.462890625 0.052734375 0.078125
0 0.3857421875 0.5498046875 0.037109375 0.078125
0 0.6279296875 0.423828125 0.0498046875 0.0712890625
0 0.32421875 0.5849609375 0.03515625 0.0791015625
0 0.126953125 0.4990234375 0.0419921875 0.076171875