0 0.509765625 0.3408203125 0.0498046875 0.0625
0 0.5654296875 0.314453125 0.03125 0.044921875
0 0.57421875 0.3671875 0.0390625 0.0556640625
0 0.59765625 0.390625 0.044921875 0.068359375
1 0.9755859375 0.28515625 0.0234375 0.0703125
0 0.373046875 0.3388671875 0.0322265625 0.05859375
0 0.529296875 0.361328125 0.0478515625 0.060546875
0 0.1650390625 0.572265625 0.05078125 0.08984375
0 0.69921875 0.3447265625 0.0322265625 0.0732421875
0 0.490234375 0.4091796875 0.0634765625 0.0654296875
0 0.6669921875 0.32421875 0.02734375 0.060546875
0 0.376953125 0.392578125 0.037109375 0.0654296875
0 0.01953125 0.33203125 0.0390625 0.0703125
0 0.580078125 0.5830078125 0.0556640625 0.083984375
0 0.259765625 0.3046875 0.029296875 0.05859375
0 0.5947265625 0.48046875 0.0576171875 0.06640625
0 0.45703125 0.474609375 0.0390625 0.0712890625