0 0.529296875 0.3046875 0.03515625 0.0341796875
0 0.607421875 0.314453125 0.037109375 0.029296875
0 0.60546875 0.330078125 0.0390625 0.037109375
0 0.5244140625 0.4013671875 0.05078125 0.0654296875
0 0.51171875 0.287109375 0.0478515625 0.0576171875
0 0.7119140625 0.33984375 0.0478515625 0.0703125
0 0.580078125 0.2978515625 0.0341796875 0.0634765625
0 0.6337890625 0.248046875 0.0234375 0.05859375
0 0.3037109375 0.25390625 0.0263671875 0.060546875
0 0.572265625 0.35546875 0.0419921875 0.0478515625
0 0.6201171875 0.375 0.046875 0.0625
0 0.2294921875 0.544921875 0.037109375 0.0810546875
0 0.044921875 0.33984375 0.044921875 0.0703125
0 0.5986328125 0.4365234375 0.052734375 0.0732421875
0 0.40625 0.4375 0.0341796875 0.078125
0 0.6396484375 0.548828125 0.060546875 0.0859375