0 0.548828125 0.4609375 0.03515625 0.046875
0 0.5380859375 0.4169921875 0.0478515625 0.037109375
0 0.505859375 0.474609375 0.0498046875 0.0576171875
0 0.458984375 0.4169921875 0.0498046875 0.0400390625
0 0.4560546875 0.44921875 0.0498046875 0.05078125
0 0.37890625 0.318359375 0.0322265625 0.060546875
0 0.5478515625 0.521484375 0.05078125 0.06640625
0 0.330078125 0.4521484375 0.04296875 0.0576171875
0 0.4501953125 0.3779296875 0.03125 0.0654296875
0 0.427734375 0.490234375 0.0498046875 0.0634765625
0 0.6923828125 0.482421875 0.052734375 0.0625
0 0.3154296875 0.427734375 0.0400390625 0.0703125
0 0.837890625 0.474609375 0.04296875 0.076171875
0 0.56640625 0.3173828125 0.0478515625 0.0712890625
0 0.439453125 0.5537109375 0.0732421875 0.0576171875
0 0.548828125 0.595703125 0.06640625 0.083984375
0 0.32421875 0.5107421875 0.0390625 0.0712890625
0 0.259765625 0.6123046875 0.0400390625 0.083984375