0 0.8291015625 0.4814453125 0.044921875 0.083984375
0 0.6943359375 0.4638671875 0.03515625 0.0966796875
0 0.591796875 0.5146484375 0.044921875 0.0888671875
0 0.1923828125 0.419921875 0.0400390625 0.076171875
0 0.6474609375 0.490234375 0.0478515625 0.0859375
0 0.041015625 0.564453125 0.04296875 0.0947265625
1 0.328125 0.28515625 0.0341796875 0.0791015625
0 0.244140625 0.705078125 0.037109375 0.04296875
0 0.71875 0.4697265625 0.04296875 0.0947265625
0 0.275390625 0.669921875 0.0498046875 0.1025390625
0 0.771484375 0.5048828125 0.0419921875 0.099609375
0 0.310546875 0.392578125 0.0419921875 0.0654296875