0 0.287109375 0.4541015625 0.03515625 0.1103515625
0 0.7197265625 0.400390625 0.03515625 0.0888671875
0 0.7041015625 0.4775390625 0.044921875 0.1044921875
0 0.6650390625 0.4560546875 0.0390625 0.08984375
0 0.6396484375 0.50390625 0.03515625 0.1103515625
0 0.87890625 0.466796875 0.03515625 0.109375
0 0.6552734375 0.5439453125 0.0478515625 0.1123046875
0 0.6552734375 0.3369140625 0.05078125 0.091796875
0 0.357421875 0.443359375 0.0498046875 0.1123046875
0 0.748046875 0.4609375 0.052734375 0.1181640625
1 0.0322265625 0.5283203125 0.03515625 0.109375
0 0.7021484375 0.2578125 0.03515625 0.078125
0 0.712890625 0.57421875 0.046875 0.1201171875
0 0.5400390625 0.390625 0.044921875 0.1123046875
1 0.046875 0.369140625 0.037109375 0.09765625