0 0.462890625 0.5400390625 0.0556640625 0.044921875
1 0.5263671875 0.244140625 0.0341796875 0.0498046875
0 0.5537109375 0.5283203125 0.0576171875 0.046875
0 0.4462890625 0.4921875 0.044921875 0.0654296875
0 0.724609375 0.4736328125 0.046875 0.078125
0 0.494140625 0.50390625 0.0478515625 0.060546875
0 0.564453125 0.4990234375 0.0712890625 0.0546875
0 0.451171875 0.59765625 0.0654296875 0.06640625
0 0.458984375 0.4482421875 0.052734375 0.04296875
0 0.7265625 0.3701171875 0.0341796875 0.0810546875
0 0.162109375 0.498046875 0.0478515625 0.083984375
0 0.5625 0.310546875 0.0400390625 0.0625
0 0.7158203125 0.52734375 0.046875 0.0791015625
0 0.576171875 0.439453125 0.068359375 0.068359375
0 0.48046875 0.3037109375 0.05078125 0.0703125
0 0.568359375 0.59765625 0.0732421875 0.0947265625
0 0.873046875 0.580078125 0.0478515625 0.09375
0 0.408203125 0.3740234375 0.0576171875 0.08203125