0 0.240234375 0.423828125 0.0625 0.0634765625
0 0.353515625 0.474609375 0.09375 0.0888671875
0 0.978515625 0.681640625 0.04296875 0.1044921875
0 0.3857421875 0.373046875 0.0498046875 0.0625
0 0.2939453125 0.3955078125 0.0654296875 0.0869140625
0 0.4326171875 0.466796875 0.07421875 0.107421875
0 0.74609375 0.646484375 0.060546875 0.11328125
0 0.2314453125 0.5107421875 0.0654296875 0.1123046875
0 0.779296875 0.3759765625 0.046875 0.08203125
0 0.7978515625 0.5673828125 0.06640625 0.1123046875
0 0.8095703125 0.36328125 0.046875 0.0859375
0 0.3203125 0.408203125 0.0654296875 0.09765625