1 0.162109375 0.400390625 0.048828125 0.0859375
0 0.44140625 0.4658203125 0.033203125 0.0869140625
0 0.802734375 0.43359375 0.03515625 0.0927734375
0 0.4384765625 0.40625 0.0322265625 0.06640625
0 0.236328125 0.541015625 0.0478515625 0.1123046875
0 0.7744140625 0.3974609375 0.05078125 0.09375
0 0.2470703125 0.4609375 0.0361328125 0.0849609375
0 0.3232421875 0.50390625 0.0732421875 0.0859375
0 0.76953125 0.71875 0.0625 0.1240234375
0 0.4208984375 0.4912109375 0.046875 0.103515625
0 0.71484375 0.388671875 0.04296875 0.080078125
0 0.66015625 0.3984375 0.0458984375 0.091796875
0 0.51953125 0.427734375 0.046875 0.09765625
0 0.3798828125 0.498046875 0.056640625 0.05078125
0 0.96875 0.44140625 0.0615234375 0.1005859375