0 0.1865234375 0.39453125 0.03515625 0.0673828125
0 0.5234375 0.4560546875 0.0498046875 0.0859375
0 0.208984375 0.4091796875 0.0439453125 0.078125
0 0.55859375 0.3974609375 0.03515625 0.0654296875
0 0.619140625 0.4970703125 0.0517578125 0.0810546875
0 0.64453125 0.5048828125 0.0498046875 0.091796875
0 0.5419921875 0.486328125 0.044921875 0.080078125
0 0.755859375 0.4462890625 0.037109375 0.08984375
0 0.591796875 0.412109375 0.044921875 0.07421875
0 0.2041015625 0.69140625 0.0791015625 0.095703125
0 0.14453125 0.3837890625 0.0390625 0.0595703125
0 0.04296875 0.31640625 0.05859375 0.05859375
0 0.44140625 0.4892578125 0.046875 0.08203125
1 0.833984375 0.3544921875 0.0419921875 0.0751953125