1 0.0126953125 0.349609375 0.0244140625 0.0703125
0 0.44921875 0.380859375 0.044921875 0.0498046875
0 0.4775390625 0.4189453125 0.029296875 0.0498046875
0 0.412109375 0.4833984375 0.0400390625 0.060546875
0 0.521484375 0.453125 0.06640625 0.04296875
0 0.509765625 0.4931640625 0.0498046875 0.0634765625
0 0.314453125 0.435546875 0.037109375 0.0634765625
0 0.33203125 0.4033203125 0.0263671875 0.07421875
0 0.5341796875 0.376953125 0.046875 0.0400390625
0 0.4404296875 0.4482421875 0.0400390625 0.046875
0 0.5380859375 0.4130859375 0.05078125 0.0478515625
0 0.607421875 0.3857421875 0.03515625 0.0556640625
0 0.390625 0.53125 0.0556640625 0.0712890625
0 0.72265625 0.294921875 0.029296875 0.0478515625
0 0.646484375 0.666015625 0.0419921875 0.0732421875
0 0.482421875 0.2890625 0.0400390625 0.0556640625
0 0.609375 0.43359375 0.046875 0.0634765625
0 0.4013671875 0.662109375 0.068359375 0.076171875
0 0.6845703125 0.5498046875 0.0400390625 0.0654296875