0 0.255859375 0.65234375 0.0625 0.123046875
0 0.435546875 0.5224609375 0.0576171875 0.1201171875
0 0.4677734375 0.6005859375 0.060546875 0.1015625
0 0.51171875 0.6142578125 0.060546875 0.1181640625
0 0.51171875 0.3544921875 0.0576171875 0.09375
0 0.451171875 0.423828125 0.0625 0.09375
0 0.2314453125 0.669921875 0.0625 0.115234375
0 0.3466796875 0.5322265625 0.046875 0.076171875
0 0.3818359375 0.646484375 0.0634765625 0.1337890625
0 0.560546875 0.3623046875 0.0556640625 0.109375
0 0.318359375 0.6240234375 0.0634765625 0.1328125
0 0.759765625 0.552734375 0.044921875 0.1328125
0 0.6513671875 0.4072265625 0.09375 0.0947265625
0 0.107421875 0.6220703125 0.068359375 0.115234375
0 0.53125 0.451171875 0.068359375 0.1103515625
0 0.2646484375 0.462890625 0.044921875 0.1201171875