0 0.638671875 0.6513671875 0.06640625 0.13671875
0 0.5087890625 0.646484375 0.09765625 0.1171875
0 0.669921875 0.455078125 0.06640625 0.1513671875
0 0.59765625 0.5771484375 0.0703125 0.1796875
0 0.611328125 0.3857421875 0.0498046875 0.099609375
0 0.4619140625 0.5556640625 0.0634765625 0.1796875
0 0.408203125 0.5439453125 0.0703125 0.1806640625
0 0.5517578125 0.4677734375 0.0654296875 0.169921875
0 0.064453125 0.56640625 0.068359375 0.1572265625
0 0.294921875 0.361328125 0.0556640625 0.1572265625
0 0.7431640625 0.5283203125 0.0791015625 0.177734375
0 0.337890625 0.5830078125 0.0634765625 0.18359375
0 0.4892578125 0.39453125 0.068359375 0.154296875
0 0.146484375 0.576171875 0.0712890625 0.1806640625
0 0.365234375 0.341796875 0.068359375 0.130859375