0 0.27734375 0.580078125 0.060546875 0.076171875
0 0.1015625 0.466796875 0.052734375 0.0869140625
1 0.923828125 0.3046875 0.021484375 0.0712890625
0 0.2490234375 0.55859375 0.0478515625 0.0791015625
0 0.3134765625 0.3564453125 0.0390625 0.0712890625
0 0.1533203125 0.4658203125 0.0556640625 0.083984375
0 0.474609375 0.3837890625 0.052734375 0.08203125
0 0.1689453125 0.6650390625 0.0625 0.0859375
0 0.5234375 0.3916015625 0.05859375 0.0732421875
0 0.642578125 0.41796875 0.0400390625 0.0859375
0 0.5458984375 0.337890625 0.0419921875 0.06640625
0 0.2158203125 0.376953125 0.0400390625 0.08203125
0 0.693359375 0.3701171875 0.0478515625 0.078125
0 0.072265625 0.3271484375 0.052734375 0.06640625
0 0.4296875 0.3818359375 0.0498046875 0.076171875
0 0.595703125 0.40234375 0.0625 0.0732421875