0 0.521484375 0.4228515625 0.068359375 0.0546875
0 0.4697265625 0.4482421875 0.05078125 0.04296875
0 0.6103515625 0.490234375 0.0576171875 0.076171875
0 0.4794921875 0.494140625 0.0498046875 0.0859375
0 0.47265625 0.392578125 0.05078125 0.052734375
0 0.564453125 0.4697265625 0.060546875 0.060546875
0 0.740234375 0.486328125 0.0341796875 0.12109375
0 0.5302734375 0.28125 0.0322265625 0.09375
0 0.9140625 0.5390625 0.037109375 0.1123046875
0 0.2587890625 0.4326171875 0.044921875 0.10546875
0 0.4228515625 0.423828125 0.0576171875 0.076171875
0 0.7041015625 0.447265625 0.0390625 0.09375
0 0.6416015625 0.521484375 0.0546875 0.08203125
0 0.4462890625 0.298828125 0.0263671875 0.083984375
0 0.318359375 0.3046875 0.0556640625 0.0810546875
0 0.197265625 0.2900390625 0.0498046875 0.08203125
0 0.3916015625 0.4091796875 0.060546875 0.068359375
0 0.66015625 0.4091796875 0.0390625 0.0966796875
0 0.529296875 0.5458984375 0.0810546875 0.1044921875