1 0.4375 0.2431640625 0.0302734375 0.048828125
0 0.509765625 0.412109375 0.0546875 0.0859375
0 0.4501953125 0.384765625 0.0478515625 0.06640625
0 0.458984375 0.4228515625 0.046875 0.078125
0 0.5771484375 0.4775390625 0.0439453125 0.07421875
0 0.28125 0.470703125 0.046875 0.0849609375
0 0.626953125 0.3515625 0.0390625 0.0615234375
0 0.30859375 0.4482421875 0.06640625 0.08203125
0 0.4853515625 0.45703125 0.052734375 0.07421875
0 0.36328125 0.390625 0.0537109375 0.087890625
0 0.41015625 0.380859375 0.048828125 0.076171875
0 0.7685546875 0.5146484375 0.0419921875 0.0888671875
0 0.689453125 0.50390625 0.0556640625 0.09765625
0 0.5849609375 0.41015625 0.0517578125 0.07421875
0 0.380859375 0.4345703125 0.041015625 0.0712890625
0 0.9248046875 0.68359375 0.0986328125 0.111328125
0 0.640625 0.4365234375 0.0693359375 0.0751953125
0 0.2373046875 0.4208984375 0.052734375 0.076171875