0 0.5908203125 0.478515625 0.0400390625 0.0625
1 0.4912109375 0.2578125 0.03515625 0.0625
0 0.5849609375 0.541015625 0.0478515625 0.0625
0 0.486328125 0.48828125 0.0546875 0.060546875
0 0.373046875 0.4580078125 0.037109375 0.068359375
0 0.62109375 0.5576171875 0.05078125 0.068359375
0 0.3759765625 0.5185546875 0.0546875 0.083984375
0 0.474609375 0.4345703125 0.0546875 0.0654296875
0 0.435546875 0.390625 0.044921875 0.0625
0 0.1328125 0.623046875 0.0341796875 0.1015625
0 0.845703125 0.4931640625 0.0400390625 0.0791015625
0 0.46875 0.548828125 0.0712890625 0.08203125
0 0.59375 0.376953125 0.0498046875 0.0791015625
0 0.1806640625 0.3232421875 0.0322265625 0.0625
0 0.544921875 0.318359375 0.046875 0.060546875
0 0.607421875 0.60546875 0.0703125 0.091796875