0 0.8974609375 0.2705078125 0.03515625 0.0712890625
0 0.490234375 0.38671875 0.0498046875 0.0419921875
0 0.673828125 0.373046875 0.0263671875 0.0546875
0 0.529296875 0.44921875 0.044921875 0.0634765625
0 0.486328125 0.3642578125 0.046875 0.037109375
0 0.388671875 0.388671875 0.05078125 0.05078125
0 0.333984375 0.2880859375 0.0234375 0.076171875
0 0.6748046875 0.4189453125 0.0400390625 0.0712890625
0 0.474609375 0.421875 0.0478515625 0.0498046875
0 0.416015625 0.455078125 0.0556640625 0.052734375
0 0.634765625 0.5341796875 0.0341796875 0.078125
0 0.369140625 0.3486328125 0.0478515625 0.0556640625
0 0.408203125 0.416015625 0.0576171875 0.0546875
0 0.529296875 0.3525390625 0.0478515625 0.076171875
0 0.443359375 0.6611328125 0.0419921875 0.09375
0 0.4296875 0.2919921875 0.0498046875 0.0654296875
0 0.2109375 0.5693359375 0.037109375 0.091796875
0 0.466796875 0.5185546875 0.04296875 0.0810546875
0 0.6611328125 0.6455078125 0.07421875 0.08984375
0 0.30859375 0.388671875 0.03515625 0.068359375
0 0.333984375 0.447265625 0.0419921875 0.078125