0 0.4580078125 0.4130859375 0.02734375 0.07421875
0 0.271484375 0.4580078125 0.046875 0.076171875
0 0.3056640625 0.45703125 0.0556640625 0.0625
0 0.138671875 0.4736328125 0.0498046875 0.076171875
0 0.451171875 0.52734375 0.04296875 0.06640625
0 0.431640625 0.41796875 0.037109375 0.0791015625
0 0.3603515625 0.447265625 0.0478515625 0.07421875
0 0.85546875 0.541015625 0.041015625 0.0703125
0 0.482421875 0.4189453125 0.046875 0.078125
0 0.408203125 0.4482421875 0.05078125 0.078125
0 0.41796875 0.544921875 0.0390625 0.064453125
0 0.732421875 0.4267578125 0.0390625 0.0703125
0 0.583984375 0.390625 0.0498046875 0.0625
0 0.6240234375 0.4443359375 0.0478515625 0.0712890625
0 0.8779296875 0.47265625 0.046875 0.0703125