0 0.341796875 0.5009765625 0.0556640625 0.0322265625
0 0.423828125 0.5283203125 0.0556640625 0.05859375
0 0.3828125 0.474609375 0.0400390625 0.052734375
0 0.44140625 0.4990234375 0.06640625 0.05078125
0 0.3681640625 0.4208984375 0.0478515625 0.0419921875
0 0.1513671875 0.5 0.04296875 0.0810546875
0 0.4638671875 0.4208984375 0.0654296875 0.05078125
0 0.93359375 0.392578125 0.03515625 0.07421875
0 0.587890625 0.4521484375 0.029296875 0.0859375
0 0.3408203125 0.53125 0.05859375 0.0625
0 0.4453125 0.4697265625 0.0654296875 0.0546875
0 0.5263671875 0.2724609375 0.037109375 0.05078125
0 0.56640625 0.5087890625 0.0478515625 0.0791015625
0 0.1943359375 0.458984375 0.0390625 0.08203125
0 0.7275390625 0.5576171875 0.0390625 0.09375
0 0.6279296875 0.697265625 0.0498046875 0.05859375
0 0.4013671875 0.2646484375 0.04296875 0.0634765625
0 0.615234375 0.384765625 0.03515625 0.0703125
0 0.220703125 0.685546875 0.060546875 0.0859375
0 0.4072265625 0.337890625 0.0419921875 0.068359375