0 0.6259765625 0.3916015625 0.0390625 0.060546875
0 0.525390625 0.439453125 0.0546875 0.0654296875
0 0.5380859375 0.37890625 0.03515625 0.0390625
0 0.607421875 0.462890625 0.0546875 0.068359375
0 0.4267578125 0.412109375 0.0341796875 0.0498046875
0 0.8525390625 0.4453125 0.0419921875 0.0625
0 0.447265625 0.287109375 0.0322265625 0.05078125
0 0.296875 0.3603515625 0.03125 0.0546875
0 0.4111328125 0.466796875 0.037109375 0.0654296875
0 0.626953125 0.634765625 0.044921875 0.078125
0 0.4443359375 0.623046875 0.03515625 0.0703125
0 0.1650390625 0.4931640625 0.0322265625 0.0732421875