0 0.4169921875 0.423828125 0.037109375 0.03515625
0 0.462890625 0.361328125 0.044921875 0.0322265625
0 0.587890625 0.38671875 0.0322265625 0.0546875
0 0.294921875 0.392578125 0.02734375 0.06640625
0 0.4677734375 0.384765625 0.0390625 0.0390625
1 0.828125 0.3369140625 0.0244140625 0.0546875
0 0.3955078125 0.373046875 0.037109375 0.046875
0 0.28125 0.3779296875 0.03125 0.052734375
0 0.49609375 0.4111328125 0.044921875 0.046875
0 0.490234375 0.4580078125 0.0498046875 0.0498046875
0 0.51953125 0.3154296875 0.0263671875 0.0498046875
0 0.40234375 0.4560546875 0.05078125 0.05859375
0 0.7060546875 0.626953125 0.0341796875 0.0732421875
0 0.5751953125 0.4970703125 0.03125 0.05859375
0 0.60546875 0.4375 0.0322265625 0.05859375
0 0.3974609375 0.3232421875 0.0390625 0.052734375
0 0.46484375 0.630859375 0.05078125 0.076171875
0 0.3955078125 0.5087890625 0.0556640625 0.0703125