0 0.5107421875 0.400390625 0.04296875 0.08203125
0 0.48046875 0.4384765625 0.03515625 0.0791015625
0 0.498046875 0.2734375 0.0341796875 0.07421875
0 0.673828125 0.57421875 0.05078125 0.091796875
0 0.6103515625 0.4443359375 0.0546875 0.08203125
0 0.498046875 0.4794921875 0.0478515625 0.099609375
0 0.4990234375 0.3115234375 0.0576171875 0.076171875
0 0.3134765625 0.4951171875 0.05078125 0.1025390625
0 0.685546875 0.431640625 0.0556640625 0.0888671875
0 0.548828125 0.453125 0.0654296875 0.0966796875
0 0.4375 0.474609375 0.0625 0.0859375
0 0.724609375 0.587890625 0.0712890625 0.0859375
0 0.54296875 0.3017578125 0.044921875 0.083984375
0 0.927734375 0.51953125 0.0703125 0.0888671875