0 0.53515625 0.298828125 0.0322265625 0.0419921875
0 0.67578125 0.376953125 0.029296875 0.07421875
0 0.716796875 0.337890625 0.03515625 0.076171875
0 0.5810546875 0.2978515625 0.03125 0.06640625
0 0.5078125 0.2841796875 0.02734375 0.068359375
0 0.5751953125 0.35546875 0.04296875 0.0478515625
0 0.5263671875 0.396484375 0.0498046875 0.078125
0 0.6201171875 0.375 0.046875 0.0625
0 0.158203125 0.333984375 0.0341796875 0.076171875
0 0.279296875 0.544921875 0.0390625 0.0888671875
0 0.412109375 0.435546875 0.0322265625 0.0810546875
0 0.6396484375 0.5400390625 0.0576171875 0.0888671875
0 0.599609375 0.435546875 0.052734375 0.076171875