0 0.431640625 0.3017578125 0.037109375 0.0625
0 0.3798828125 0.408203125 0.037109375 0.0654296875
0 0.4609375 0.416015625 0.037109375 0.0732421875
0 0.4794921875 0.3740234375 0.037109375 0.076171875
0 0.3681640625 0.388671875 0.044921875 0.0712890625
0 0.4443359375 0.35546875 0.0322265625 0.0546875
0 0.447265625 0.541015625 0.0478515625 0.0791015625
0 0.5732421875 0.423828125 0.05859375 0.0703125
0 0.2744140625 0.412109375 0.0390625 0.076171875
0 0.560546875 0.3701171875 0.0400390625 0.0654296875
0 0.3271484375 0.359375 0.0322265625 0.078125
0 0.439453125 0.4716796875 0.0390625 0.078125
0 0.3125 0.44140625 0.0400390625 0.08203125
0 0.376953125 0.306640625 0.0322265625 0.0634765625
0 0.697265625 0.408203125 0.03515625 0.0712890625
0 0.390625 0.5498046875 0.0498046875 0.09375