0 0.361328125 0.451171875 0.05078125 0.0390625
0 0.42578125 0.5283203125 0.0576171875 0.05859375
0 0.3427734375 0.5009765625 0.0546875 0.0322265625
0 0.4404296875 0.4990234375 0.0654296875 0.05078125
0 0.3818359375 0.4755859375 0.0419921875 0.0546875
0 0.943359375 0.3935546875 0.0322265625 0.07421875
0 0.462890625 0.4228515625 0.068359375 0.05078125
0 0.369140625 0.419921875 0.044921875 0.0400390625
0 0.3408203125 0.533203125 0.0625 0.0625
0 0.1533203125 0.5009765625 0.04296875 0.08203125
0 0.5830078125 0.45703125 0.037109375 0.076171875
0 0.4453125 0.4697265625 0.0654296875 0.0546875
0 0.52734375 0.2724609375 0.03515625 0.05078125
0 0.564453125 0.5087890625 0.044921875 0.0791015625
0 0.7529296875 0.5595703125 0.037109375 0.0869140625
0 0.1962890625 0.4599609375 0.0419921875 0.08203125
0 0.6298828125 0.6962890625 0.046875 0.060546875
0 0.40234375 0.265625 0.044921875 0.0625
0 0.4072265625 0.3369140625 0.0419921875 0.0703125
0 0.615234375 0.384765625 0.0341796875 0.0703125
0 0.22265625 0.685546875 0.060546875 0.083984375