0 0.33984375 0.4794921875 0.0419921875 0.076171875
0 0.310546875 0.4267578125 0.03125 0.05859375
0 0.23046875 0.427734375 0.0361328125 0.0830078125
0 0.447265625 0.3427734375 0.0380859375 0.060546875
0 0.76171875 0.3212890625 0.03515625 0.0537109375
0 0.416015625 0.3466796875 0.056640625 0.0595703125
0 0.705078125 0.330078125 0.04296875 0.05078125
0 0.310546875 0.484375 0.037109375 0.0849609375
0 0.376953125 0.4609375 0.046875 0.0810546875
0 0.7529296875 0.458984375 0.0361328125 0.0791015625
0 0.2490234375 0.4580078125 0.041015625 0.0859375
0 0.865234375 0.548828125 0.046875 0.0966796875
0 0.70703125 0.578125 0.048828125 0.109375