0 0.5400390625 0.408203125 0.0390625 0.07421875
0 0.5439453125 0.349609375 0.04296875 0.0576171875
0 0.4033203125 0.4931640625 0.04296875 0.08203125
0 0.509765625 0.341796875 0.0419921875 0.0703125
0 0.6123046875 0.4736328125 0.0498046875 0.083984375
0 0.572265625 0.4375 0.0390625 0.0625
0 0.53125 0.5244140625 0.052734375 0.0947265625
1 0.5380859375 0.2578125 0.03515625 0.07421875
0 0.6015625 0.552734375 0.052734375 0.09765625
0 0.6533203125 0.5205078125 0.052734375 0.0966796875
0 0.736328125 0.4853515625 0.0947265625 0.091796875
0 0.38671875 0.4052734375 0.0390625 0.0791015625
0 0.298828125 0.591796875 0.052734375 0.099609375
0 0.880859375 0.4873046875 0.07421875 0.0869140625
0 0.2265625 0.34765625 0.037109375 0.0732421875