0 0.4755859375 0.650390625 0.044921875 0.0869140625
0 0.4287109375 0.447265625 0.05078125 0.052734375
0 0.416015625 0.392578125 0.0390625 0.0419921875
0 0.388671875 0.4306640625 0.03515625 0.0478515625
0 0.59765625 0.4189453125 0.029296875 0.0556640625
0 0.603515625 0.474609375 0.037109375 0.08203125
0 0.486328125 0.44140625 0.0546875 0.0478515625
0 0.404296875 0.4736328125 0.04296875 0.052734375
0 0.4970703125 0.3505859375 0.02734375 0.0478515625
0 0.4658203125 0.521484375 0.05859375 0.0556640625
0 0.505859375 0.3984375 0.0576171875 0.0498046875
0 0.384765625 0.494140625 0.046875 0.05859375
0 0.1630859375 0.435546875 0.0390625 0.0712890625
0 0.6728515625 0.294921875 0.0263671875 0.06640625
0 0.8271484375 0.5439453125 0.0419921875 0.0869140625
0 0.38671875 0.361328125 0.0322265625 0.0791015625
0 0.28125 0.4912109375 0.046875 0.05078125
0 0.78515625 0.37109375 0.029296875 0.076171875
0 0.4853515625 0.4833984375 0.0703125 0.0576171875
0 0.4482421875 0.3232421875 0.046875 0.0625
0 0.330078125 0.630859375 0.0654296875 0.09375