0 0.4970703125 0.4189453125 0.0341796875 0.068359375
0 0.427734375 0.4775390625 0.0634765625 0.091796875
0 0.4677734375 0.5068359375 0.060546875 0.1103515625
0 0.521484375 0.4208984375 0.0322265625 0.076171875
0 0.931640625 0.55078125 0.0634765625 0.11328125
0 0.869140625 0.26171875 0.0341796875 0.0732421875
0 0.869140625 0.669921875 0.08984375 0.1025390625
0 0.82421875 0.337890625 0.0478515625 0.0791015625
0 0.93359375 0.404296875 0.060546875 0.0859375
0 0.291015625 0.443359375 0.0625 0.1044921875
0 0.548828125 0.46875 0.0478515625 0.0966796875
0 0.2919921875 0.5048828125 0.0556640625 0.0869140625
0 0.3662109375 0.4931640625 0.076171875 0.091796875
0 0.955078125 0.287109375 0.0576171875 0.0732421875