1 0.4228515625 0.3857421875 0.0419921875 0.07421875
0 0.6982421875 0.453125 0.0400390625 0.083984375
0 0.421875 0.3857421875 0.0400390625 0.07421875
0 0.533203125 0.4228515625 0.046875 0.03515625
0 0.53515625 0.439453125 0.044921875 0.0390625
0 0.287109375 0.4794921875 0.0400390625 0.0654296875
0 0.443359375 0.5068359375 0.0556640625 0.05078125
0 0.71484375 0.490234375 0.044921875 0.07421875
0 0.2509765625 0.51171875 0.044921875 0.091796875
0 0.5693359375 0.5 0.06640625 0.0625
0 0.470703125 0.5263671875 0.0478515625 0.083984375
0 0.5068359375 0.466796875 0.044921875 0.05859375
0 0.4501953125 0.466796875 0.046875 0.046875
0 0.498046875 0.673828125 0.046875 0.0869140625
0 0.431640625 0.443359375 0.0654296875 0.0498046875
1 0.9521484375 0.306640625 0.029296875 0.078125
0 0.541015625 0.3515625 0.04296875 0.0625
0 0.294921875 0.26953125 0.02734375 0.0703125
0 0.5810546875 0.404296875 0.052734375 0.0810546875
0 0.47265625 0.2744140625 0.0419921875 0.0576171875
0 0.3173828125 0.423828125 0.0341796875 0.0732421875
0 0.62109375 0.666015625 0.076171875 0.0869140625
0 0.0703125 0.400390625 0.0400390625 0.0576171875