0 0.462890625 0.4384765625 0.0390625 0.0732421875
0 0.521484375 0.4736328125 0.052734375 0.0869140625
0 0.3916015625 0.4443359375 0.0390625 0.076171875
0 0.5390625 0.56640625 0.0556640625 0.0888671875
0 0.0947265625 0.302734375 0.03515625 0.0712890625
0 0.40234375 0.52734375 0.0546875 0.0947265625
0 0.310546875 0.52734375 0.044921875 0.0947265625
0 0.353515625 0.5283203125 0.052734375 0.109375
0 0.283203125 0.328125 0.046875 0.0810546875
0 0.4267578125 0.44140625 0.0400390625 0.0634765625
0 0.0439453125 0.6455078125 0.068359375 0.099609375
0 0.853515625 0.4697265625 0.05859375 0.0947265625