0 0.4658203125 0.3681640625 0.04296875 0.0390625
0 0.419921875 0.3994140625 0.037109375 0.0322265625
0 0.2802734375 0.3759765625 0.029296875 0.0546875
0 0.583984375 0.3505859375 0.0234375 0.044921875
0 0.404296875 0.3828125 0.0341796875 0.04296875
0 0.396484375 0.37109375 0.0390625 0.044921875
0 0.498046875 0.4501953125 0.0400390625 0.0625
0 0.982421875 0.470703125 0.03125 0.0703125
0 0.583984375 0.388671875 0.0244140625 0.0634765625
0 0.4970703125 0.4052734375 0.037109375 0.0390625
0 0.5595703125 0.30859375 0.021484375 0.05078125
0 0.416015625 0.4306640625 0.046875 0.05078125
0 0.7802734375 0.33203125 0.029296875 0.060546875
0 0.6845703125 0.61328125 0.02734375 0.0791015625
0 0.59765625 0.462890625 0.0263671875 0.05859375
0 0.3974609375 0.3212890625 0.03515625 0.0546875
0 0.3603515625 0.353515625 0.0419921875 0.0625
0 0.46484375 0.6298828125 0.05078125 0.078125
0 0.3955078125 0.509765625 0.0556640625 0.068359375