0 0.5888671875 0.435546875 0.052734375 0.0791015625
0 0.591796875 0.384765625 0.0498046875 0.0419921875
0 0.609375 0.369140625 0.0498046875 0.044921875
0 0.5048828125 0.404296875 0.052734375 0.044921875
0 0.482421875 0.443359375 0.052734375 0.0546875
0 0.552734375 0.494140625 0.0556640625 0.0625
0 0.529296875 0.3564453125 0.052734375 0.0654296875
0 0.3125 0.330078125 0.0341796875 0.0732421875
0 0.4326171875 0.3701171875 0.0341796875 0.0869140625
0 0.349609375 0.6376953125 0.0625 0.10546875
0 0.4384765625 0.5 0.060546875 0.08984375
0 0.3720703125 0.296875 0.03125 0.0810546875
0 0.3642578125 0.41796875 0.04296875 0.0791015625
0 0.8583984375 0.4443359375 0.0478515625 0.0888671875
0 0.48046875 0.64453125 0.0703125 0.0947265625
0 0.189453125 0.4833984375 0.04296875 0.091796875