0 0.4013671875 0.4638671875 0.04296875 0.052734375
0 0.3486328125 0.4306640625 0.0400390625 0.060546875
0 0.5078125 0.3427734375 0.052734375 0.0732421875
0 0.466796875 0.431640625 0.0654296875 0.0703125
0 0.4033203125 0.515625 0.0654296875 0.078125
0 0.4580078125 0.4755859375 0.0556640625 0.076171875
0 0.34765625 0.490234375 0.060546875 0.0712890625
0 0.162109375 0.4423828125 0.0341796875 0.0625
0 0.8896484375 0.552734375 0.044921875 0.08984375
0 0.4921875 0.384765625 0.0654296875 0.068359375
0 0.568359375 0.4501953125 0.04296875 0.078125
0 0.6142578125 0.4814453125 0.04296875 0.068359375
0 0.4248046875 0.3447265625 0.052734375 0.0732421875
0 0.521484375 0.666015625 0.068359375 0.08984375
0 0.794921875 0.376953125 0.0341796875 0.076171875
0 0.8076171875 0.2841796875 0.037109375 0.0712890625
0 0.3095703125 0.470703125 0.068359375 0.078125
0 0.373046875 0.64453125 0.076171875 0.08203125