0 0.0966796875 0.232421875 0.04296875 0.0263671875
0 0.0419921875 0.3203125 0.0556640625 0.125
0 0.4208984375 0.5048828125 0.0859375 0.1279296875
0 0.5908203125 0.365234375 0.068359375 0.109375
0 0.498046875 0.59765625 0.06640625 0.1328125
0 0.474609375 0.4609375 0.078125 0.1181640625
0 0.716796875 0.61328125 0.0576171875 0.16015625
0 0.4951171875 0.34375 0.0654296875 0.1181640625
0 0.365234375 0.4453125 0.1044921875 0.130859375
0 0.208984375 0.3125 0.0869140625 0.115234375
0 0.583984375 0.478515625 0.05859375 0.140625