0 0.4306640625 0.455078125 0.0478515625 0.0791015625
0 0.2724609375 0.3974609375 0.0390625 0.0546875
0 0.287109375 0.458984375 0.0400390625 0.0966796875
0 0.466796875 0.3984375 0.0390625 0.083984375
0 0.2939453125 0.314453125 0.03125 0.0625
0 0.224609375 0.6015625 0.052734375 0.1181640625
0 0.763671875 0.51171875 0.0556640625 0.0791015625
0 0.2685546875 0.583984375 0.046875 0.0947265625
0 0.6630859375 0.4208984375 0.044921875 0.0732421875
0 0.439453125 0.509765625 0.05859375 0.107421875
0 0.21875 0.4228515625 0.0556640625 0.0947265625
0 0.318359375 0.3740234375 0.0400390625 0.08203125
0 0.365234375 0.404296875 0.0634765625 0.08984375
0 0.244140625 0.3271484375 0.052734375 0.0791015625