0 0.537109375 0.41015625 0.046875 0.0322265625
0 0.505859375 0.474609375 0.052734375 0.0576171875
0 0.3251953125 0.458984375 0.04296875 0.06640625
0 0.458984375 0.41796875 0.0478515625 0.0390625
0 0.4580078125 0.451171875 0.046875 0.0478515625
0 0.5478515625 0.5205078125 0.05078125 0.068359375
0 0.3173828125 0.419921875 0.0400390625 0.05859375
0 0.69140625 0.482421875 0.0546875 0.0634765625
0 0.4296875 0.4892578125 0.052734375 0.0654296875
0 0.4384765625 0.5546875 0.0732421875 0.05859375
0 0.56640625 0.318359375 0.0478515625 0.0703125
0 0.380859375 0.373046875 0.029296875 0.0703125
0 0.83984375 0.4736328125 0.044921875 0.078125
0 0.32421875 0.509765625 0.0390625 0.0703125
0 0.548828125 0.5947265625 0.06640625 0.0859375
0 0.259765625 0.6103515625 0.04296875 0.0859375