0 0.4052734375 0.384765625 0.0322265625 0.04296875
0 0.416015625 0.4248046875 0.03515625 0.0341796875
0 0.587890625 0.38671875 0.0322265625 0.0546875
0 0.462890625 0.361328125 0.044921875 0.03125
0 0.2939453125 0.396484375 0.03125 0.0634765625
1 0.828125 0.3369140625 0.0244140625 0.0546875
0 0.2822265625 0.3779296875 0.0322265625 0.052734375
0 0.46875 0.384765625 0.037109375 0.0390625
0 0.49609375 0.412109375 0.044921875 0.046875
0 0.39453125 0.373046875 0.03515625 0.044921875
0 0.490234375 0.458984375 0.0498046875 0.0478515625
0 0.51953125 0.31640625 0.0263671875 0.0478515625
0 0.4033203125 0.4560546875 0.0498046875 0.05859375
0 0.7060546875 0.626953125 0.0341796875 0.0732421875
0 0.5751953125 0.4970703125 0.03125 0.05859375
0 0.60546875 0.4375 0.0322265625 0.05859375
0 0.3974609375 0.3232421875 0.0390625 0.052734375
0 0.46484375 0.630859375 0.05078125 0.076171875
0 0.39453125 0.5087890625 0.0546875 0.0703125