0 0.529296875 0.396484375 0.03515625 0.0390625
0 0.56640625 0.439453125 0.05859375 0.0654296875
1 0.53515625 0.2421875 0.02734375 0.0458984375
0 0.5302734375 0.375 0.033203125 0.0400390625
0 0.427734375 0.3955078125 0.03515625 0.0400390625
0 0.4521484375 0.3896484375 0.03125 0.06640625
0 0.6181640625 0.421875 0.05078125 0.0703125
0 0.4169921875 0.439453125 0.0419921875 0.078125
0 0.5859375 0.3916015625 0.0439453125 0.0673828125
0 0.55859375 0.474609375 0.0458984375 0.0703125
0 0.64453125 0.404296875 0.044921875 0.0634765625
0 0.5029296875 0.466796875 0.06640625 0.0732421875
0 0.044921875 0.51953125 0.0556640625 0.0791015625
0 0.541015625 0.33984375 0.0419921875 0.0537109375
0 0.5859375 0.6513671875 0.087890625 0.0830078125
0 0.8076171875 0.4296875 0.0458984375 0.0732421875
0 0.326171875 0.333984375 0.02734375 0.05078125
0 0.279296875 0.650390625 0.0625 0.0966796875