0 0.634765625 0.431640625 0.029296875 0.046875
0 0.541015625 0.412109375 0.0419921875 0.0390625
0 0.541015625 0.490234375 0.05859375 0.0498046875
0 0.4716796875 0.2880859375 0.021484375 0.05078125
0 0.630859375 0.4765625 0.04296875 0.0625
0 0.3017578125 0.3662109375 0.0244140625 0.0576171875
0 0.6513671875 0.291015625 0.0341796875 0.0576171875
0 0.4150390625 0.474609375 0.0390625 0.0732421875
0 0.673828125 0.4970703125 0.0390625 0.052734375
0 0.455078125 0.4033203125 0.0322265625 0.052734375
0 0.869140625 0.443359375 0.037109375 0.0712890625
0 0.646484375 0.619140625 0.05859375 0.07421875
0 0.1337890625 0.490234375 0.0322265625 0.07421875
0 0.478515625 0.623046875 0.037109375 0.068359375