0 0.5283203125 0.369140625 0.037109375 0.037109375
0 0.529296875 0.46875 0.052734375 0.09375
0 0.57421875 0.3720703125 0.044921875 0.078125
0 0.5078125 0.5009765625 0.052734375 0.08203125
0 0.388671875 0.6474609375 0.0791015625 0.0947265625
0 0.474609375 0.3935546875 0.0478515625 0.078125
0 0.4599609375 0.517578125 0.060546875 0.09375
0 0.435546875 0.3525390625 0.044921875 0.06640625
0 0.017578125 0.6337890625 0.03515625 0.1015625
0 0.4140625 0.423828125 0.04296875 0.0791015625
0 0.630859375 0.4384765625 0.044921875 0.091796875
0 0.33203125 0.3046875 0.0322265625 0.0712890625
0 0.783203125 0.4345703125 0.0478515625 0.0712890625