0 0.51171875 0.4375 0.0576171875 0.0712890625
0 0.5927734375 0.4287109375 0.03515625 0.0419921875
0 0.6015625 0.4765625 0.0341796875 0.068359375
0 0.5439453125 0.517578125 0.0625 0.076171875
1 0.4267578125 0.26953125 0.03125 0.0732421875
0 0.61328125 0.423828125 0.0546875 0.068359375
0 0.7001953125 0.6259765625 0.07421875 0.0791015625
0 0.298828125 0.5126953125 0.0390625 0.0712890625
1 0.970703125 0.3154296875 0.0341796875 0.078125
0 0.482421875 0.419921875 0.060546875 0.068359375
0 0.60546875 0.6279296875 0.0390625 0.068359375
0 0.53125 0.486328125 0.0625 0.0634765625
0 0.638671875 0.49609375 0.05859375 0.076171875
0 0.71484375 0.431640625 0.0478515625 0.0732421875
0 0.556640625 0.365234375 0.04296875 0.0712890625
0 0.1201171875 0.572265625 0.046875 0.078125
0 0.291015625 0.3515625 0.029296875 0.078125
0 0.77734375 0.453125 0.060546875 0.08984375
0 0.216796875 0.671875 0.0546875 0.083984375
0 0.416015625 0.390625 0.0341796875 0.0712890625
0 0.5185546875 0.6298828125 0.04296875 0.078125
0 0.251953125 0.4482421875 0.0400390625 0.07421875