0 0.6748046875 0.5009765625 0.083984375 0.08203125
0 0.5791015625 0.478515625 0.0478515625 0.08203125
0 0.349609375 0.380859375 0.0576171875 0.09375
0 0.634765625 0.431640625 0.052734375 0.078125
0 0.615234375 0.5205078125 0.0556640625 0.0966796875
0 0.685546875 0.431640625 0.0546875 0.09375
0 0.3671875 0.490234375 0.0654296875 0.08984375
0 0.505859375 0.462890625 0.05859375 0.1044921875
0 0.4326171875 0.3818359375 0.05859375 0.0947265625
0 0.421875 0.5732421875 0.0654296875 0.10546875
0 0.4765625 0.673828125 0.0810546875 0.10546875
0 0.57421875 0.5478515625 0.0703125 0.091796875
0 0.27734375 0.4404296875 0.060546875 0.099609375
0 0.646484375 0.642578125 0.07421875 0.0869140625
0 0.4794921875 0.412109375 0.0654296875 0.0810546875