0 0.638671875 0.38671875 0.03515625 0.0478515625
0 0.5947265625 0.439453125 0.0390625 0.05859375
0 0.5322265625 0.4169921875 0.0390625 0.052734375
0 0.533203125 0.48828125 0.05859375 0.0576171875
0 0.6328125 0.431640625 0.03125 0.05078125
0 0.4140625 0.455078125 0.03125 0.076171875
0 0.6298828125 0.4765625 0.0400390625 0.0625
0 0.4736328125 0.2900390625 0.0244140625 0.0478515625
0 0.53515625 0.373046875 0.029296875 0.04296875
0 0.1650390625 0.490234375 0.0322265625 0.076171875
0 0.8720703125 0.443359375 0.0341796875 0.06640625
0 0.6494140625 0.283203125 0.03515625 0.060546875
0 0.2978515625 0.3583984375 0.0263671875 0.0576171875
0 0.6435546875 0.623046875 0.05859375 0.078125
0 0.46875 0.62890625 0.037109375 0.0732421875