1 0.6865234375 0.2802734375 0.0234375 0.05078125
0 0.287109375 0.55078125 0.037109375 0.0849609375
0 0.5810546875 0.3330078125 0.029296875 0.05078125
0 0.447265625 0.30859375 0.03515625 0.05078125
0 0.3759765625 0.6640625 0.05859375 0.0947265625
0 0.716796875 0.4609375 0.052734375 0.0703125
0 0.677734375 0.4541015625 0.0390625 0.0576171875
0 0.4794921875 0.5625 0.0400390625 0.08203125
0 0.33203125 0.3642578125 0.044921875 0.05078125
0 0.1591796875 0.517578125 0.05859375 0.08203125
0 0.626953125 0.4150390625 0.046875 0.0595703125