0 0.548828125 0.458984375 0.037109375 0.0478515625
0 0.4580078125 0.451171875 0.0498046875 0.05078125
0 0.505859375 0.474609375 0.05078125 0.0576171875
0 0.4580078125 0.4169921875 0.052734375 0.0400390625
0 0.37890625 0.3173828125 0.0322265625 0.0625
0 0.5478515625 0.521484375 0.05078125 0.068359375
0 0.322265625 0.458984375 0.0419921875 0.068359375
0 0.427734375 0.4892578125 0.0498046875 0.0625
0 0.6923828125 0.482421875 0.052734375 0.0634765625
0 0.314453125 0.416015625 0.0390625 0.05078125
0 0.552734375 0.591796875 0.060546875 0.08984375
0 0.5673828125 0.3173828125 0.046875 0.0712890625
0 0.439453125 0.5556640625 0.0712890625 0.0576171875
0 0.8408203125 0.4736328125 0.046875 0.078125
0 0.4306640625 0.373046875 0.029296875 0.0654296875
0 0.32421875 0.5107421875 0.0419921875 0.0712890625
0 0.259765625 0.6083984375 0.0400390625 0.0888671875