0 0.466796875 0.39453125 0.0341796875 0.05078125
0 0.6943359375 0.451171875 0.0322265625 0.0478515625
0 0.0126953125 0.404296875 0.0244140625 0.068359375
0 0.4775390625 0.4345703125 0.03515625 0.0654296875
0 0.5556640625 0.501953125 0.0419921875 0.0810546875
0 0.5546875 0.431640625 0.0341796875 0.0556640625
0 0.5703125 0.41796875 0.03125 0.0546875
0 0.533203125 0.455078125 0.04296875 0.0712890625
0 0.44921875 0.34765625 0.05078125 0.0576171875
0 0.498046875 0.447265625 0.044921875 0.06640625
0 0.40234375 0.275390625 0.0478515625 0.0546875
0 0.6103515625 0.4990234375 0.0576171875 0.08203125
0 0.693359375 0.486328125 0.05078125 0.0810546875
0 0.5244140625 0.685546875 0.0419921875 0.078125
1 0.943359375 0.3095703125 0.03125 0.0712890625
0 0.3134765625 0.427734375 0.03515625 0.076171875
0 0.478515625 0.677734375 0.0478515625 0.0888671875
0 0.294921875 0.4716796875 0.0419921875 0.0625
0 0.2392578125 0.5234375 0.0400390625 0.0869140625
0 0.203125 0.2705078125 0.046875 0.0625
0 0.416015625 0.392578125 0.037109375 0.07421875
0 0.478515625 0.533203125 0.0400390625 0.08203125