0 0.671875 0.4423828125 0.03125 0.0498046875
0 0.732421875 0.4931640625 0.0556640625 0.08203125
0 0.70703125 0.4375 0.03515625 0.068359375
1 0.98046875 0.3291015625 0.0390625 0.0859375
0 0.8369140625 0.4462890625 0.0390625 0.0859375
1 0.3623046875 0.2763671875 0.03125 0.07421875
0 0.677734375 0.482421875 0.0546875 0.08203125
0 0.7890625 0.5009765625 0.0556640625 0.08203125
0 0.2177734375 0.7060546875 0.0390625 0.0400390625
0 0.294921875 0.3515625 0.03125 0.0400390625
0 0.8642578125 0.490234375 0.05859375 0.08203125
0 0.4658203125 0.373046875 0.0341796875 0.0634765625
0 0.0361328125 0.396484375 0.04296875 0.083984375
0 0.63671875 0.4921875 0.05078125 0.08984375
0 0.337890625 0.7041015625 0.068359375 0.0478515625
0 0.419921875 0.685546875 0.037109375 0.08203125
0 0.115234375 0.564453125 0.0419921875 0.083984375
0 0.625 0.45703125 0.0498046875 0.076171875
0 0.28515625 0.4052734375 0.044921875 0.076171875
0 0.171875 0.431640625 0.03125 0.08203125