0 0.3076171875 0.3310546875 0.046875 0.0712890625
0 0.6181640625 0.380859375 0.0390625 0.078125
0 0.5732421875 0.37109375 0.037109375 0.0859375
0 0.19921875 0.556640625 0.05078125 0.0859375
0 0.6669921875 0.4169921875 0.037109375 0.083984375
0 0.6875 0.4052734375 0.0341796875 0.0791015625
0 0.5810546875 0.298828125 0.03125 0.0703125
0 0.2998046875 0.607421875 0.0498046875 0.09375
0 0.630859375 0.40625 0.0498046875 0.0810546875
0 0.376953125 0.248046875 0.0478515625 0.0576171875
0 0.107421875 0.244140625 0.0546875 0.05078125
0 0.267578125 0.3857421875 0.0419921875 0.078125
0 0.26953125 0.482421875 0.0703125 0.0869140625
0 0.7392578125 0.369140625 0.05859375 0.0810546875