0 0.55078125 0.3310546875 0.0390625 0.068359375
0 0.5458984375 0.4111328125 0.0478515625 0.0712890625
0 0.595703125 0.3427734375 0.03515625 0.0546875
0 0.55078125 0.4365234375 0.05078125 0.06640625
0 0.6142578125 0.326171875 0.0341796875 0.0556640625
0 0.638671875 0.3671875 0.0341796875 0.04296875
0 0.7490234375 0.3671875 0.0322265625 0.07421875
0 0.5771484375 0.4677734375 0.0390625 0.06640625
0 0.7724609375 0.392578125 0.0390625 0.0712890625
0 0.662109375 0.419921875 0.0576171875 0.07421875
0 0.6240234375 0.513671875 0.06640625 0.0703125
0 0.0166015625 0.361328125 0.029296875 0.076171875
0 0.66796875 0.3544921875 0.044921875 0.0712890625
0 0.509765625 0.509765625 0.037109375 0.06640625
0 0.6220703125 0.6240234375 0.0625 0.0791015625
0 0.4345703125 0.6162109375 0.0498046875 0.08203125
0 0.4501953125 0.47265625 0.037109375 0.076171875