0 0.521484375 0.431640625 0.0419921875 0.04296875
0 0.4814453125 0.4306640625 0.0400390625 0.05078125
0 0.5302734375 0.466796875 0.044921875 0.0546875
0 0.4453125 0.4560546875 0.0556640625 0.0556640625
0 0.4853515625 0.3828125 0.044921875 0.0400390625
0 0.5517578125 0.4892578125 0.04296875 0.0654296875
1 0.970703125 0.3359375 0.02734375 0.07421875
0 0.2744140625 0.423828125 0.03515625 0.07421875
0 0.443359375 0.33984375 0.037109375 0.060546875
0 0.4599609375 0.49609375 0.0546875 0.06640625
0 0.767578125 0.41015625 0.0400390625 0.06640625
0 0.400390625 0.376953125 0.052734375 0.0546875
0 0.025390625 0.4814453125 0.03515625 0.07421875
0 0.64453125 0.49609375 0.0322265625 0.08203125
0 0.326171875 0.466796875 0.0341796875 0.0703125
0 0.427734375 0.427734375 0.05859375 0.052734375
0 0.1611328125 0.330078125 0.03125 0.0625
0 0.3974609375 0.51171875 0.0419921875 0.08203125
0 0.248046875 0.392578125 0.0390625 0.06640625
0 0.244140625 0.5732421875 0.03515625 0.083984375
0 0.60546875 0.5126953125 0.0576171875 0.078125