0 0.6064453125 0.3134765625 0.0400390625 0.0322265625
0 0.60546875 0.330078125 0.0390625 0.037109375
0 0.5146484375 0.2783203125 0.0234375 0.0625
0 0.580078125 0.296875 0.0322265625 0.0654296875
0 0.654296875 0.2958984375 0.0263671875 0.0703125
0 0.52734375 0.3984375 0.05078125 0.078125
0 0.142578125 0.333984375 0.0390625 0.07421875
0 0.712890625 0.337890625 0.0478515625 0.0732421875
0 0.57421875 0.3544921875 0.0419921875 0.0498046875
0 0.6201171875 0.3740234375 0.046875 0.060546875
0 0.3291015625 0.271484375 0.0263671875 0.0634765625
0 0.2587890625 0.54296875 0.0419921875 0.0859375
0 0.4111328125 0.435546875 0.0341796875 0.0791015625
0 0.5986328125 0.4345703125 0.052734375 0.07421875
0 0.640625 0.546875 0.05859375 0.0869140625