1 0.0068359375 0.396484375 0.013671875 0.0859375
0 0.552734375 0.482421875 0.037109375 0.0634765625
0 0.517578125 0.46484375 0.044921875 0.0419921875
1 0.6396484375 0.2490234375 0.03515625 0.060546875
0 0.59375 0.541015625 0.052734375 0.0791015625
0 0.607421875 0.5009765625 0.0625 0.0546875
0 0.494140625 0.552734375 0.0546875 0.0546875
0 0.646484375 0.419921875 0.0322265625 0.0732421875
0 0.6181640625 0.431640625 0.0576171875 0.0556640625
0 0.6142578125 0.4658203125 0.0625 0.052734375
0 0.51953125 0.4365234375 0.0419921875 0.03515625
0 0.869140625 0.318359375 0.02734375 0.05859375
0 0.251953125 0.474609375 0.04296875 0.078125
0 0.533203125 0.376953125 0.03125 0.078125
0 0.9306640625 0.51953125 0.03515625 0.0947265625
0 0.7470703125 0.4970703125 0.037109375 0.083984375
0 0.8662109375 0.400390625 0.0322265625 0.07421875
0 0.669921875 0.5576171875 0.0400390625 0.08984375
0 0.583984375 0.314453125 0.046875 0.06640625