0 0.4677734375 0.4892578125 0.03515625 0.05859375
0 0.634765625 0.35546875 0.05859375 0.060546875
0 0.4453125 0.330078125 0.0341796875 0.044921875
0 0.587890625 0.4384765625 0.05078125 0.0791015625
0 0.5908203125 0.388671875 0.0498046875 0.04296875
0 0.5419921875 0.4345703125 0.0556640625 0.04296875
0 0.607421875 0.3720703125 0.05078125 0.046875
0 0.505859375 0.408203125 0.0498046875 0.04296875
0 0.48046875 0.4453125 0.0546875 0.0556640625
0 0.4443359375 0.3798828125 0.0419921875 0.07421875
0 0.552734375 0.494140625 0.0546875 0.0625
0 0.3505859375 0.302734375 0.029296875 0.07421875
0 0.5302734375 0.361328125 0.0478515625 0.060546875
0 0.4091796875 0.4150390625 0.0400390625 0.0791015625
0 0.85546875 0.4453125 0.0478515625 0.083984375
0 0.080078125 0.630859375 0.068359375 0.0966796875
0 0.4775390625 0.6455078125 0.0703125 0.09375
0 0.435546875 0.5029296875 0.0625 0.08984375