0 0.5556640625 0.4677734375 0.0732421875 0.123046875
0 0.6865234375 0.4921875 0.076171875 0.1279296875
0 0.154296875 0.427734375 0.076171875 0.1572265625
0 0.2900390625 0.4404296875 0.09765625 0.13671875
0 0.240234375 0.4033203125 0.0859375 0.162109375
0 0.951171875 0.3408203125 0.076171875 0.13671875
0 0.1123046875 0.4365234375 0.0810546875 0.1640625
0 0.4501953125 0.443359375 0.083984375 0.12890625
0 0.728515625 0.486328125 0.0810546875 0.1279296875
0 0.2265625 0.59765625 0.1123046875 0.1640625
0 0.3681640625 0.4501953125 0.0703125 0.16796875
0 0.0458984375 0.4990234375 0.091796875 0.1328125
0 0.47265625 0.509765625 0.1044921875 0.171875
0 0.3203125 0.6025390625 0.09375 0.1484375
0 0.6103515625 0.4912109375 0.091796875 0.1357421875