0 0.4248046875 0.52734375 0.05859375 0.0859375
0 0.8115234375 0.63671875 0.0419921875 0.0947265625
0 0.416015625 0.47265625 0.0654296875 0.0859375
1 0.0205078125 0.400390625 0.0400390625 0.0888671875
0 0.494140625 0.4501953125 0.052734375 0.0810546875
0 0.5791015625 0.4921875 0.0419921875 0.0869140625
0 0.4755859375 0.529296875 0.060546875 0.0947265625
0 0.806640625 0.373046875 0.0390625 0.078125
0 0.935546875 0.384765625 0.0703125 0.076171875
0 0.5078125 0.5205078125 0.0625 0.0966796875
0 0.65234375 0.623046875 0.0546875 0.09765625
0 0.173828125 0.498046875 0.0634765625 0.0888671875