0 0.484375 0.4560546875 0.0478515625 0.0712890625
0 0.44140625 0.4580078125 0.03515625 0.0810546875
0 0.408203125 0.4130859375 0.0361328125 0.046875
0 0.4013671875 0.4658203125 0.046875 0.0869140625
0 0.501953125 0.4150390625 0.0400390625 0.0703125
0 0.224609375 0.4384765625 0.0439453125 0.083984375
0 0.53125 0.4990234375 0.044921875 0.0859375
0 0.5576171875 0.44921875 0.0400390625 0.0654296875
0 0.1484375 0.3388671875 0.0634765625 0.0771484375
0 0.7509765625 0.4609375 0.0498046875 0.0888671875
0 0.470703125 0.4814453125 0.056640625 0.0888671875
0 0.34375 0.4052734375 0.037109375 0.0791015625
0 0.2509765625 0.57421875 0.0703125 0.08203125
0 0.1884765625 0.32421875 0.0673828125 0.0673828125
0 0.39453125 0.341796875 0.03125 0.0712890625
0 0.5771484375 0.3388671875 0.03515625 0.080078125
0 0.2900390625 0.4931640625 0.0615234375 0.0771484375