0 0.259765625 0.5078125 0.0400390625 0.0908203125
0 0.798828125 0.388671875 0.03515625 0.0751953125
0 0.255859375 0.4482421875 0.0400390625 0.05078125
0 0.32421875 0.435546875 0.037109375 0.068359375
0 0.775390625 0.40625 0.0400390625 0.0732421875
0 0.2939453125 0.453125 0.046875 0.1025390625
1 0.533203125 0.24609375 0.033203125 0.0537109375
0 0.3359375 0.48828125 0.0537109375 0.08984375
0 0.8310546875 0.6904296875 0.0595703125 0.1015625
0 0.9736328125 0.591796875 0.052734375 0.099609375
0 0.888671875 0.6982421875 0.0498046875 0.0966796875
0 0.2001953125 0.4892578125 0.064453125 0.08984375
0 0.4765625 0.4697265625 0.048828125 0.09375
0 0.443359375 0.4970703125 0.08984375 0.0869140625