0 0.5341796875 0.478515625 0.0341796875 0.0810546875
0 0.5849609375 0.484375 0.04296875 0.0849609375
0 0.572265625 0.4951171875 0.046875 0.078125
0 0.390625 0.478515625 0.0419921875 0.083984375
0 0.208984375 0.6767578125 0.05859375 0.0615234375
0 0.5068359375 0.5068359375 0.0419921875 0.095703125
0 0.123046875 0.3994140625 0.0322265625 0.0830078125
0 0.36328125 0.427734375 0.0361328125 0.076171875
0 0.6806640625 0.37890625 0.0419921875 0.078125
1 0.09765625 0.4658203125 0.0390625 0.080078125
0 0.4970703125 0.4296875 0.0517578125 0.0751953125
0 0.6474609375 0.515625 0.0712890625 0.0888671875
0 0.109375 0.2880859375 0.0390625 0.0703125
0 0.5830078125 0.572265625 0.056640625 0.083984375
0 0.3173828125 0.34765625 0.0625 0.0673828125
0 0.318359375 0.525390625 0.0400390625 0.0859375
0 0.7587890625 0.4482421875 0.0546875 0.0869140625
0 0.3916015625 0.384765625 0.03125 0.078125