0 0.44921875 0.353515625 0.03515625 0.0712890625
0 0.6015625 0.361328125 0.03125 0.048828125
0 0.626953125 0.3857421875 0.046875 0.0615234375
0 0.5498046875 0.4111328125 0.0673828125 0.0556640625
0 0.5361328125 0.38671875 0.064453125 0.06640625
0 0.6162109375 0.4140625 0.0517578125 0.0546875
1 0.259765625 0.4296875 0.0244140625 0.0888671875
0 0.7880859375 0.4267578125 0.0439453125 0.0712890625
0 0.6201171875 0.490234375 0.048828125 0.0830078125
0 0.5771484375 0.6123046875 0.056640625 0.0712890625
0 0.6708984375 0.349609375 0.0322265625 0.0693359375
0 0.4111328125 0.4072265625 0.041015625 0.0673828125
0 0.5537109375 0.5009765625 0.0400390625 0.0888671875
0 0.3818359375 0.4375 0.0458984375 0.0771484375
0 0.123046875 0.5244140625 0.046875 0.0771484375
0 0.763671875 0.443359375 0.05078125 0.083984375
0 0.1943359375 0.625 0.0400390625 0.0908203125
0 0.703125 0.396484375 0.0478515625 0.0732421875
0 0.2783203125 0.306640625 0.0302734375 0.0693359375
0 0.529296875 0.4638671875 0.0546875 0.068359375
0 0.142578125 0.38671875 0.0390625 0.0712890625