0 0.83984375 0.6416015625 0.060546875 0.08984375
1 0.6474609375 0.650390625 0.056640625 0.068359375
1 0.9775390625 0.3720703125 0.0439453125 0.1259765625
0 0.84765625 0.556640625 0.0693359375 0.1181640625
0 0.775390625 0.44921875 0.0908203125 0.1337890625
0 0.74609375 0.623046875 0.0703125 0.125
0 0.50390625 0.41796875 0.0625 0.09765625
0 0.8935546875 0.6279296875 0.0673828125 0.1171875
0 0.6064453125 0.4140625 0.08203125 0.111328125
0 0.578125 0.6337890625 0.0615234375 0.1044921875
0 0.2890625 0.5703125 0.0673828125 0.150390625
0 0.3642578125 0.6044921875 0.0634765625 0.1591796875