0 0.6982421875 0.36328125 0.0390625 0.03515625
0 0.53515625 0.419921875 0.0576171875 0.046875
0 0.5400390625 0.3603515625 0.05859375 0.044921875
0 0.4228515625 0.390625 0.0439453125 0.046875
0 0.5341796875 0.3916015625 0.05859375 0.0478515625
0 0.46875 0.41015625 0.04296875 0.0595703125
0 0.703125 0.4033203125 0.0400390625 0.0751953125
0 0.431640625 0.435546875 0.05078125 0.07421875
0 0.708984375 0.3359375 0.0341796875 0.0673828125
0 0.53515625 0.455078125 0.0615234375 0.068359375
0 0.8935546875 0.6298828125 0.0625 0.0908203125
0 0.283203125 0.3759765625 0.0390625 0.0732421875
0 0.6728515625 0.435546875 0.0390625 0.0771484375
0 0.7099609375 0.5107421875 0.04296875 0.0927734375
0 0.390625 0.5234375 0.0615234375 0.09765625
0 0.1650390625 0.3955078125 0.033203125 0.0859375
0 0.4296875 0.6259765625 0.0693359375 0.095703125