0 0.46484375 0.3603515625 0.03515625 0.05078125
0 0.5546875 0.3818359375 0.04296875 0.0390625
0 0.5732421875 0.470703125 0.052734375 0.0712890625
0 0.4658203125 0.4072265625 0.0654296875 0.05078125
0 0.466796875 0.443359375 0.05078125 0.0556640625
0 0.4521484375 0.533203125 0.0390625 0.09765625
0 0.5302734375 0.4375 0.0478515625 0.0556640625
0 0.3076171875 0.380859375 0.03125 0.0712890625
0 0.619140625 0.4609375 0.037109375 0.083984375
0 0.4365234375 0.298828125 0.0322265625 0.0732421875
0 0.3076171875 0.4560546875 0.04296875 0.08984375
0 0.580078125 0.5302734375 0.052734375 0.0888671875
0 0.1318359375 0.3876953125 0.0322265625 0.0810546875
0 0.328125 0.59765625 0.037109375 0.1044921875
0 0.83984375 0.421875 0.03515625 0.083984375
0 0.634765625 0.568359375 0.0712890625 0.0869140625
0 0.521484375 0.3017578125 0.044921875 0.0712890625