0 0.3623046875 0.5078125 0.0517578125 0.03515625
0 0.361328125 0.439453125 0.0498046875 0.052734375
0 0.4560546875 0.447265625 0.0478515625 0.048828125
0 0.1630859375 0.4990234375 0.0400390625 0.0947265625
0 0.404296875 0.5078125 0.0498046875 0.0625
0 0.3671875 0.47265625 0.05078125 0.05859375
0 0.4658203125 0.5087890625 0.0556640625 0.0625
0 0.357421875 0.55078125 0.0576171875 0.0859375
0 0.3017578125 0.4482421875 0.05078125 0.072265625
0 0.6884765625 0.5341796875 0.05078125 0.0791015625
0 0.4951171875 0.5322265625 0.0703125 0.07421875
0 0.4951171875 0.462890625 0.0634765625 0.078125
0 0.6201171875 0.353515625 0.0400390625 0.0810546875
0 0.6064453125 0.2861328125 0.0361328125 0.072265625
1 0.73046875 0.490234375 0.0458984375 0.0791015625
0 0.138671875 0.546875 0.0537109375 0.091796875
0 0.48046875 0.583984375 0.0693359375 0.0673828125
0 0.908203125 0.39453125 0.033203125 0.0888671875
0 0.4130859375 0.65234375 0.0693359375 0.095703125
0 0.5341796875 0.65625 0.0576171875 0.09375
0 0.310546875 0.3662109375 0.052734375 0.0771484375
0 0.3408203125 0.28515625 0.0556640625 0.0712890625