0 0.291015625 0.3544921875 0.0322265625 0.033203125
0 0.2919921875 0.333984375 0.033203125 0.0322265625
1 0.4033203125 0.236328125 0.029296875 0.03515625
0 0.279296875 0.3896484375 0.0322265625 0.0439453125
1 0.53515625 0.373046875 0.0322265625 0.05859375
0 0.3115234375 0.380859375 0.0380859375 0.046875
0 0.1376953125 0.36328125 0.02734375 0.068359375
0 0.984375 0.5478515625 0.03125 0.0859375
0 0.625 0.296875 0.02734375 0.0576171875
0 0.298828125 0.291015625 0.0322265625 0.0556640625
0 0.345703125 0.26953125 0.0322265625 0.0537109375
0 0.3583984375 0.3828125 0.048828125 0.046875
0 0.673828125 0.439453125 0.03125 0.0703125
0 0.529296875 0.408203125 0.03125 0.0712890625
0 0.55859375 0.2744140625 0.029296875 0.05859375
0 0.1572265625 0.63671875 0.033203125 0.087890625
0 0.25390625 0.40234375 0.04296875 0.0625
0 0.27734375 0.63671875 0.0380859375 0.0947265625
0 0.3720703125 0.341796875 0.046875 0.0400390625
0 0.5595703125 0.34375 0.0322265625 0.056640625
0 0.333984375 0.439453125 0.0478515625 0.044921875
0 0.181640625 0.4619140625 0.0390625 0.0712890625
0 0.1591796875 0.5234375 0.0546875 0.0849609375
0 0.53515625 0.5234375 0.0341796875 0.078125