0 0.623046875 0.4658203125 0.046875 0.052734375
0 0.6552734375 0.515625 0.0546875 0.08984375
0 0.537109375 0.4150390625 0.0703125 0.0859375
0 0.595703125 0.525390625 0.0703125 0.091796875
0 0.5390625 0.2822265625 0.0556640625 0.0634765625
0 0.5517578125 0.46484375 0.068359375 0.09765625
0 0.6884765625 0.5302734375 0.05078125 0.0947265625
0 0.767578125 0.4375 0.05859375 0.08984375
0 0.658203125 0.42578125 0.04296875 0.0888671875
0 0.6328125 0.5517578125 0.05859375 0.099609375
0 0.751953125 0.638671875 0.0712890625 0.091796875
0 0.3603515625 0.662109375 0.0419921875 0.107421875
0 0.59375 0.5947265625 0.08984375 0.09765625
0 0.794921875 0.4853515625 0.060546875 0.1015625
0 0.509765625 0.5791015625 0.0419921875 0.09765625
0 0.3759765625 0.455078125 0.0419921875 0.091796875
0 0.2060546875 0.2978515625 0.037109375 0.060546875
0 0.2392578125 0.3828125 0.0400390625 0.078125