0 0.3935546875 0.43359375 0.0537109375 0.0576171875
0 0.50390625 0.4638671875 0.072265625 0.0546875
0 0.46484375 0.43359375 0.05859375 0.056640625
0 0.4365234375 0.404296875 0.0537109375 0.060546875
0 0.1650390625 0.4052734375 0.02734375 0.109375
0 0.5986328125 0.623046875 0.0537109375 0.091796875
0 0.3994140625 0.353515625 0.046875 0.0712890625
0 0.19921875 0.423828125 0.0517578125 0.1044921875
0 0.4677734375 0.57421875 0.0693359375 0.0986328125
0 0.3701171875 0.47265625 0.0615234375 0.08203125
0 0.5751953125 0.388671875 0.04296875 0.0849609375
0 0.6142578125 0.5673828125 0.05078125 0.09765625
0 0.345703125 0.41796875 0.052734375 0.0625
0 0.7333984375 0.4375 0.03515625 0.09765625
0 0.400390625 0.5390625 0.068359375 0.099609375
0 0.322265625 0.39453125 0.05859375 0.0703125
0 0.501953125 0.494140625 0.068359375 0.09375
0 0.3720703125 0.28515625 0.0390625 0.0703125
0 0.443359375 0.6416015625 0.078125 0.0927734375
0 0.279296875 0.2802734375 0.05859375 0.0771484375
0 0.6826171875 0.505859375 0.0703125 0.0966796875