0 0.423828125 0.423828125 0.044921875 0.0673828125
0 0.873046875 0.390625 0.0556640625 0.087890625
0 0.3974609375 0.404296875 0.0595703125 0.09375
0 0.4306640625 0.48828125 0.056640625 0.08203125
0 0.3642578125 0.486328125 0.05859375 0.0966796875
0 0.3076171875 0.5625 0.0830078125 0.1162109375
0 0.8994140625 0.36328125 0.0546875 0.08203125
0 0.51171875 0.447265625 0.064453125 0.1015625
0 0.4658203125 0.455078125 0.0537109375 0.111328125
0 0.408203125 0.5048828125 0.0576171875 0.1015625
0 0.8388671875 0.6279296875 0.0859375 0.0947265625
0 0.94140625 0.537109375 0.0625 0.1064453125
0 0.88671875 0.294921875 0.072265625 0.078125
0 0.212890625 0.4521484375 0.0673828125 0.1015625