0 0.4423828125 0.4111328125 0.04296875 0.02734375
0 0.44921875 0.353515625 0.0390625 0.0234375
0 0.462890625 0.3447265625 0.037109375 0.0390625
0 0.478515625 0.392578125 0.037109375 0.04296875
0 0.6640625 0.3662109375 0.02734375 0.0546875
0 0.4365234375 0.4453125 0.044921875 0.0625
0 0.6904296875 0.31640625 0.0244140625 0.06640625
0 0.53515625 0.373046875 0.0634765625 0.0390625
0 0.3095703125 0.4150390625 0.037109375 0.06640625
0 0.533203125 0.4521484375 0.0703125 0.0478515625
0 0.6689453125 0.416015625 0.0341796875 0.06640625
0 0.5322265625 0.4072265625 0.0634765625 0.044921875
0 0.3359375 0.3779296875 0.0341796875 0.0712890625
0 0.533203125 0.337890625 0.0556640625 0.0419921875
0 0.673828125 0.623046875 0.052734375 0.0859375
0 0.66796875 0.490234375 0.03515625 0.078125
0 0.923828125 0.5166015625 0.0341796875 0.0791015625
0 0.470703125 0.5009765625 0.052734375 0.06640625
0 0.4287109375 0.6171875 0.0576171875 0.0869140625