0 0.5732421875 0.388671875 0.0390625 0.0888671875
0 0.3134765625 0.3759765625 0.0390625 0.08203125
0 0.6083984375 0.3759765625 0.04296875 0.0625
0 0.58984375 0.4775390625 0.07421875 0.0791015625
0 0.4306640625 0.474609375 0.04296875 0.0927734375
0 0.345703125 0.3857421875 0.0478515625 0.0791015625
0 0.759765625 0.4765625 0.03515625 0.080078125
0 0.6640625 0.486328125 0.05859375 0.0927734375
0 0.4326171875 0.58984375 0.05859375 0.10546875
0 0.4794921875 0.34765625 0.046875 0.0791015625
0 0.8115234375 0.4609375 0.0576171875 0.09765625
0 0.482421875 0.57421875 0.064453125 0.09765625
0 0.47265625 0.41796875 0.044921875 0.078125
1 0.2607421875 0.46875 0.0439453125 0.0927734375
0 0.072265625 0.37890625 0.044921875 0.0830078125
0 0.541015625 0.443359375 0.0712890625 0.0888671875
0 0.3369140625 0.5029296875 0.0703125 0.0888671875
0 0.2783203125 0.318359375 0.0390625 0.07421875