0 0.52734375 0.4619140625 0.0419921875 0.0634765625
0 0.482421875 0.51953125 0.052734375 0.0732421875
0 0.466796875 0.6005859375 0.0732421875 0.0859375
0 0.560546875 0.4521484375 0.0419921875 0.044921875
0 0.56640625 0.5 0.044921875 0.07421875
0 0.623046875 0.4521484375 0.0546875 0.0859375
0 0.0732421875 0.400390625 0.02734375 0.08203125
0 0.5390625 0.2861328125 0.037109375 0.078125
0 0.67578125 0.494140625 0.0419921875 0.0654296875
0 0.537109375 0.5205078125 0.0625 0.0810546875
0 0.357421875 0.662109375 0.046875 0.0869140625
0 0.455078125 0.580078125 0.0634765625 0.078125
0 0.720703125 0.4970703125 0.046875 0.0869140625
1 0.16015625 0.4736328125 0.0322265625 0.0810546875
0 0.4697265625 0.283203125 0.029296875 0.0732421875
0 0.2685546875 0.662109375 0.0400390625 0.0888671875
0 0.4033203125 0.4599609375 0.04296875 0.0791015625
0 0.529296875 0.5849609375 0.060546875 0.0859375