0 0.712890625 0.388671875 0.046875 0.044921875
0 0.654296875 0.361328125 0.03515625 0.037109375
0 0.7275390625 0.4189453125 0.0419921875 0.0556640625
0 0.68359375 0.349609375 0.03515625 0.0400390625
0 0.6689453125 0.388671875 0.0400390625 0.04296875
0 0.73828125 0.3720703125 0.0390625 0.04296875
0 0.626953125 0.3984375 0.0390625 0.05859375
1 0.4091796875 0.3798828125 0.02734375 0.0654296875
0 0.4677734375 0.318359375 0.0234375 0.060546875
0 0.701171875 0.2744140625 0.02734375 0.0576171875
0 0.7548828125 0.3544921875 0.0400390625 0.052734375
0 0.388671875 0.609375 0.0341796875 0.068359375
0 0.771484375 0.2734375 0.03515625 0.0625
0 0.87109375 0.380859375 0.0322265625 0.078125
0 0.482421875 0.533203125 0.0341796875 0.068359375
0 0.322265625 0.4697265625 0.0322265625 0.0703125
0 0.708984375 0.6591796875 0.052734375 0.0810546875
0 0.6357421875 0.4345703125 0.0498046875 0.0625
0 0.708984375 0.462890625 0.046875 0.07421875
0 0.720703125 0.546875 0.05078125 0.068359375