0 0.775390625 0.4423828125 0.03515625 0.0869140625
0 0.787109375 0.423828125 0.044921875 0.0732421875
0 0.599609375 0.447265625 0.0546875 0.052734375
0 0.630859375 0.3974609375 0.0478515625 0.0419921875
0 0.619140625 0.4228515625 0.044921875 0.044921875
0 0.6240234375 0.35546875 0.03515625 0.060546875
0 0.619140625 0.48828125 0.0498046875 0.0791015625
0 0.525390625 0.470703125 0.05078125 0.0556640625
0 0.4501953125 0.353515625 0.0341796875 0.0732421875
0 0.5302734375 0.39453125 0.06640625 0.05078125
0 0.7109375 0.3994140625 0.04296875 0.06640625
1 0.263671875 0.44140625 0.0341796875 0.0859375
0 0.53515625 0.4228515625 0.0634765625 0.0478515625
0 0.677734375 0.34375 0.037109375 0.07421875
0 0.123046875 0.525390625 0.044921875 0.0810546875
0 0.376953125 0.4404296875 0.044921875 0.068359375
0 0.28125 0.3046875 0.02734375 0.0712890625
0 0.1484375 0.38671875 0.0400390625 0.0732421875
0 0.5322265625 0.5087890625 0.05078125 0.0859375
0 0.197265625 0.623046875 0.0400390625 0.09375
0 0.41015625 0.40625 0.0419921875 0.068359375
0 0.6142578125 0.607421875 0.0556640625 0.0888671875