0 0.509765625 0.4228515625 0.0283203125 0.0390625
0 0.2958984375 0.4609375 0.0419921875 0.0859375
0 0.4921875 0.4765625 0.0361328125 0.0927734375
0 0.5419921875 0.4609375 0.0380859375 0.0751953125
0 0.4375 0.427734375 0.0380859375 0.078125
0 0.525390625 0.490234375 0.0341796875 0.0947265625
0 0.6884765625 0.458984375 0.0361328125 0.052734375
0 0.4052734375 0.4404296875 0.046875 0.08984375
0 0.7578125 0.4365234375 0.033203125 0.0625
0 0.6953125 0.4365234375 0.03125 0.076171875
0 0.38671875 0.431640625 0.0458984375 0.0732421875
0 0.4658203125 0.4658203125 0.0419921875 0.0810546875
0 0.7607421875 0.7333984375 0.08203125 0.0927734375
1 0.5478515625 0.310546875 0.046875 0.06640625
0 0.6650390625 0.490234375 0.0478515625 0.0751953125
0 0.6083984375 0.4677734375 0.0615234375 0.0625
0 0.736328125 0.5712890625 0.0478515625 0.0859375
0 0.6748046875 0.6328125 0.0556640625 0.091796875