0 0.416015625 0.37109375 0.03125 0.0478515625
0 0.5380859375 0.453125 0.03515625 0.0869140625
0 0.482421875 0.451171875 0.0419921875 0.1103515625
0 0.3623046875 0.544921875 0.0654296875 0.078125
0 0.341796875 0.474609375 0.0419921875 0.0947265625
0 0.744140625 0.3017578125 0.03515625 0.0810546875
0 0.57421875 0.4638671875 0.0732421875 0.0869140625
0 0.404296875 0.4375 0.068359375 0.109375
0 0.685546875 0.61328125 0.0576171875 0.09765625
0 0.4521484375 0.482421875 0.0576171875 0.099609375
0 0.2265625 0.4560546875 0.068359375 0.099609375
0 0.634765625 0.3818359375 0.0634765625 0.0859375
0 0.697265625 0.31640625 0.037109375 0.0791015625
0 0.28515625 0.5205078125 0.06640625 0.083984375
0 0.744140625 0.6318359375 0.060546875 0.1201171875
0 0.677734375 0.48046875 0.06640625 0.091796875