0 0.9033203125 0.318359375 0.0341796875 0.0546875
1 0.515625 0.2373046875 0.02734375 0.037109375
0 0.38671875 0.5849609375 0.04296875 0.0810546875
0 0.0185546875 0.4814453125 0.037109375 0.037109375
0 0.7216796875 0.4306640625 0.0400390625 0.0546875
0 0.0732421875 0.4814453125 0.0732421875 0.0390625
0 0.2021484375 0.3994140625 0.04296875 0.0830078125
0 0.2607421875 0.41015625 0.0380859375 0.072265625
0 0.3310546875 0.4345703125 0.03515625 0.078125
0 0.5986328125 0.3388671875 0.044921875 0.0546875
0 0.41796875 0.591796875 0.037109375 0.08203125
0 0.298828125 0.490234375 0.044921875 0.080078125
0 0.0908203125 0.4296875 0.0419921875 0.0673828125
0 0.376953125 0.490234375 0.0498046875 0.0810546875
0 0.5478515625 0.3544921875 0.0390625 0.06640625