0 0.44921875 0.474609375 0.046875 0.1025390625
0 0.171875 0.2646484375 0.0390625 0.072265625
0 0.0546875 0.318359375 0.0380859375 0.08984375
0 0.0263671875 0.40234375 0.052734375 0.0859375
0 0.5986328125 0.525390625 0.0673828125 0.0859375
0 0.146484375 0.2705078125 0.03515625 0.076171875
1 0.9892578125 0.591796875 0.021484375 0.1201171875
0 0.0478515625 0.478515625 0.044921875 0.09375
0 0.5537109375 0.52734375 0.0439453125 0.09765625
0 0.6015625 0.435546875 0.0478515625 0.095703125
0 0.400390625 0.4765625 0.06640625 0.1083984375
0 0.525390625 0.4189453125 0.0498046875 0.1005859375
0 0.0888671875 0.30859375 0.0498046875 0.091796875
0 0.666015625 0.4853515625 0.0546875 0.10546875
0 0.0966796875 0.7099609375 0.080078125 0.10546875