0 0.5947265625 0.3681640625 0.0322265625 0.044921875
0 0.615234375 0.435546875 0.0498046875 0.037109375
0 0.615234375 0.369140625 0.037109375 0.0400390625
0 0.6845703125 0.392578125 0.037109375 0.03515625
1 0.630859375 0.244140625 0.029296875 0.0498046875
0 0.708984375 0.4375 0.0546875 0.05859375
0 0.6669921875 0.416015625 0.037109375 0.0498046875
0 0.8046875 0.404296875 0.0400390625 0.0732421875
0 0.69921875 0.3798828125 0.044921875 0.0498046875
0 0.6005859375 0.404296875 0.060546875 0.0419921875
0 0.3251953125 0.3681640625 0.0244140625 0.06640625
0 0.71484375 0.4794921875 0.060546875 0.07421875
0 0.6181640625 0.455078125 0.0546875 0.0625
0 0.162109375 0.650390625 0.0400390625 0.083984375
0 0.4150390625 0.2890625 0.0390625 0.046875
0 0.673828125 0.283203125 0.04296875 0.052734375
0 0.419921875 0.4912109375 0.0341796875 0.076171875
0 0.7529296875 0.5517578125 0.05859375 0.078125
0 0.333984375 0.572265625 0.037109375 0.076171875
0 0.7744140625 0.646484375 0.0576171875 0.0810546875