0 0.0166015625 0.6611328125 0.0322265625 0.123046875
0 0.6748046875 0.580078125 0.046875 0.0810546875
0 0.671875 0.5 0.0439453125 0.078125
0 0.091796875 0.271484375 0.0390625 0.0732421875
0 0.0498046875 0.4716796875 0.06640625 0.0947265625
0 0.0986328125 0.4365234375 0.0390625 0.0830078125
0 0.5263671875 0.5615234375 0.0595703125 0.126953125
0 0.564453125 0.552734375 0.0595703125 0.1181640625
0 0.302734375 0.34375 0.04296875 0.08984375
1 0.982421875 0.6669921875 0.0341796875 0.1259765625
0 0.14453125 0.376953125 0.04296875 0.08203125
0 0.744140625 0.521484375 0.0693359375 0.09765625
0 0.724609375 0.607421875 0.0712890625 0.1103515625