0 0.5458984375 0.5556640625 0.041015625 0.0361328125
0 0.5224609375 0.521484375 0.0439453125 0.037109375
0 0.466796875 0.6044921875 0.05078125 0.041015625
0 0.505859375 0.5537109375 0.0322265625 0.0419921875
0 0.287109375 0.453125 0.01953125 0.0517578125
0 0.33984375 0.537109375 0.029296875 0.060546875
0 0.470703125 0.578125 0.0478515625 0.03515625
0 0.6484375 0.416015625 0.037109375 0.0419921875
1 0.890625 0.609375 0.021484375 0.0712890625
0 0.1533203125 0.578125 0.0302734375 0.0556640625
0 0.556640625 0.5849609375 0.0498046875 0.0537109375
0 0.3662109375 0.5712890625 0.02734375 0.056640625
0 0.5693359375 0.5439453125 0.0380859375 0.04296875
0 0.541015625 0.404296875 0.021484375 0.0478515625
0 0.515625 0.6357421875 0.046875 0.0673828125
0 0.6533203125 0.5888671875 0.03515625 0.05859375
0 0.58984375 0.529296875 0.0390625 0.0478515625
0 0.263671875 0.6572265625 0.03125 0.0712890625
0 0.6220703125 0.5068359375 0.0390625 0.0537109375
0 0.4208984375 0.4970703125 0.0244140625 0.05078125
0 0.671875 0.552734375 0.03125 0.06640625
0 0.640625 0.470703125 0.03515625 0.0498046875