0 0.31640625 0.482421875 0.0419921875 0.087890625
0 0.35546875 0.400390625 0.0419921875 0.060546875
0 0.6357421875 0.3310546875 0.0419921875 0.08984375
0 0.353515625 0.4541015625 0.046875 0.08984375
0 0.6123046875 0.728515625 0.0498046875 0.1044921875
0 0.8974609375 0.326171875 0.0478515625 0.0791015625
0 0.287109375 0.5107421875 0.0517578125 0.1044921875
0 0.962890625 0.732421875 0.0595703125 0.0966796875
0 0.6884765625 0.4228515625 0.0498046875 0.0869140625
0 0.40234375 0.46484375 0.078125 0.0888671875
0 0.583984375 0.3828125 0.05078125 0.0908203125
0 0.40625 0.4091796875 0.07421875 0.0869140625
0 0.5712890625 0.5546875 0.0556640625 0.09375
0 0.255859375 0.4462890625 0.0546875 0.0888671875
0 0.4658203125 0.345703125 0.064453125 0.08984375
0 0.7333984375 0.4931640625 0.052734375 0.095703125
0 0.353515625 0.5234375 0.0791015625 0.103515625
1 0.7958984375 0.453125 0.0419921875 0.0947265625
0 0.1767578125 0.447265625 0.0634765625 0.095703125