0 0.66015625 0.44921875 0.0390625 0.052734375
0 0.6826171875 0.42578125 0.0390625 0.03515625
0 0.69140625 0.396484375 0.03515625 0.046875
0 0.572265625 0.41015625 0.02734375 0.0537109375
0 0.6904296875 0.4736328125 0.0419921875 0.07421875
0 0.595703125 0.39453125 0.0263671875 0.0634765625
0 0.7001953125 0.380859375 0.0458984375 0.0556640625
1 0.376953125 0.4296875 0.0244140625 0.078125
0 0.4462890625 0.3291015625 0.0244140625 0.0498046875
0 0.6962890625 0.3447265625 0.0439453125 0.0576171875
0 0.658203125 0.2939453125 0.0390625 0.0556640625
0 0.5263671875 0.498046875 0.0361328125 0.0859375
0 0.7333984375 0.5419921875 0.0419921875 0.0859375
0 0.18359375 0.4951171875 0.025390625 0.0859375
0 0.5703125 0.490234375 0.0361328125 0.087890625
0 0.4541015625 0.3828125 0.041015625 0.07421875
0 0.1953125 0.349609375 0.0234375 0.0703125
0 0.556640625 0.2861328125 0.01953125 0.060546875
0 0.8330078125 0.439453125 0.0361328125 0.0810546875
0 0.3447265625 0.611328125 0.044921875 0.095703125
0 0.70703125 0.646484375 0.06640625 0.080078125