0 0.986328125 0.44921875 0.0244140625 0.119140625
0 0.521484375 0.572265625 0.0322265625 0.1103515625
0 0.599609375 0.54296875 0.0546875 0.0869140625
0 0.6611328125 0.55078125 0.0751953125 0.1162109375
0 0.6923828125 0.5458984375 0.0673828125 0.1259765625
0 0.5517578125 0.546875 0.060546875 0.0986328125
1 0.3876953125 0.310546875 0.04296875 0.1064453125
0 0.466796875 0.5107421875 0.0654296875 0.1064453125
0 0.53125 0.244140625 0.0302734375 0.05078125
0 0.3935546875 0.52734375 0.08984375 0.111328125
0 0.521484375 0.470703125 0.0634765625 0.1044921875
0 0.609375 0.41796875 0.0478515625 0.1015625
0 0.69921875 0.3681640625 0.046875 0.10546875
0 0.818359375 0.48046875 0.060546875 0.1337890625