0 0.494140625 0.34765625 0.033203125 0.060546875
0 0.5078125 0.46875 0.046875 0.05859375
0 0.46875 0.3994140625 0.03515625 0.0634765625
0 0.4775390625 0.4423828125 0.041015625 0.0703125
0 0.4375 0.4189453125 0.0390625 0.0712890625
0 0.45703125 0.373046875 0.03125 0.048828125
0 0.517578125 0.3212890625 0.03125 0.048828125
0 0.5205078125 0.3828125 0.037109375 0.0654296875
0 0.4248046875 0.361328125 0.0341796875 0.0517578125
0 0.34375 0.3662109375 0.0302734375 0.0634765625
0 0.6826171875 0.37109375 0.02734375 0.0712890625
0 0.505859375 0.4072265625 0.04296875 0.0654296875
0 0.40234375 0.43359375 0.0400390625 0.0712890625
0 0.5927734375 0.3330078125 0.03125 0.0556640625
0 0.322265625 0.384765625 0.03125 0.0751953125
0 0.548828125 0.49609375 0.052734375 0.0556640625
0 0.4921875 0.556640625 0.0703125 0.06640625
0 0.9287109375 0.35546875 0.0439453125 0.0703125
0 0.9296875 0.5595703125 0.044921875 0.076171875
0 0.66796875 0.6552734375 0.064453125 0.083984375
0 0.7822265625 0.4453125 0.0458984375 0.0625
0 0.4140625 0.6552734375 0.076171875 0.0703125