0 0.5751953125 0.345703125 0.0302734375 0.0458984375
0 0.4638671875 0.380859375 0.046875 0.0869140625
0 0.5966796875 0.421875 0.04296875 0.0849609375
0 0.5 0.3955078125 0.0478515625 0.0908203125
0 0.669921875 0.4755859375 0.037109375 0.0810546875
0 0.6904296875 0.4775390625 0.052734375 0.09375
0 0.82421875 0.44921875 0.0458984375 0.080078125
0 0.60546875 0.3857421875 0.0439453125 0.0830078125
0 0.4267578125 0.3671875 0.052734375 0.08203125
0 0.873046875 0.560546875 0.0390625 0.09375
0 0.755859375 0.3623046875 0.0322265625 0.076171875
1 0.6435546875 0.26171875 0.048828125 0.0751953125
0 0.2099609375 0.4736328125 0.046875 0.095703125