0 0.5419921875 0.41015625 0.0341796875 0.0390625
0 0.572265625 0.419921875 0.0400390625 0.05078125
0 0.5625 0.46875 0.0498046875 0.0712890625
0 0.486328125 0.509765625 0.0419921875 0.078125
0 0.6015625 0.498046875 0.046875 0.068359375
0 0.4599609375 0.48828125 0.0732421875 0.0576171875
0 0.5458984375 0.3818359375 0.044921875 0.0390625
0 0.3115234375 0.4892578125 0.0390625 0.0869140625
0 0.521484375 0.439453125 0.0478515625 0.0556640625
0 0.626953125 0.5732421875 0.07421875 0.0869140625
0 0.46484375 0.5517578125 0.044921875 0.08984375
0 0.458984375 0.4443359375 0.0556640625 0.05078125
0 0.4560546875 0.408203125 0.0625 0.0498046875
0 0.05859375 0.400390625 0.029296875 0.08203125
0 0.5107421875 0.2998046875 0.046875 0.07421875
0 0.185546875 0.62109375 0.04296875 0.0947265625
0 0.8359375 0.4228515625 0.037109375 0.0859375
0 0.572265625 0.533203125 0.05078125 0.08984375
0 0.310546875 0.4287109375 0.0419921875 0.076171875
0 0.4306640625 0.30859375 0.03515625 0.0634765625
0 0.44140625 0.365234375 0.0576171875 0.0634765625