0 0.41015625 0.4638671875 0.03515625 0.0625
0 0.3720703125 0.419921875 0.0341796875 0.0703125
0 0.4296875 0.662109375 0.0498046875 0.060546875
0 0.38671875 0.3720703125 0.03515625 0.052734375
0 0.365234375 0.2978515625 0.0322265625 0.0546875
0 0.4140625 0.419921875 0.0498046875 0.05859375
0 0.3427734375 0.3779296875 0.0419921875 0.0654296875
0 0.583984375 0.5390625 0.0341796875 0.0810546875
0 0.421875 0.4951171875 0.0625 0.0556640625
0 0.408203125 0.2998046875 0.029296875 0.05859375
0 0.431640625 0.392578125 0.04296875 0.05859375
0 0.333984375 0.4521484375 0.05078125 0.076171875
0 0.6572265625 0.4580078125 0.0322265625 0.0654296875
0 0.859375 0.521484375 0.03125 0.0791015625
0 0.7373046875 0.341796875 0.02734375 0.0654296875
0 0.404296875 0.5625 0.0576171875 0.0625
0 0.7216796875 0.6376953125 0.0498046875 0.078125
0 0.236328125 0.4111328125 0.029296875 0.07421875
0 0.513671875 0.345703125 0.03515625 0.05859375