0 0.3359375 0.62890625 0.046875 0.1171875
0 0.3017578125 0.634765625 0.0537109375 0.1279296875
0 0.2607421875 0.6181640625 0.0546875 0.09765625
0 0.1513671875 0.6494140625 0.06640625 0.1201171875
0 0.025390625 0.6220703125 0.0498046875 0.0654296875
0 0.9677734375 0.298828125 0.0615234375 0.0673828125
0 0.265625 0.6748046875 0.0576171875 0.06640625
0 0.9208984375 0.310546875 0.0390625 0.0888671875
0 0.685546875 0.552734375 0.052734375 0.109375
0 0.537109375 0.4853515625 0.04296875 0.109375
0 0.9833984375 0.634765625 0.033203125 0.091796875
1 0.68359375 0.6474609375 0.05859375 0.1181640625
0 0.3896484375 0.4638671875 0.0390625 0.1044921875
0 0.767578125 0.5849609375 0.046875 0.1181640625
0 0.85546875 0.6064453125 0.05859375 0.0732421875
0 0.9072265625 0.5947265625 0.04296875 0.1123046875