0 0.4453125 0.419921875 0.056640625 0.0517578125
0 0.208984375 0.4169921875 0.029296875 0.09375
0 0.490234375 0.3486328125 0.0400390625 0.056640625
0 0.4130859375 0.400390625 0.0498046875 0.052734375
0 0.5087890625 0.4375 0.0556640625 0.0595703125
0 0.462890625 0.2861328125 0.037109375 0.076171875
0 0.50390625 0.3935546875 0.0517578125 0.046875
1 0.73828125 0.4140625 0.04296875 0.08203125
0 0.1748046875 0.4052734375 0.046875 0.08203125
0 0.4287109375 0.4609375 0.0546875 0.0849609375
0 0.7177734375 0.435546875 0.0390625 0.0859375
0 0.1875 0.4560546875 0.0439453125 0.08984375
0 0.54296875 0.48046875 0.0615234375 0.0625
0 0.9375 0.3330078125 0.0302734375 0.0947265625
0 0.73828125 0.525390625 0.046875 0.1015625
0 0.380859375 0.5830078125 0.0400390625 0.09765625
0 0.392578125 0.3740234375 0.04296875 0.0703125
0 0.87109375 0.6015625 0.046875 0.1083984375
0 0.6689453125 0.4013671875 0.0390625 0.080078125
0 0.4912109375 0.56640625 0.0595703125 0.09765625
0 0.365234375 0.287109375 0.0546875 0.076171875