0 0.626953125 0.3779296875 0.02734375 0.0498046875
0 0.6142578125 0.42578125 0.0400390625 0.05078125
0 0.4833984375 0.62890625 0.0322265625 0.06640625
0 0.4267578125 0.626953125 0.0400390625 0.0556640625
0 0.6982421875 0.4296875 0.0341796875 0.05859375
0 0.6650390625 0.4326171875 0.0419921875 0.052734375
0 0.69921875 0.37109375 0.0322265625 0.0546875
1 0.4140625 0.3837890625 0.0244140625 0.0576171875
0 0.3046875 0.4208984375 0.0244140625 0.0478515625
0 0.546875 0.3193359375 0.0400390625 0.0478515625
0 0.7392578125 0.40234375 0.0244140625 0.0546875
0 0.357421875 0.349609375 0.0244140625 0.0556640625
0 0.439453125 0.310546875 0.021484375 0.0498046875
0 0.47265625 0.4521484375 0.0419921875 0.060546875
0 0.8046875 0.400390625 0.021484375 0.0634765625
0 0.2998046875 0.470703125 0.037109375 0.05078125
0 0.455078125 0.5400390625 0.03515625 0.0703125
0 0.4013671875 0.54296875 0.037109375 0.0634765625