0 0.5068359375 0.361328125 0.029296875 0.0625
0 0.6279296875 0.345703125 0.037109375 0.0634765625
0 0.703125 0.3271484375 0.0244140625 0.0478515625
0 0.447265625 0.333984375 0.03125 0.0625
0 0.744140625 0.53515625 0.03515625 0.0703125
0 0.7177734375 0.4228515625 0.0322265625 0.0576171875
0 0.4697265625 0.40234375 0.044921875 0.076171875
0 0.5341796875 0.3359375 0.0341796875 0.0654296875
0 0.408203125 0.337890625 0.037109375 0.076171875
0 0.6455078125 0.3701171875 0.03125 0.0654296875
0 0.75390625 0.65625 0.0419921875 0.0810546875
0 0.2861328125 0.4052734375 0.0341796875 0.06640625
0 0.89453125 0.6572265625 0.076171875 0.0947265625
0 0.7744140625 0.5556640625 0.05078125 0.08203125
0 0.37109375 0.3720703125 0.0419921875 0.0654296875