0 0.521484375 0.384765625 0.0341796875 0.0556640625
0 0.4619140625 0.3779296875 0.03515625 0.05859375
0 0.7119140625 0.416015625 0.046875 0.078125
0 0.453125 0.4423828125 0.03515625 0.083984375
0 0.54296875 0.4560546875 0.0439453125 0.087890625
0 0.6875 0.4521484375 0.0439453125 0.080078125
1 0.5302734375 0.25 0.04296875 0.0625
0 0.724609375 0.5380859375 0.044921875 0.0927734375
0 0.1953125 0.42578125 0.04296875 0.080078125
0 0.4638671875 0.56640625 0.072265625 0.08203125
0 0.9765625 0.6611328125 0.0458984375 0.091796875
0 0.748046875 0.376953125 0.0400390625 0.07421875
0 0.412109375 0.421875 0.037109375 0.08984375
0 0.3408203125 0.390625 0.046875 0.0771484375
0 0.513671875 0.658203125 0.08984375 0.080078125