0 0.5439453125 0.470703125 0.046875 0.03125
0 0.5439453125 0.4931640625 0.046875 0.03515625
0 0.310546875 0.4326171875 0.0400390625 0.05859375
0 0.5634765625 0.45703125 0.0478515625 0.0732421875
0 0.4580078125 0.400390625 0.0556640625 0.06640625
0 0.0087890625 0.501953125 0.0166015625 0.09375
0 0.4599609375 0.482421875 0.0546875 0.03515625
0 0.5185546875 0.4599609375 0.0498046875 0.05078125
0 0.310546875 0.345703125 0.0244140625 0.0791015625
0 0.462890625 0.517578125 0.052734375 0.0732421875
0 0.541015625 0.525390625 0.052734375 0.05859375
0 0.451171875 0.455078125 0.060546875 0.0498046875
0 0.5576171875 0.4091796875 0.046875 0.0400390625
0 0.599609375 0.5732421875 0.029296875 0.099609375
0 0.310546875 0.474609375 0.03515625 0.08203125
0 0.689453125 0.5078125 0.044921875 0.0625
0 0.1982421875 0.6181640625 0.04296875 0.1015625
0 0.40234375 0.5390625 0.05078125 0.0869140625
0 0.486328125 0.310546875 0.037109375 0.0625
0 0.5478515625 0.306640625 0.0419921875 0.0732421875
0 0.822265625 0.4619140625 0.0400390625 0.08203125