0 0.44921875 0.373046875 0.0419921875 0.03125
0 0.4609375 0.3447265625 0.037109375 0.0390625
0 0.4453125 0.4189453125 0.037109375 0.046875
0 0.4794921875 0.392578125 0.0400390625 0.04296875
0 0.4169921875 0.4306640625 0.04296875 0.0634765625
0 0.6708984375 0.365234375 0.029296875 0.0478515625
0 0.533203125 0.451171875 0.068359375 0.0498046875
0 0.3076171875 0.4130859375 0.037109375 0.06640625
0 0.5322265625 0.4072265625 0.060546875 0.044921875
0 0.5341796875 0.3359375 0.05859375 0.04296875
0 0.6923828125 0.3095703125 0.0244140625 0.068359375
0 0.5361328125 0.37109375 0.0625 0.0390625
0 0.333984375 0.376953125 0.0322265625 0.0732421875
0 0.669921875 0.412109375 0.03125 0.07421875
0 0.673828125 0.6220703125 0.052734375 0.0869140625
0 0.6650390625 0.482421875 0.0322265625 0.076171875
0 0.923828125 0.5166015625 0.0341796875 0.0791015625
0 0.470703125 0.5 0.052734375 0.068359375
0 0.427734375 0.6162109375 0.0556640625 0.0888671875