0 0.6982421875 0.3623046875 0.0390625 0.03515625
0 0.5361328125 0.4189453125 0.0576171875 0.0458984375
0 0.423828125 0.390625 0.044921875 0.046875
0 0.5341796875 0.390625 0.056640625 0.0458984375
0 0.5400390625 0.359375 0.0595703125 0.044921875
0 0.697265625 0.328125 0.0322265625 0.0615234375
0 0.47265625 0.4091796875 0.0439453125 0.0595703125
0 0.705078125 0.40234375 0.04296875 0.0712890625
0 0.431640625 0.43359375 0.0498046875 0.0751953125
0 0.53515625 0.4541015625 0.0615234375 0.0673828125
0 0.7861328125 0.6318359375 0.0439453125 0.091796875
0 0.6728515625 0.4345703125 0.041015625 0.078125
0 0.7109375 0.509765625 0.04296875 0.0908203125
0 0.28125 0.375 0.0361328125 0.072265625
0 0.3916015625 0.521484375 0.0634765625 0.09765625
0 0.166015625 0.39453125 0.033203125 0.0849609375
0 0.4296875 0.625 0.0693359375 0.0966796875