0 0.3046875 0.462890625 0.07421875 0.0966796875
0 0.8740234375 0.3681640625 0.044921875 0.0888671875
0 0.9404296875 0.6796875 0.0556640625 0.115234375
0 0.220703125 0.4853515625 0.046875 0.09765625
0 0.240234375 0.4931640625 0.0498046875 0.09765625
0 0.3740234375 0.486328125 0.0576171875 0.08984375
0 0.4365234375 0.48828125 0.06640625 0.0947265625
0 0.849609375 0.408203125 0.04296875 0.0859375
0 0.296875 0.505859375 0.05859375 0.0966796875
0 0.92578125 0.392578125 0.0546875 0.083984375
0 0.8896484375 0.671875 0.0576171875 0.109375
0 0.49609375 0.4814453125 0.0732421875 0.08984375