0 0.390625 0.443359375 0.04296875 0.0791015625
0 0.7373046875 0.7265625 0.046875 0.109375
1 0.0322265625 0.28125 0.0498046875 0.0625
0 0.033203125 0.6474609375 0.046875 0.09375
0 0.76953125 0.6640625 0.03515625 0.0634765625
0 0.181640625 0.396484375 0.033203125 0.0751953125
0 0.1064453125 0.6064453125 0.04296875 0.0791015625
0 0.47265625 0.35546875 0.03515625 0.0673828125
0 0.828125 0.4404296875 0.0537109375 0.076171875
0 0.509765625 0.3564453125 0.037109375 0.0673828125
0 0.2529296875 0.3955078125 0.048828125 0.06640625