0 0.224609375 0.2490234375 0.0224609375 0.0595703125
0 0.2568359375 0.25390625 0.0361328125 0.0703125
0 0.5009765625 0.2861328125 0.0322265625 0.0703125
0 0.5185546875 0.34765625 0.0283203125 0.068359375
0 0.484375 0.259765625 0.0302734375 0.0751953125
0 0.6025390625 0.25 0.03125 0.0625
0 0.9814453125 0.3896484375 0.0361328125 0.08203125
0 0.6328125 0.3076171875 0.0244140625 0.0703125
0 0.3505859375 0.37109375 0.0322265625 0.0849609375
0 0.8701171875 0.3388671875 0.041015625 0.072265625
0 0.609375 0.34765625 0.0283203125 0.068359375
0 0.921875 0.541015625 0.046875 0.0830078125
0 0.8115234375 0.5830078125 0.041015625 0.076171875
0 0.5830078125 0.2900390625 0.0302734375 0.0615234375
0 0.384765625 0.2666015625 0.0322265625 0.078125
0 0.3115234375 0.4677734375 0.0361328125 0.0859375
0 0.9033203125 0.4580078125 0.056640625 0.0732421875