0 0.373046875 0.4765625 0.0498046875 0.064453125
0 0.365234375 0.419921875 0.0390625 0.04296875
0 0.42578125 0.4306640625 0.046875 0.05859375
0 0.275390625 0.4736328125 0.033203125 0.0703125
0 0.3583984375 0.451171875 0.0361328125 0.0634765625
0 0.337890625 0.5830078125 0.0400390625 0.076171875
0 0.4560546875 0.3271484375 0.0322265625 0.0654296875
0 0.318359375 0.5166015625 0.04296875 0.06640625
0 0.3779296875 0.5361328125 0.0615234375 0.076171875
0 0.294921875 0.59375 0.052734375 0.08984375
0 0.79296875 0.6650390625 0.0419921875 0.0703125
0 0.3818359375 0.5888671875 0.0576171875 0.0810546875
0 0.5458984375 0.328125 0.0498046875 0.0693359375
0 0.2578125 0.541015625 0.05859375 0.083984375
0 0.7451171875 0.283203125 0.0341796875 0.0673828125
0 0.1826171875 0.4677734375 0.03515625 0.078125
0 0.435546875 0.478515625 0.064453125 0.076171875
0 0.6787109375 0.3486328125 0.03125 0.068359375
0 0.8212890625 0.578125 0.037109375 0.0859375
1 0.7353515625 0.5087890625 0.04296875 0.0859375
0 0.5771484375 0.5419921875 0.0478515625 0.08203125
0 0.623046875 0.4560546875 0.048828125 0.083984375