0 0.3427734375 0.58984375 0.041015625 0.09765625
0 0.3671875 0.6123046875 0.048828125 0.1162109375
0 0.9736328125 0.296875 0.05078125 0.083984375
0 0.109375 0.662109375 0.09765625 0.091796875
0 0.3974609375 0.60546875 0.0419921875 0.1171875
0 0.876953125 0.5888671875 0.05078125 0.0693359375
0 0.294921875 0.615234375 0.0654296875 0.109375
0 0.732421875 0.541015625 0.048828125 0.0947265625
0 0.01953125 0.6015625 0.0390625 0.125
0 0.9853515625 0.603515625 0.0283203125 0.1005859375
1 0.7265625 0.6279296875 0.0400390625 0.12109375
0 0.234375 0.634765625 0.0751953125 0.1279296875
0 0.3193359375 0.66015625 0.0654296875 0.09765625
0 0.9208984375 0.59765625 0.048828125 0.11328125
0 0.830078125 0.583984375 0.0546875 0.107421875
0 0.59375 0.4912109375 0.0439453125 0.109375
0 0.4169921875 0.4609375 0.0400390625 0.1064453125