0 0.3349609375 0.4541015625 0.0537109375 0.03125
0 0.3369140625 0.4267578125 0.052734375 0.041015625
0 0.373046875 0.453125 0.0546875 0.0703125
0 0.5810546875 0.4150390625 0.044921875 0.0908203125
0 0.4443359375 0.4501953125 0.056640625 0.0458984375
0 0.15625 0.4365234375 0.0556640625 0.107421875
0 0.4599609375 0.5185546875 0.0595703125 0.109375
0 0.1474609375 0.4716796875 0.048828125 0.0947265625
0 0.33984375 0.396484375 0.0537109375 0.037109375
0 0.3251953125 0.49609375 0.0576171875 0.0751953125
0 0.455078125 0.416015625 0.0673828125 0.0546875
0 0.912109375 0.3974609375 0.03515625 0.099609375
0 0.853515625 0.587890625 0.0361328125 0.107421875
0 0.2294921875 0.458984375 0.03515625 0.0947265625
0 0.5126953125 0.3505859375 0.041015625 0.09375
0 0.2861328125 0.3984375 0.056640625 0.072265625
1 0.7509765625 0.4462890625 0.0498046875 0.0830078125
0 0.603515625 0.4755859375 0.05078125 0.0947265625
0 0.7060546875 0.306640625 0.0390625 0.080078125
0 0.35546875 0.3310546875 0.0556640625 0.08984375