0 0.4560546875 0.447265625 0.0498046875 0.0478515625
0 0.4658203125 0.5048828125 0.0556640625 0.0556640625
0 0.396484375 0.5078125 0.04296875 0.0654296875
0 0.3603515625 0.4375 0.05078125 0.0498046875
0 0.166015625 0.4990234375 0.0419921875 0.09765625
0 0.48828125 0.533203125 0.0703125 0.0712890625
0 0.3681640625 0.47265625 0.05078125 0.0576171875
0 0.3583984375 0.55078125 0.0546875 0.0859375
0 0.302734375 0.447265625 0.05078125 0.0732421875
0 0.4951171875 0.462890625 0.0625 0.076171875
0 0.607421875 0.287109375 0.0341796875 0.0732421875
0 0.908203125 0.400390625 0.029296875 0.08984375
0 0.62109375 0.3544921875 0.0390625 0.078125
0 0.138671875 0.5458984375 0.052734375 0.091796875
1 0.73046875 0.490234375 0.044921875 0.0791015625
0 0.4794921875 0.583984375 0.0712890625 0.06640625
0 0.703125 0.552734375 0.0498046875 0.0859375
0 0.4130859375 0.65234375 0.0703125 0.0947265625
0 0.310546875 0.365234375 0.052734375 0.076171875
0 0.5341796875 0.65625 0.0556640625 0.09375
0 0.3408203125 0.28515625 0.0556640625 0.0732421875