0 0.3740234375 0.47265625 0.048828125 0.044921875
0 0.3310546875 0.53515625 0.052734375 0.0390625
0 0.3916015625 0.5009765625 0.052734375 0.0556640625
0 0.3837890625 0.439453125 0.0439453125 0.0439453125
0 0.35546875 0.5244140625 0.0478515625 0.05859375
0 0.4609375 0.50390625 0.052734375 0.0576171875
0 0.76171875 0.2763671875 0.0263671875 0.076171875
0 0.2158203125 0.4775390625 0.03125 0.091796875
0 0.2451171875 0.46484375 0.0458984375 0.080078125
0 0.3994140625 0.30859375 0.05078125 0.0712890625
0 0.3212890625 0.5751953125 0.0537109375 0.064453125
0 0.453125 0.3212890625 0.046875 0.076171875
1 0.732421875 0.509765625 0.0439453125 0.080078125
0 0.259765625 0.5703125 0.048828125 0.0791015625
0 0.4697265625 0.466796875 0.052734375 0.05859375
0 0.7626953125 0.654296875 0.0390625 0.091796875
0 0.673828125 0.3408203125 0.03125 0.0810546875
0 0.78125 0.5634765625 0.0439453125 0.0888671875
0 0.4462890625 0.5517578125 0.0576171875 0.0634765625
0 0.408203125 0.5751953125 0.0576171875 0.08984375
0 0.9775390625 0.357421875 0.0380859375 0.076171875
0 0.5927734375 0.5380859375 0.04296875 0.0830078125
0 0.6220703125 0.4560546875 0.03515625 0.0849609375