1 0.29296875 0.4931640625 0.0546875 0.0859375
0 0.599609375 0.501953125 0.0556640625 0.06640625
0 0.4765625 0.5029296875 0.0556640625 0.068359375
0 0.7978515625 0.505859375 0.05078125 0.109375
0 0.1748046875 0.67578125 0.0498046875 0.0634765625
0 0.453125 0.53515625 0.0654296875 0.0419921875
0 0.5556640625 0.5205078125 0.06640625 0.07421875
1 0.619140625 0.2666015625 0.0478515625 0.0888671875
0 0.556640625 0.359375 0.046875 0.07421875
0 0.5869140625 0.677734375 0.0322265625 0.060546875
0 0.2998046875 0.5546875 0.052734375 0.1025390625
0 0.505859375 0.4462890625 0.05078125 0.08203125
0 0.6162109375 0.478515625 0.0703125 0.078125
1 0.173828125 0.513671875 0.0546875 0.08984375
0 0.5830078125 0.564453125 0.07421875 0.091796875
0 0.6962890625 0.35546875 0.06640625 0.0859375
0 0.79296875 0.564453125 0.0546875 0.10546875
0 0.6201171875 0.4228515625 0.07421875 0.091796875
0 0.244140625 0.4140625 0.052734375 0.083984375
0 0.435546875 0.580078125 0.09375 0.09375