0 0.9912109375 0.55078125 0.017578125 0.0849609375
0 0.2919921875 0.3544921875 0.033203125 0.0322265625
0 0.2919921875 0.3349609375 0.033203125 0.03125
0 0.279296875 0.3896484375 0.03125 0.0439453125
1 0.4033203125 0.236328125 0.029296875 0.03515625
1 0.53515625 0.373046875 0.03125 0.05859375
0 0.3115234375 0.380859375 0.0380859375 0.0458984375
0 0.138671875 0.36328125 0.0263671875 0.068359375
0 0.5712890625 0.2744140625 0.0234375 0.05859375
0 0.66796875 0.439453125 0.03125 0.0712890625
0 0.345703125 0.26953125 0.0322265625 0.0546875
0 0.298828125 0.291015625 0.0322265625 0.056640625
0 0.3583984375 0.3828125 0.048828125 0.046875
0 0.529296875 0.408203125 0.03125 0.0693359375
0 0.63671875 0.298828125 0.02734375 0.05859375
0 0.55859375 0.3447265625 0.03125 0.0556640625
0 0.25390625 0.4033203125 0.04296875 0.0634765625
0 0.3720703125 0.341796875 0.046875 0.0390625
0 0.333984375 0.439453125 0.0478515625 0.044921875
0 0.16015625 0.5244140625 0.0537109375 0.0830078125
0 0.5419921875 0.5224609375 0.0361328125 0.0791015625
0 0.1796875 0.4619140625 0.0400390625 0.072265625
0 0.1572265625 0.63671875 0.033203125 0.091796875
0 0.32421875 0.6416015625 0.0419921875 0.0947265625