0 0.5712890625 0.517578125 0.03125 0.037109375
0 0.556640625 0.48046875 0.0341796875 0.0244140625
0 0.5673828125 0.4951171875 0.0361328125 0.025390625
0 0.490234375 0.470703125 0.03125 0.0458984375
1 0.509765625 0.333984375 0.0185546875 0.046875
1 0.982421875 0.447265625 0.0263671875 0.060546875
0 0.490234375 0.51171875 0.048828125 0.04296875
0 0.4853515625 0.544921875 0.05078125 0.0380859375
0 0.5703125 0.564453125 0.041015625 0.0546875
0 0.5400390625 0.5322265625 0.0361328125 0.044921875
0 0.447265625 0.37109375 0.0234375 0.0390625
1 0.9013671875 0.5712890625 0.0322265625 0.06640625
0 0.4013671875 0.48828125 0.0322265625 0.0576171875
0 0.482421875 0.5791015625 0.05078125 0.046875
0 0.484375 0.421875 0.0283203125 0.0458984375
0 0.5712890625 0.369140625 0.0361328125 0.046875
0 0.396484375 0.68359375 0.0322265625 0.072265625
0 0.03515625 0.4970703125 0.0283203125 0.05859375
0 0.7587890625 0.525390625 0.03125 0.0546875
0 0.390625 0.55859375 0.0322265625 0.0625
0 0.578125 0.419921875 0.03515625 0.0498046875
0 0.578125 0.677734375 0.0498046875 0.0732421875