0 0.392578125 0.34375 0.0576171875 0.080078125
0 0.42578125 0.4970703125 0.0986328125 0.1484375
0 0.45703125 0.2421875 0.0615234375 0.046875
0 0.6279296875 0.5478515625 0.087890625 0.1533203125
0 0.234375 0.44921875 0.0908203125 0.126953125
0 0.68359375 0.5634765625 0.1181640625 0.16796875
0 0.7041015625 0.408203125 0.0703125 0.15234375
0 0.6337890625 0.4248046875 0.0986328125 0.14453125
0 0.46875 0.4111328125 0.09765625 0.14453125
0 0.244140625 0.25 0.05078125 0.0615234375
0 0.5556640625 0.416015625 0.064453125 0.125
0 0.15625 0.48046875 0.07421875 0.15625
0 0.3828125 0.4208984375 0.095703125 0.1220703125