0 0.365234375 0.396484375 0.0380859375 0.072265625
1 0.4931640625 0.2490234375 0.03125 0.05859375
0 0.3662109375 0.4697265625 0.03515625 0.0546875
0 0.33203125 0.4697265625 0.0400390625 0.0546875
0 0.3916015625 0.5087890625 0.04296875 0.0771484375
0 0.29296875 0.5068359375 0.0302734375 0.0615234375
0 0.490234375 0.68359375 0.044921875 0.05078125
0 0.33203125 0.525390625 0.06640625 0.0771484375
0 0.41015625 0.431640625 0.04296875 0.07421875
0 0.390625 0.6806640625 0.05859375 0.052734375
1 0.7607421875 0.458984375 0.0390625 0.0693359375
0 0.3232421875 0.40234375 0.0517578125 0.064453125
0 0.2587890625 0.4208984375 0.041015625 0.0703125
0 0.7470703125 0.32421875 0.0283203125 0.0634765625
0 0.3876953125 0.572265625 0.0625 0.0810546875
0 0.5966796875 0.56640625 0.0380859375 0.0810546875
0 0.5439453125 0.384765625 0.037109375 0.0712890625
0 0.490234375 0.443359375 0.041015625 0.06640625
0 0.5234375 0.318359375 0.0595703125 0.0546875
0 0.1669921875 0.435546875 0.0546875 0.0791015625