0 0.5576171875 0.4794921875 0.0341796875 0.025390625
0 0.5712890625 0.517578125 0.03125 0.037109375
0 0.568359375 0.494140625 0.0390625 0.0263671875
1 0.51171875 0.3349609375 0.017578125 0.046875
1 0.9833984375 0.447265625 0.0263671875 0.05859375
0 0.4921875 0.4697265625 0.0302734375 0.04296875
0 0.4912109375 0.51171875 0.0498046875 0.04296875
0 0.572265625 0.564453125 0.0390625 0.052734375
0 0.486328125 0.544921875 0.05078125 0.0390625
1 0.90234375 0.5703125 0.03125 0.06640625
0 0.4482421875 0.37109375 0.0234375 0.0400390625
0 0.541015625 0.5322265625 0.0361328125 0.0439453125
0 0.40234375 0.48828125 0.03125 0.0595703125
0 0.4833984375 0.578125 0.05078125 0.0458984375
0 0.037109375 0.4970703125 0.029296875 0.05859375
0 0.484375 0.421875 0.0283203125 0.0458984375
0 0.572265625 0.369140625 0.037109375 0.0458984375
0 0.759765625 0.525390625 0.03125 0.0546875
0 0.3916015625 0.55859375 0.0322265625 0.0634765625
0 0.396484375 0.68359375 0.03125 0.072265625
0 0.5791015625 0.419921875 0.03515625 0.0498046875
0 0.5791015625 0.677734375 0.048828125 0.0732421875