0 0.5703125 0.470703125 0.0498046875 0.0712890625
0 0.470703125 0.48828125 0.076171875 0.0732421875
0 0.4609375 0.357421875 0.037109375 0.052734375
0 0.52734375 0.4384765625 0.044921875 0.0546875
0 0.55078125 0.380859375 0.044921875 0.037109375
0 0.6064453125 0.486328125 0.037109375 0.0859375
0 0.4599609375 0.4072265625 0.06640625 0.05078125
0 0.4599609375 0.541015625 0.0390625 0.0947265625
0 0.306640625 0.392578125 0.029296875 0.0732421875
0 0.462890625 0.4443359375 0.052734375 0.0546875
0 0.1103515625 0.3896484375 0.0234375 0.08203125
0 0.310546875 0.4658203125 0.044921875 0.0869140625
0 0.576171875 0.529296875 0.052734375 0.091796875
0 0.837890625 0.421875 0.037109375 0.083984375
0 0.30078125 0.6044921875 0.0478515625 0.0966796875
0 0.43359375 0.302734375 0.0322265625 0.068359375
0 0.515625 0.30078125 0.046875 0.0703125
0 0.630859375 0.5703125 0.0732421875 0.0869140625