0 0.623046875 0.4306640625 0.03515625 0.0478515625
1 0.7060546875 0.2373046875 0.03125 0.037109375
0 0.7138671875 0.3681640625 0.0400390625 0.044921875
0 0.68359375 0.4052734375 0.0419921875 0.03515625
0 0.705078125 0.390625 0.0390625 0.0498046875
0 0.634765625 0.4013671875 0.046875 0.046875
0 0.6806640625 0.4404296875 0.0419921875 0.0654296875
0 0.599609375 0.4453125 0.0400390625 0.0654296875
0 0.64453125 0.359375 0.03515625 0.052734375
1 0.439453125 0.396484375 0.0322265625 0.0654296875
0 0.861328125 0.400390625 0.0263671875 0.07421875
0 0.517578125 0.392578125 0.0322265625 0.05859375
0 0.7255859375 0.29296875 0.0390625 0.0634765625
0 0.736328125 0.4521484375 0.0390625 0.0634765625
0 0.63671875 0.294921875 0.0322265625 0.0556640625
0 0.470703125 0.421875 0.0341796875 0.0625
0 0.255859375 0.4814453125 0.03515625 0.0625
0 0.78125 0.3291015625 0.037109375 0.0634765625
0 0.3095703125 0.3359375 0.02734375 0.0654296875
0 0.8955078125 0.3896484375 0.0341796875 0.06640625
0 0.6298828125 0.64453125 0.0625 0.091796875
0 0.5791015625 0.333984375 0.03515625 0.060546875
0 0.5400390625 0.6435546875 0.0419921875 0.0810546875