1 0.5859375 0.2890625 0.03125 0.0517578125
0 0.6748046875 0.447265625 0.0263671875 0.0751953125
0 0.65234375 0.4287109375 0.0234375 0.0625
0 0.607421875 0.4287109375 0.02734375 0.0595703125
0 0.56640625 0.478515625 0.0263671875 0.0751953125
0 0.0283203125 0.37890625 0.0263671875 0.0673828125
0 0.140625 0.5146484375 0.0400390625 0.0732421875
0 0.1982421875 0.38671875 0.0234375 0.05859375
0 0.8515625 0.466796875 0.0283203125 0.072265625
0 0.7021484375 0.41796875 0.0234375 0.06640625
0 0.849609375 0.5615234375 0.03125 0.076171875
0 0.0576171875 0.3857421875 0.03125 0.0693359375
0 0.91015625 0.4619140625 0.05078125 0.056640625
1 0.392578125 0.484375 0.02734375 0.07421875
0 0.3916015625 0.376953125 0.0244140625 0.06640625
0 0.630859375 0.482421875 0.04296875 0.07421875
0 0.1796875 0.5888671875 0.029296875 0.076171875
0 0.103515625 0.517578125 0.0263671875 0.0693359375
0 0.3681640625 0.3720703125 0.0341796875 0.0576171875
0 0.791015625 0.5146484375 0.0458984375 0.0732421875
0 0.2978515625 0.55859375 0.0322265625 0.07421875
0 0.779296875 0.5654296875 0.046875 0.078125