0 0.60546875 0.501953125 0.0322265625 0.07421875
0 0.3916015625 0.4306640625 0.0576171875 0.0576171875
0 0.5048828125 0.462890625 0.07421875 0.0576171875
0 0.435546875 0.4033203125 0.0576171875 0.0625
0 0.4658203125 0.427734375 0.0556640625 0.0556640625
0 0.46875 0.57421875 0.068359375 0.09765625
0 0.4013671875 0.3515625 0.0498046875 0.0712890625
0 0.1591796875 0.3984375 0.03125 0.1025390625
0 0.3701171875 0.470703125 0.0625 0.083984375
0 0.197265625 0.421875 0.052734375 0.1025390625
0 0.3447265625 0.416015625 0.0546875 0.0634765625
0 0.4013671875 0.5390625 0.068359375 0.099609375
0 0.7041015625 0.427734375 0.0322265625 0.0966796875
0 0.501953125 0.494140625 0.0712890625 0.09375
0 0.619140625 0.5693359375 0.0478515625 0.0947265625
0 0.3212890625 0.3916015625 0.060546875 0.0703125
0 0.603515625 0.6240234375 0.0556640625 0.09765625
0 0.373046875 0.2802734375 0.044921875 0.0703125
0 0.443359375 0.6416015625 0.078125 0.0947265625
0 0.5908203125 0.388671875 0.04296875 0.08203125
0 0.279296875 0.275390625 0.060546875 0.0791015625