0 0.51953125 0.4814453125 0.0361328125 0.0576171875
0 0.169921875 0.259765625 0.029296875 0.0771484375
0 0.439453125 0.5068359375 0.046875 0.0732421875
0 0.1298828125 0.259765625 0.029296875 0.078125
0 0.5732421875 0.4765625 0.041015625 0.044921875
0 0.5390625 0.548828125 0.041015625 0.0849609375
0 0.396484375 0.484375 0.046875 0.07421875
0 0.46875 0.5205078125 0.0419921875 0.0966796875
0 0.5673828125 0.501953125 0.0615234375 0.07421875
0 0.080078125 0.2607421875 0.0322265625 0.078125
0 0.400390625 0.55859375 0.0625 0.083984375
0 0.5712890625 0.578125 0.046875 0.08984375
0 0.4208984375 0.640625 0.05078125 0.0859375
0 0.25 0.5390625 0.048828125 0.0908203125
0 0.4921875 0.564453125 0.0703125 0.09375
0 0.783203125 0.4990234375 0.0546875 0.0791015625