0 0.5849609375 0.390625 0.0634765625 0.09375
0 0.6533203125 0.5185546875 0.0556640625 0.10546875
0 0.025390625 0.6220703125 0.05078125 0.12109375
0 0.6484375 0.41015625 0.0498046875 0.09765625
0 0.5322265625 0.48046875 0.0634765625 0.1171875
0 0.62109375 0.4501953125 0.0478515625 0.083984375
0 0.6845703125 0.54296875 0.1181640625 0.1201171875
0 0.69140625 0.46875 0.0576171875 0.10546875
0 0.021484375 0.43359375 0.0400390625 0.1044921875
0 0.50390625 0.4453125 0.0859375 0.1025390625
0 0.5859375 0.5234375 0.07421875 0.109375
0 0.32421875 0.6611328125 0.05078125 0.115234375
0 0.041015625 0.5244140625 0.0576171875 0.1044921875
0 0.1220703125 0.6259765625 0.046875 0.11328125
0 0.1171875 0.373046875 0.05859375 0.0947265625