0 0.37109375 0.46875 0.05078125 0.056640625
0 0.4111328125 0.439453125 0.048828125 0.05859375
0 0.3818359375 0.390625 0.044921875 0.03515625
0 0.3623046875 0.4228515625 0.046875 0.0478515625
0 0.490234375 0.3857421875 0.05859375 0.044921875
0 0.482421875 0.41796875 0.0576171875 0.0517578125
0 0.4873046875 0.46875 0.06640625 0.0546875
0 0.34765625 0.4951171875 0.046875 0.064453125
0 0.6015625 0.4501953125 0.0439453125 0.078125
0 0.87890625 0.50390625 0.03125 0.0927734375
0 0.4814453125 0.517578125 0.0546875 0.08203125
0 0.39453125 0.296875 0.0498046875 0.0703125
0 0.49609375 0.302734375 0.0361328125 0.06640625
0 0.490234375 0.611328125 0.0439453125 0.0859375
0 0.06640625 0.4345703125 0.037109375 0.0791015625
0 0.6298828125 0.416015625 0.0400390625 0.0751953125
0 0.3515625 0.5966796875 0.0634765625 0.0927734375
0 0.2216796875 0.4443359375 0.0498046875 0.0576171875