0 0.447265625 0.3701171875 0.0419921875 0.029296875
0 0.3232421875 0.3720703125 0.0205078125 0.0791015625
0 0.4609375 0.34375 0.0380859375 0.0390625
0 0.6708984375 0.369140625 0.0322265625 0.0390625
0 0.478515625 0.390625 0.0400390625 0.0439453125
0 0.443359375 0.421875 0.044921875 0.056640625
0 0.533203125 0.451171875 0.064453125 0.048828125
0 0.4072265625 0.3720703125 0.0263671875 0.0712890625
0 0.6708984375 0.41015625 0.0283203125 0.0751953125
0 0.533203125 0.4072265625 0.0625 0.044921875
0 0.5322265625 0.333984375 0.05859375 0.037109375
0 0.30859375 0.4130859375 0.0361328125 0.0673828125
0 0.6904296875 0.30078125 0.0234375 0.068359375
0 0.53515625 0.37109375 0.0634765625 0.0400390625
0 0.6689453125 0.4716796875 0.03515625 0.072265625
0 0.673828125 0.6220703125 0.052734375 0.0859375
0 0.923828125 0.515625 0.03515625 0.0810546875
0 0.4697265625 0.5 0.052734375 0.0703125
0 0.427734375 0.6162109375 0.056640625 0.087890625