0 0.4423828125 0.412109375 0.04296875 0.0283203125
0 0.44921875 0.3544921875 0.0390625 0.0234375
0 0.4765625 0.3916015625 0.0361328125 0.0419921875
0 0.4619140625 0.3447265625 0.037109375 0.0390625
0 0.6640625 0.3671875 0.0283203125 0.0556640625
0 0.53515625 0.3720703125 0.0634765625 0.0390625
0 0.4365234375 0.4443359375 0.04296875 0.0625
0 0.6904296875 0.31640625 0.0234375 0.068359375
0 0.533203125 0.4521484375 0.0693359375 0.0478515625
0 0.3095703125 0.4150390625 0.0380859375 0.0654296875
0 0.66796875 0.4169921875 0.0341796875 0.06640625
0 0.5322265625 0.4072265625 0.0634765625 0.0458984375
0 0.3359375 0.37890625 0.03515625 0.0703125
0 0.673828125 0.6220703125 0.052734375 0.0869140625
0 0.5322265625 0.337890625 0.0556640625 0.0419921875
0 0.66796875 0.490234375 0.03515625 0.078125
0 0.923828125 0.515625 0.03515625 0.078125
0 0.427734375 0.6171875 0.056640625 0.0869140625
0 0.4697265625 0.5009765625 0.0517578125 0.0673828125