0 0.587890625 0.5078125 0.0283203125 0.056640625
0 0.3984375 0.287109375 0.025390625 0.056640625
0 0.599609375 0.5341796875 0.037109375 0.0625
0 0.458984375 0.65234375 0.037109375 0.08984375
0 0.7529296875 0.544921875 0.029296875 0.087890625
0 0.421875 0.6484375 0.0546875 0.08984375
0 0.5068359375 0.544921875 0.03515625 0.056640625
0 0.681640625 0.490234375 0.033203125 0.08203125
0 0.55859375 0.533203125 0.0517578125 0.0546875
0 0.623046875 0.5712890625 0.046875 0.072265625
1 0.1474609375 0.537109375 0.03125 0.08203125
0 0.4208984375 0.3359375 0.0498046875 0.056640625
0 0.7216796875 0.5068359375 0.037109375 0.072265625
0 0.5703125 0.578125 0.04296875 0.080078125
0 0.173828125 0.28125 0.0283203125 0.0576171875
0 0.52734375 0.60546875 0.0517578125 0.0849609375
0 0.3193359375 0.4833984375 0.03125 0.0751953125
0 0.2587890625 0.333984375 0.0244140625 0.06640625