0 0.712890625 0.388671875 0.0478515625 0.0439453125
0 0.6533203125 0.361328125 0.037109375 0.0390625
0 0.728515625 0.419921875 0.0419921875 0.0546875
0 0.68359375 0.3505859375 0.0361328125 0.0390625
0 0.66796875 0.3896484375 0.04296875 0.044921875
0 0.73828125 0.373046875 0.0380859375 0.04296875
0 0.6376953125 0.4375 0.048828125 0.05859375
1 0.4091796875 0.3798828125 0.02734375 0.0634765625
0 0.6279296875 0.3984375 0.0390625 0.0576171875
0 0.7021484375 0.2744140625 0.02734375 0.0576171875
0 0.7548828125 0.3544921875 0.0419921875 0.0517578125
0 0.87109375 0.3828125 0.033203125 0.078125
0 0.46875 0.3212890625 0.0224609375 0.060546875
0 0.771484375 0.2734375 0.037109375 0.0625
0 0.39453125 0.609375 0.03515625 0.0693359375
0 0.482421875 0.5322265625 0.03515625 0.0673828125
0 0.708984375 0.66015625 0.05078125 0.080078125
0 0.322265625 0.46875 0.03125 0.0693359375
0 0.7216796875 0.546875 0.0517578125 0.0703125
0 0.7099609375 0.462890625 0.046875 0.07421875