1 0.466796875 0.251953125 0.029296875 0.0625
0 0.59765625 0.427734375 0.0322265625 0.0498046875
0 0.607421875 0.400390625 0.0419921875 0.03125
1 0.2490234375 0.423828125 0.0390625 0.076171875
0 0.5693359375 0.298828125 0.0263671875 0.0712890625
0 0.6484375 0.455078125 0.0498046875 0.0703125
0 0.515625 0.384765625 0.05859375 0.046875
0 0.5478515625 0.451171875 0.05078125 0.05859375
0 0.583984375 0.525390625 0.029296875 0.091796875
0 0.4677734375 0.2919921875 0.029296875 0.068359375
0 0.6103515625 0.3759765625 0.0419921875 0.0390625
0 0.783203125 0.404296875 0.044921875 0.0810546875
0 0.568359375 0.4853515625 0.0634765625 0.0546875
0 0.5517578125 0.306640625 0.04296875 0.068359375
0 0.1181640625 0.34765625 0.0234375 0.08203125
0 0.1181640625 0.4970703125 0.0322265625 0.09375
0 0.5283203125 0.4150390625 0.0498046875 0.05078125
0 0.818359375 0.431640625 0.0390625 0.0732421875
0 0.6591796875 0.638671875 0.0400390625 0.1015625
0 0.740234375 0.5009765625 0.0654296875 0.08203125
0 0.423828125 0.3408203125 0.03125 0.078125
0 0.4052734375 0.4365234375 0.0390625 0.076171875
0 0.7958984375 0.6357421875 0.0703125 0.09375