0 0.4921875 0.4375 0.0302734375 0.06640625
0 0.48046875 0.4033203125 0.03125 0.044921875
0 0.5576171875 0.41015625 0.0439453125 0.052734375
0 0.228515625 0.447265625 0.0390625 0.0859375
0 0.46484375 0.4580078125 0.0390625 0.08984375
0 0.4453125 0.408203125 0.0546875 0.083984375
0 0.5419921875 0.47265625 0.037109375 0.0927734375
0 0.705078125 0.4375 0.0400390625 0.083984375
1 0.5390625 0.2744140625 0.04296875 0.0693359375
0 0.599609375 0.671875 0.052734375 0.0517578125
0 0.3671875 0.4072265625 0.033203125 0.078125
0 0.3994140625 0.44140625 0.0390625 0.078125
0 0.6787109375 0.474609375 0.046875 0.0869140625
0 0.5283203125 0.5908203125 0.0654296875 0.0849609375
0 0.732421875 0.5498046875 0.046875 0.0849609375
0 0.755859375 0.400390625 0.0390625 0.0732421875