0 0.3603515625 0.4873046875 0.0419921875 0.0654296875
0 0.3310546875 0.501953125 0.037109375 0.0703125
0 0.423828125 0.431640625 0.0546875 0.0634765625
0 0.357421875 0.4521484375 0.0341796875 0.0419921875
0 0.2919921875 0.462890625 0.04296875 0.06640625
0 0.318359375 0.421875 0.03515625 0.052734375
1 0.59765625 0.4794921875 0.03515625 0.07421875
0 0.365234375 0.41015625 0.0390625 0.0576171875
0 0.3291015625 0.4462890625 0.0390625 0.0546875
0 0.564453125 0.43359375 0.0322265625 0.0703125
0 0.4375 0.302734375 0.0498046875 0.0546875
0 0.427734375 0.396484375 0.0322265625 0.0478515625
0 0.3056640625 0.5244140625 0.044921875 0.0791015625
0 0.388671875 0.5205078125 0.0419921875 0.0810546875
0 0.353515625 0.62109375 0.046875 0.0859375
0 0.419921875 0.630859375 0.04296875 0.0859375
0 0.08984375 0.4765625 0.05078125 0.068359375
0 0.5732421875 0.2890625 0.046875 0.052734375
0 0.5458984375 0.55078125 0.03515625 0.0859375