0 0.37109375 0.4677734375 0.05078125 0.060546875
0 0.4111328125 0.4404296875 0.0498046875 0.0625
0 0.3818359375 0.390625 0.044921875 0.037109375
0 0.4814453125 0.4169921875 0.0556640625 0.0498046875
0 0.36328125 0.4228515625 0.0478515625 0.0478515625
0 0.4921875 0.3857421875 0.0625 0.046875
0 0.4873046875 0.46875 0.0654296875 0.0556640625
0 0.34765625 0.494140625 0.0478515625 0.0634765625
0 0.888671875 0.5029296875 0.0322265625 0.09375
0 0.60546875 0.4501953125 0.0419921875 0.078125
0 0.39453125 0.2978515625 0.05078125 0.0703125
0 0.490234375 0.611328125 0.044921875 0.0859375
0 0.06640625 0.435546875 0.03515625 0.0791015625
0 0.49609375 0.302734375 0.03515625 0.06640625
0 0.4814453125 0.513671875 0.05859375 0.0810546875
0 0.630859375 0.416015625 0.0400390625 0.07421875
0 0.3505859375 0.5966796875 0.0634765625 0.09375
0 0.22265625 0.4443359375 0.0478515625 0.0576171875