0 0.3681640625 0.47265625 0.0341796875 0.05078125
0 0.46484375 0.46484375 0.05859375 0.0537109375
0 0.380859375 0.435546875 0.0390625 0.033203125
0 0.373046875 0.4140625 0.0498046875 0.0302734375
0 0.3466796875 0.4404296875 0.0439453125 0.0390625
0 0.4736328125 0.3935546875 0.0478515625 0.076171875
0 0.458984375 0.490234375 0.0634765625 0.060546875
0 0.470703125 0.44140625 0.060546875 0.05078125
0 0.3994140625 0.46484375 0.04296875 0.0625
0 0.251953125 0.71875 0.0546875 0.1240234375
0 0.337890625 0.4833984375 0.052734375 0.0810546875
1 0.4619140625 0.2568359375 0.04296875 0.07421875
0 0.4541015625 0.5166015625 0.0625 0.080078125
0 0.4794921875 0.322265625 0.0361328125 0.0615234375
0 0.6875 0.5859375 0.03515625 0.109375
0 0.6171875 0.5625 0.0322265625 0.1064453125
0 0.40625 0.373046875 0.0517578125 0.080078125
0 0.11328125 0.4482421875 0.037109375 0.091796875
0 0.66796875 0.451171875 0.0439453125 0.0810546875
0 0.384765625 0.3125 0.048828125 0.07421875
0 0.3466796875 0.54296875 0.06640625 0.09375