0 0.609375 0.462890625 0.046875 0.08203125
0 0.0888671875 0.3642578125 0.0400390625 0.07421875
0 0.541015625 0.5224609375 0.0400390625 0.0947265625
0 0.5625 0.4931640625 0.046875 0.0859375
0 0.583984375 0.48828125 0.05078125 0.08203125
0 0.4990234375 0.5791015625 0.05078125 0.076171875
0 0.052734375 0.302734375 0.0341796875 0.068359375
0 0.6240234375 0.568359375 0.0576171875 0.0810546875
0 0.279296875 0.5986328125 0.037109375 0.0810546875
0 0.232421875 0.427734375 0.05078125 0.0810546875
0 0.021484375 0.373046875 0.0400390625 0.0712890625
0 0.49609375 0.525390625 0.0576171875 0.0810546875
0 0.650390625 0.46484375 0.0634765625 0.0888671875
0 0.779296875 0.509765625 0.0390625 0.083984375
0 0.189453125 0.46875 0.0498046875 0.083984375
0 0.1689453125 0.302734375 0.0400390625 0.0703125