0 0.3642578125 0.494140625 0.04296875 0.0546875
0 0.4375 0.5302734375 0.052734375 0.05078125
0 0.419921875 0.490234375 0.052734375 0.052734375
0 0.341796875 0.4814453125 0.0400390625 0.0498046875
0 0.177734375 0.494140625 0.0390625 0.0859375
0 0.3662109375 0.6123046875 0.0546875 0.0869140625
0 0.447265625 0.626953125 0.04296875 0.08203125
0 0.583984375 0.294921875 0.0341796875 0.052734375
0 0.3330078125 0.5439453125 0.052734375 0.0625
0 0.4423828125 0.5732421875 0.0869140625 0.052734375
0 0.88671875 0.3291015625 0.03515625 0.060546875
0 0.4306640625 0.4482421875 0.06640625 0.0498046875
0 0.2802734375 0.3681640625 0.0478515625 0.0546875
0 0.46875 0.361328125 0.0341796875 0.060546875
0 0.623046875 0.5107421875 0.037109375 0.07421875
0 0.66015625 0.4375 0.03515625 0.07421875
0 0.26953125 0.4111328125 0.0478515625 0.0712890625
0 0.32421875 0.4560546875 0.0546875 0.052734375
0 0.3154296875 0.291015625 0.04296875 0.0546875