0 0.3671875 0.4228515625 0.02734375 0.060546875
0 0.49609375 0.4365234375 0.029296875 0.0419921875
0 0.5400390625 0.4326171875 0.0478515625 0.037109375
0 0.4599609375 0.4658203125 0.0322265625 0.052734375
0 0.373046875 0.447265625 0.029296875 0.068359375
0 0.4716796875 0.3583984375 0.0341796875 0.05078125
0 0.544921875 0.4599609375 0.046875 0.0419921875
0 0.4931640625 0.326171875 0.0263671875 0.0498046875
0 0.5400390625 0.3876953125 0.0390625 0.04296875
0 0.650390625 0.3603515625 0.0234375 0.05078125
0 0.646484375 0.41796875 0.02734375 0.0546875
0 0.5322265625 0.4921875 0.0419921875 0.05859375
0 0.6337890625 0.4541015625 0.0263671875 0.0634765625
0 0.728515625 0.3193359375 0.02734375 0.044921875
0 0.591796875 0.521484375 0.0234375 0.0654296875
0 0.439453125 0.515625 0.04296875 0.05859375
0 0.763671875 0.6552734375 0.037109375 0.06640625
0 0.4443359375 0.6376953125 0.05078125 0.0625