0 0.615234375 0.501953125 0.044921875 0.0341796875
0 0.546875 0.46484375 0.037109375 0.03515625
0 0.5986328125 0.4716796875 0.046875 0.0400390625
0 0.53515625 0.48828125 0.044921875 0.0478515625
0 0.615234375 0.529296875 0.04296875 0.044921875
0 0.5380859375 0.42578125 0.05078125 0.05078125
0 0.4072265625 0.4453125 0.0263671875 0.0556640625
0 0.3984375 0.5009765625 0.0341796875 0.0703125
0 0.5224609375 0.521484375 0.0419921875 0.068359375
0 0.5 0.5771484375 0.02734375 0.0791015625
0 0.740234375 0.482421875 0.037109375 0.060546875
0 0.8310546875 0.4697265625 0.0341796875 0.0703125
0 0.25 0.392578125 0.02734375 0.0703125
0 0.634765625 0.576171875 0.0478515625 0.078125
0 0.6240234375 0.2880859375 0.0390625 0.0576171875
0 0.4306640625 0.4228515625 0.0263671875 0.0732421875
0 0.541015625 0.287109375 0.0185546875 0.0625
0 0.02734375 0.5166015625 0.0322265625 0.0791015625