0 0.4501953125 0.451171875 0.0341796875 0.02734375
0 0.3173828125 0.447265625 0.0244140625 0.05859375
0 0.314453125 0.486328125 0.0341796875 0.0791015625
0 0.455078125 0.4267578125 0.0341796875 0.0341796875
0 0.515625 0.5068359375 0.052734375 0.0546875
0 0.46875 0.47265625 0.0341796875 0.0478515625
1 0.015625 0.3935546875 0.02734375 0.0556640625
0 0.70703125 0.341796875 0.01953125 0.0556640625
0 0.4228515625 0.5029296875 0.0419921875 0.0625
0 0.560546875 0.6259765625 0.0244140625 0.08203125
0 0.49609375 0.537109375 0.044921875 0.06640625
0 0.8271484375 0.3984375 0.03515625 0.05859375
0 0.751953125 0.279296875 0.01953125 0.0576171875
0 0.5380859375 0.556640625 0.0390625 0.0732421875
0 0.40625 0.447265625 0.0244140625 0.05078125
0 0.5458984375 0.478515625 0.0478515625 0.060546875
0 0.544921875 0.4111328125 0.037109375 0.0556640625
0 0.515625 0.2890625 0.0341796875 0.052734375
0 0.482421875 0.3408203125 0.04296875 0.0625
0 0.384765625 0.6171875 0.052734375 0.07421875