0 0.4775390625 0.30859375 0.0322265625 0.0791015625
0 0.435546875 0.388671875 0.046875 0.03125
0 0.416015625 0.4775390625 0.0556640625 0.0478515625
0 0.5146484375 0.4755859375 0.0634765625 0.0478515625
0 0.451171875 0.341796875 0.05078125 0.0732421875
0 0.41015625 0.4248046875 0.044921875 0.052734375
0 0.455078125 0.4443359375 0.0576171875 0.0634765625
0 0.513671875 0.5263671875 0.0625 0.08984375
0 0.525390625 0.4375 0.060546875 0.0556640625
0 0.41015625 0.5185546875 0.0546875 0.05859375
0 0.541015625 0.3662109375 0.0556640625 0.06640625
0 0.169921875 0.4306640625 0.04296875 0.08203125
0 0.7158203125 0.515625 0.04296875 0.0869140625
0 0.763671875 0.572265625 0.04296875 0.0859375
0 0.716796875 0.443359375 0.0419921875 0.076171875
0 0.5556640625 0.3115234375 0.03515625 0.0732421875
0 0.72265625 0.341796875 0.0390625 0.0732421875
0 0.3466796875 0.5634765625 0.0625 0.0888671875
0 0.662109375 0.384765625 0.04296875 0.07421875