0 0.599609375 0.4658203125 0.029296875 0.07421875
0 0.642578125 0.455078125 0.0400390625 0.068359375
0 0.591796875 0.4306640625 0.0419921875 0.06640625
0 0.6318359375 0.3798828125 0.0322265625 0.052734375
0 0.5546875 0.408203125 0.037109375 0.0625
0 0.1767578125 0.6982421875 0.037109375 0.0712890625
0 0.498046875 0.560546875 0.05859375 0.0556640625
0 0.4970703125 0.6923828125 0.0400390625 0.0400390625
0 0.6630859375 0.408203125 0.03515625 0.0576171875
0 0.2373046875 0.5751953125 0.037109375 0.0625
0 0.12890625 0.4912109375 0.0322265625 0.0576171875
0 0.7060546875 0.416015625 0.03125 0.05859375
0 0.4169921875 0.3974609375 0.037109375 0.0576171875
0 0.2216796875 0.3779296875 0.02734375 0.0556640625
0 0.4365234375 0.478515625 0.029296875 0.0625
0 0.541015625 0.35546875 0.0478515625 0.0546875
0 0.408203125 0.3388671875 0.0341796875 0.0498046875
0 0.736328125 0.4150390625 0.037109375 0.0576171875
0 0.5048828125 0.498046875 0.0498046875 0.0625