0 0.3486328125 0.4873046875 0.0341796875 0.078125
0 0.4560546875 0.4755859375 0.037109375 0.05078125
0 0.4404296875 0.4619140625 0.0498046875 0.0576171875
0 0.3232421875 0.498046875 0.037109375 0.08203125
0 0.541015625 0.50390625 0.0625 0.0546875
0 0.544921875 0.47265625 0.0556640625 0.0634765625
0 0.787109375 0.5009765625 0.044921875 0.0703125
0 0.466796875 0.53125 0.0400390625 0.0625
0 0.564453125 0.458984375 0.060546875 0.0732421875
0 0.873046875 0.662109375 0.05859375 0.0947265625
0 0.796875 0.40625 0.02734375 0.078125
0 0.556640625 0.55078125 0.0634765625 0.076171875
0 0.431640625 0.5390625 0.04296875 0.0869140625
0 0.796875 0.3369140625 0.02734375 0.06640625
0 0.65625 0.5439453125 0.037109375 0.08984375
0 0.392578125 0.404296875 0.05078125 0.068359375
0 0.416015625 0.3388671875 0.04296875 0.068359375
0 0.5205078125 0.6572265625 0.068359375 0.08203125