0 0.990234375 0.373046875 0.0185546875 0.0654296875
0 0.015625 0.533203125 0.03125 0.0732421875
0 0.76171875 0.681640625 0.03515625 0.03515625
0 0.6982421875 0.4189453125 0.05859375 0.0712890625
0 0.3173828125 0.5615234375 0.0556640625 0.0947265625
0 0.0576171875 0.60546875 0.068359375 0.0791015625
0 0.361328125 0.5732421875 0.05859375 0.099609375
0 0.154296875 0.61328125 0.0634765625 0.107421875
0 0.123046875 0.541015625 0.060546875 0.10546875
0 0.521484375 0.478515625 0.044921875 0.09765625
0 0.8486328125 0.3505859375 0.052734375 0.060546875
0 0.9111328125 0.560546875 0.068359375 0.0947265625
0 0.451171875 0.5146484375 0.0576171875 0.09765625
0 0.8525390625 0.609375 0.076171875 0.109375
0 0.302734375 0.4775390625 0.06640625 0.0732421875