0 0.548828125 0.603515625 0.0478515625 0.0712890625
0 0.6044921875 0.478515625 0.0498046875 0.0341796875
0 0.587890625 0.5068359375 0.04296875 0.0634765625
0 0.611328125 0.451171875 0.046875 0.046875
0 0.7578125 0.486328125 0.0400390625 0.091796875
0 0.7734375 0.525390625 0.04296875 0.0810546875
0 0.498046875 0.462890625 0.060546875 0.0703125
0 0.6484375 0.544921875 0.0654296875 0.0703125
0 0.5009765625 0.431640625 0.0634765625 0.0556640625
0 0.595703125 0.392578125 0.0478515625 0.0703125
0 0.5087890625 0.5126953125 0.0703125 0.0556640625
0 0.5107421875 0.64453125 0.04296875 0.0859375
0 0.53515625 0.5400390625 0.060546875 0.0791015625
0 0.5546875 0.3486328125 0.04296875 0.0712890625
0 0.3935546875 0.392578125 0.03125 0.0712890625
0 0.447265625 0.349609375 0.03515625 0.0712890625
0 0.2529296875 0.28125 0.03125 0.068359375
0 0.5546875 0.2734375 0.046875 0.05859375
0 0.6572265625 0.6220703125 0.0634765625 0.083984375