1 0.013671875 0.4892578125 0.0234375 0.068359375
0 0.4697265625 0.3984375 0.029296875 0.037109375
0 0.4111328125 0.4970703125 0.02734375 0.0654296875
0 0.421875 0.4794921875 0.037109375 0.052734375
0 0.4794921875 0.4306640625 0.0341796875 0.05078125
1 0.115234375 0.3798828125 0.01953125 0.0498046875
0 0.7861328125 0.3271484375 0.0244140625 0.044921875
0 0.6435546875 0.5439453125 0.02734375 0.0625
0 0.689453125 0.3681640625 0.0234375 0.0478515625
0 0.58984375 0.3359375 0.0322265625 0.0400390625
0 0.443359375 0.451171875 0.02734375 0.0478515625
0 0.490234375 0.4609375 0.0390625 0.0625
0 0.6884765625 0.4208984375 0.0263671875 0.0576171875
0 0.564453125 0.373046875 0.044921875 0.05078125
0 0.533203125 0.4599609375 0.0400390625 0.06640625
0 0.43359375 0.404296875 0.0419921875 0.05078125
0 0.833984375 0.669921875 0.044921875 0.0703125
0 0.681640625 0.4814453125 0.02734375 0.05859375
0 0.904296875 0.451171875 0.029296875 0.05859375
0 0.5703125 0.65625 0.0498046875 0.05859375
0 0.556640625 0.5361328125 0.03515625 0.05859375
0 0.359375 0.4384765625 0.04296875 0.0634765625