0 0.9853515625 0.419921875 0.029296875 0.0810546875
0 0.1982421875 0.4794921875 0.052734375 0.09375
0 0.6982421875 0.6015625 0.052734375 0.0810546875
0 0.3408203125 0.4716796875 0.037109375 0.0625
0 0.9765625 0.51953125 0.04296875 0.0791015625
0 0.5 0.466796875 0.04296875 0.0625
0 0.412109375 0.466796875 0.044921875 0.0576171875
0 0.7392578125 0.341796875 0.0400390625 0.060546875
0 0.44140625 0.5029296875 0.044921875 0.078125
0 0.5009765625 0.53515625 0.044921875 0.0859375
0 0.4013671875 0.419921875 0.0400390625 0.0654296875
0 0.3994140625 0.5478515625 0.0576171875 0.091796875
0 0.58984375 0.458984375 0.044921875 0.083984375
0 0.642578125 0.3515625 0.0556640625 0.0654296875
0 0.775390625 0.380859375 0.052734375 0.0732421875
0 0.7861328125 0.298828125 0.046875 0.0625
0 0.6943359375 0.5478515625 0.06640625 0.08203125