0 0.5537109375 0.44140625 0.03515625 0.0419921875
0 0.734375 0.474609375 0.02734375 0.08984375
0 0.69140625 0.486328125 0.0322265625 0.0810546875
0 0.09375 0.30859375 0.0400390625 0.0576171875
0 0.509765625 0.4609375 0.0478515625 0.083984375
1 0.96484375 0.376953125 0.029296875 0.076171875
0 0.052734375 0.458984375 0.046875 0.052734375
0 0.603515625 0.49609375 0.046875 0.0859375
0 0.5458984375 0.48828125 0.0634765625 0.076171875
0 0.345703125 0.638671875 0.0556640625 0.0888671875
0 0.0810546875 0.474609375 0.046875 0.0732421875
0 0.759765625 0.515625 0.0546875 0.083984375
0 0.814453125 0.5166015625 0.05859375 0.0791015625
0 0.24609375 0.3447265625 0.029296875 0.06640625
0 0.146484375 0.69140625 0.0478515625 0.0634765625
0 0.193359375 0.4365234375 0.0400390625 0.0732421875
0 0.25390625 0.7109375 0.05078125 0.0869140625
0 0.6943359375 0.59375 0.060546875 0.07421875