0 0.62890625 0.474609375 0.0478515625 0.03125
0 0.6123046875 0.501953125 0.04296875 0.060546875
0 0.361328125 0.384765625 0.0263671875 0.076171875
0 0.353515625 0.3486328125 0.0244140625 0.078125
0 0.587890625 0.5849609375 0.0498046875 0.060546875
0 0.55078125 0.5869140625 0.03515625 0.0859375
0 0.7958984375 0.517578125 0.0322265625 0.08203125
0 0.5595703125 0.525390625 0.037109375 0.0625
0 0.634765625 0.4482421875 0.046875 0.0498046875
0 0.326171875 0.27734375 0.01953125 0.076171875
0 0.525390625 0.630859375 0.0322265625 0.08984375
0 0.607421875 0.390625 0.03125 0.07421875
0 0.5810546875 0.34765625 0.037109375 0.076171875
0 0.0263671875 0.5068359375 0.02734375 0.0888671875
0 0.6728515625 0.541015625 0.0576171875 0.060546875
0 0.5205078125 0.4990234375 0.0556640625 0.0703125
0 0.5263671875 0.4208984375 0.0625 0.0634765625
0 0.5791015625 0.2734375 0.0419921875 0.0625
0 0.6796875 0.615234375 0.0625 0.08203125