0 0.310546875 0.482421875 0.029296875 0.076171875
1 0.01171875 0.380859375 0.01953125 0.06640625
0 0.451171875 0.419921875 0.0390625 0.0322265625
0 0.447265625 0.482421875 0.03125 0.0478515625
0 0.54296875 0.400390625 0.0263671875 0.0556640625
0 0.3232421875 0.4462890625 0.0341796875 0.0703125
0 0.662109375 0.3388671875 0.01953125 0.052734375
0 0.625 0.2900390625 0.021484375 0.0576171875
0 0.572265625 0.4453125 0.021484375 0.068359375
0 0.5341796875 0.427734375 0.03125 0.05859375
0 0.638671875 0.541015625 0.0234375 0.07421875
0 0.55859375 0.46875 0.029296875 0.0654296875
0 0.6455078125 0.6328125 0.0244140625 0.0810546875
0 0.453125 0.3896484375 0.037109375 0.05078125
0 0.494140625 0.529296875 0.044921875 0.0732421875
0 0.52734375 0.490234375 0.0419921875 0.0634765625
0 0.5029296875 0.2880859375 0.015625 0.0546875
0 0.4775390625 0.337890625 0.0322265625 0.0556640625
0 0.419921875 0.498046875 0.0419921875 0.060546875
0 0.806640625 0.3994140625 0.021484375 0.0634765625
0 0.384765625 0.609375 0.04296875 0.083984375