0 0.556640625 0.392578125 0.0419921875 0.029296875
0 0.58984375 0.4423828125 0.03515625 0.052734375
0 0.7060546875 0.3935546875 0.0341796875 0.0810546875
0 0.5029296875 0.4501953125 0.0625 0.052734375
0 0.482421875 0.416015625 0.0546875 0.044921875
0 0.537109375 0.490234375 0.029296875 0.08203125
0 0.486328125 0.5556640625 0.0244140625 0.0859375
0 0.478515625 0.3955078125 0.046875 0.052734375
0 0.5615234375 0.369140625 0.0419921875 0.03515625
0 0.6240234375 0.46875 0.0419921875 0.078125
0 0.228515625 0.279296875 0.0234375 0.06640625
0 0.6357421875 0.5537109375 0.052734375 0.076171875
0 0.47265625 0.345703125 0.0263671875 0.0654296875
0 0.029296875 0.3603515625 0.0322265625 0.0732421875
0 0.345703125 0.435546875 0.0263671875 0.08203125
0 0.3740234375 0.6572265625 0.029296875 0.0791015625
0 0.5205078125 0.2861328125 0.037109375 0.05859375
0 0.6669921875 0.6474609375 0.0556640625 0.0888671875