0 0.4599609375 0.4130859375 0.060546875 0.0576171875
0 0.447265625 0.390625 0.052734375 0.052734375
0 0.451171875 0.4580078125 0.068359375 0.068359375
0 0.431640625 0.517578125 0.052734375 0.08203125
0 0.48046875 0.5263671875 0.0546875 0.0869140625
0 0.162109375 0.435546875 0.0546875 0.0888671875
0 0.3896484375 0.42578125 0.044921875 0.0947265625
0 0.5166015625 0.4638671875 0.06640625 0.07421875
0 0.5361328125 0.3701171875 0.052734375 0.0810546875
0 0.517578125 0.419921875 0.0625 0.076171875
0 0.7177734375 0.4482421875 0.0546875 0.0869140625
0 0.6708984375 0.380859375 0.05078125 0.08203125
0 0.369140625 0.576171875 0.06640625 0.0869140625
0 0.7236328125 0.5185546875 0.0498046875 0.083984375
0 0.5673828125 0.3115234375 0.0400390625 0.0703125
0 0.8017578125 0.583984375 0.046875 0.08984375
0 0.7294921875 0.33984375 0.0400390625 0.076171875