0 0.498046875 0.4228515625 0.0419921875 0.05078125
0 0.529296875 0.431640625 0.029296875 0.0556640625
1 0.3583984375 0.2421875 0.0263671875 0.046875
0 0.6337890625 0.3798828125 0.029296875 0.0712890625
0 0.513671875 0.37890625 0.0400390625 0.03515625
0 0.37109375 0.4091796875 0.0390625 0.078125
0 0.6591796875 0.4033203125 0.0400390625 0.078125
0 0.5634765625 0.4462890625 0.05078125 0.06640625
1 0.98046875 0.3056640625 0.0322265625 0.076171875
0 0.4462890625 0.447265625 0.0634765625 0.052734375
0 0.419921875 0.4111328125 0.060546875 0.046875
0 0.4091796875 0.3662109375 0.046875 0.060546875
0 0.33984375 0.4375 0.03515625 0.078125
0 0.607421875 0.455078125 0.0419921875 0.0703125
0 0.708984375 0.662109375 0.068359375 0.0869140625
0 0.4365234375 0.291015625 0.05078125 0.0556640625
0 0.6357421875 0.51953125 0.0498046875 0.0791015625
0 0.35546875 0.2958984375 0.0322265625 0.060546875
0 0.517578125 0.533203125 0.0419921875 0.076171875
0 0.4833984375 0.4814453125 0.0478515625 0.083984375
0 0.224609375 0.470703125 0.0390625 0.0869140625
0 0.5283203125 0.6640625 0.046875 0.083984375