0 0.7802734375 0.482421875 0.0322265625 0.091796875
0 0.591796875 0.58203125 0.0419921875 0.0546875
0 0.6103515625 0.501953125 0.0390625 0.060546875
0 0.6279296875 0.474609375 0.046875 0.03125
0 0.52734375 0.509765625 0.0634765625 0.0478515625
0 0.560546875 0.58984375 0.04296875 0.0859375
0 0.6337890625 0.447265625 0.044921875 0.044921875
0 0.7939453125 0.521484375 0.0400390625 0.076171875
0 0.556640625 0.529296875 0.0390625 0.0791015625
0 0.6728515625 0.541015625 0.0576171875 0.0654296875
0 0.619140625 0.392578125 0.0478515625 0.068359375
0 0.396484375 0.3447265625 0.0263671875 0.076171875
0 0.5771484375 0.2744140625 0.044921875 0.0576171875
0 0.529296875 0.4599609375 0.05859375 0.0634765625
0 0.5205078125 0.623046875 0.0341796875 0.091796875
0 0.5810546875 0.34765625 0.0400390625 0.0732421875
0 0.5234375 0.421875 0.05859375 0.0625
0 0.373046875 0.3857421875 0.0244140625 0.0712890625
0 0.3212890625 0.275390625 0.0263671875 0.07421875
0 0.677734375 0.615234375 0.0625 0.08203125