0 0.396484375 0.6669921875 0.0546875 0.083984375
0 0.548828125 0.4443359375 0.0419921875 0.0634765625
0 0.5341796875 0.37890625 0.0244140625 0.0576171875
0 0.5908203125 0.4951171875 0.0341796875 0.068359375
0 0.5791015625 0.458984375 0.03515625 0.052734375
0 0.5751953125 0.5400390625 0.03125 0.044921875
0 0.287109375 0.2978515625 0.046875 0.0732421875
0 0.337890625 0.3623046875 0.0322265625 0.068359375
0 0.625 0.4892578125 0.0556640625 0.0625
0 0.3212890625 0.4912109375 0.0546875 0.076171875
0 0.2392578125 0.4453125 0.0400390625 0.0869140625
0 0.443359375 0.490234375 0.0498046875 0.083984375
0 0.4853515625 0.361328125 0.0390625 0.0791015625
0 0.4912109375 0.447265625 0.0576171875 0.0654296875
0 0.578125 0.404296875 0.04296875 0.0654296875
0 0.3818359375 0.3837890625 0.0419921875 0.0703125
0 0.7255859375 0.4423828125 0.0478515625 0.083984375