0 0.611328125 0.529296875 0.04296875 0.05078125
0 0.541015625 0.46484375 0.0419921875 0.0390625
0 0.53515625 0.4248046875 0.0576171875 0.0498046875
0 0.59375 0.4736328125 0.0498046875 0.0498046875
0 0.412109375 0.455078125 0.029296875 0.052734375
0 0.515625 0.529296875 0.0400390625 0.0576171875
0 0.740234375 0.4833984375 0.0390625 0.0634765625
0 0.53125 0.4951171875 0.04296875 0.046875
0 0.5107421875 0.591796875 0.0341796875 0.0791015625
0 0.6201171875 0.427734375 0.046875 0.044921875
0 0.83203125 0.4716796875 0.03515625 0.0712890625
0 0.6337890625 0.5810546875 0.05078125 0.0810546875
0 0.392578125 0.5078125 0.044921875 0.0625
0 0.2197265625 0.3828125 0.0390625 0.068359375
0 0.53515625 0.2880859375 0.029296875 0.0546875
0 0.44140625 0.4267578125 0.0322265625 0.07421875
0 0.6220703125 0.28515625 0.0400390625 0.0576171875