0 0.341796875 0.677734375 0.03515625 0.0791015625
0 0.0146484375 0.634765625 0.029296875 0.0966796875
0 0.3544921875 0.623046875 0.03125 0.0791015625
0 0.548828125 0.505859375 0.0703125 0.037109375
0 0.7919921875 0.57421875 0.046875 0.0859375
0 0.271484375 0.6484375 0.0400390625 0.099609375
0 0.2099609375 0.6923828125 0.0322265625 0.099609375
0 0.3154296875 0.6474609375 0.04296875 0.0947265625
0 0.052734375 0.6533203125 0.04296875 0.099609375
0 0.3974609375 0.6640625 0.0390625 0.0625
0 0.73828125 0.6806640625 0.044921875 0.0947265625