0 0.9873046875 0.626953125 0.0244140625 0.0703125
0 0.287109375 0.427734375 0.0341796875 0.0634765625
0 0.841796875 0.6015625 0.0400390625 0.0556640625
0 0.3759765625 0.4482421875 0.044921875 0.052734375
1 0.068359375 0.361328125 0.0263671875 0.0625
0 0.642578125 0.4541015625 0.03515625 0.0576171875
0 0.4697265625 0.4228515625 0.0390625 0.06640625
0 0.2763671875 0.462890625 0.037109375 0.060546875
0 0.8427734375 0.35546875 0.0263671875 0.0478515625
0 0.771484375 0.3935546875 0.0322265625 0.0556640625
0 0.9755859375 0.2841796875 0.029296875 0.0400390625
0 0.70703125 0.349609375 0.0263671875 0.0546875
0 0.333984375 0.419921875 0.0263671875 0.068359375
0 0.435546875 0.4345703125 0.0322265625 0.0625
0 0.705078125 0.4833984375 0.0263671875 0.060546875
0 0.69140625 0.607421875 0.0390625 0.0634765625
0 0.5068359375 0.4140625 0.03515625 0.068359375
0 0.8662109375 0.302734375 0.05078125 0.052734375
0 0.4775390625 0.6083984375 0.0478515625 0.076171875