0 0.478515625 0.4267578125 0.05859375 0.0556640625
0 0.16796875 0.423828125 0.0419921875 0.0625
0 0.4833984375 0.4619140625 0.060546875 0.0546875
0 0.38671875 0.47265625 0.06640625 0.091796875
0 0.3779296875 0.421875 0.052734375 0.04296875
0 0.625 0.4033203125 0.04296875 0.078125
0 0.439453125 0.376953125 0.0498046875 0.076171875
0 0.365234375 0.404296875 0.05078125 0.0654296875
0 0.501953125 0.498046875 0.0732421875 0.076171875
0 0.435546875 0.3212890625 0.044921875 0.05078125
0 0.650390625 0.451171875 0.046875 0.0810546875
1 0.802734375 0.423828125 0.04296875 0.0791015625
0 0.8740234375 0.5400390625 0.06640625 0.0888671875
0 0.8681640625 0.4375 0.0322265625 0.08984375
0 0.1728515625 0.4609375 0.0478515625 0.0869140625
0 0.4443359375 0.7294921875 0.0791015625 0.0966796875
0 0.375 0.609375 0.07421875 0.09375
0 0.3515625 0.328125 0.0654296875 0.078125
0 0.642578125 0.595703125 0.05078125 0.0947265625
0 0.2841796875 0.408203125 0.046875 0.076171875