0 0.3837890625 0.37890625 0.0419921875 0.0419921875
0 0.388671875 0.35546875 0.037109375 0.0390625
0 0.21484375 0.396484375 0.029296875 0.07421875
0 0.482421875 0.3564453125 0.0625 0.04296875
0 0.232421875 0.37890625 0.0322265625 0.0732421875
0 0.388671875 0.4287109375 0.044921875 0.0576171875
0 0.474609375 0.298828125 0.037109375 0.0546875
0 0.482421875 0.376953125 0.0634765625 0.0478515625
0 0.474609375 0.4599609375 0.06640625 0.0546875
0 0.4580078125 0.4072265625 0.0556640625 0.0576171875
1 0.673828125 0.365234375 0.03125 0.0712890625
0 0.326171875 0.482421875 0.0556640625 0.0712890625
0 0.5107421875 0.427734375 0.05859375 0.0634765625
0 0.326171875 0.529296875 0.060546875 0.0712890625
0 0.6005859375 0.3896484375 0.0390625 0.0703125
0 0.833984375 0.369140625 0.0419921875 0.0625
0 0.4755859375 0.689453125 0.0478515625 0.06640625
0 0.40234375 0.294921875 0.0546875 0.05859375
0 0.8779296875 0.505859375 0.0498046875 0.0732421875
0 0.3798828125 0.681640625 0.0625 0.076171875
0 0.5712890625 0.494140625 0.03515625 0.076171875