0 0.1474609375 0.3779296875 0.06640625 0.0712890625
0 0.587890625 0.4189453125 0.0703125 0.0654296875
0 0.5068359375 0.4365234375 0.0634765625 0.0791015625
0 0.466796875 0.4052734375 0.076171875 0.0576171875
0 0.8583984375 0.2490234375 0.0576171875 0.060546875
0 0.4580078125 0.486328125 0.0869140625 0.1181640625
0 0.591796875 0.3564453125 0.06640625 0.0712890625
0 0.6328125 0.431640625 0.078125 0.1181640625
0 0.154296875 0.427734375 0.0712890625 0.13671875
0 0.3974609375 0.673828125 0.1015625 0.1337890625
0 0.6005859375 0.509765625 0.0859375 0.115234375
0 0.447265625 0.369140625 0.068359375 0.0703125
0 0.4677734375 0.2548828125 0.0791015625 0.068359375
0 0.7861328125 0.357421875 0.0625 0.115234375
0 0.3544921875 0.3134765625 0.083984375 0.1328125