0 0.580078125 0.4267578125 0.052734375 0.0732421875
0 0.4638671875 0.435546875 0.08203125 0.06640625
0 0.5009765625 0.390625 0.0654296875 0.0546875
0 0.6025390625 0.455078125 0.0576171875 0.0810546875
0 0.5068359375 0.345703125 0.0439453125 0.068359375
0 0.45703125 0.4736328125 0.06640625 0.1025390625
0 0.6142578125 0.3896484375 0.0498046875 0.076171875
0 0.623046875 0.486328125 0.0576171875 0.091796875
0 0.8076171875 0.388671875 0.0478515625 0.0869140625
0 0.787109375 0.4140625 0.0712890625 0.09375
0 0.5849609375 0.32421875 0.044921875 0.080078125
0 0.240234375 0.3076171875 0.0390625 0.0947265625
0 0.2578125 0.5625 0.0390625 0.111328125
0 0.55078125 0.541015625 0.07421875 0.09765625
0 0.2939453125 0.6103515625 0.060546875 0.12109375
0 0.3525390625 0.400390625 0.041015625 0.0947265625
0 0.296875 0.4599609375 0.0458984375 0.091796875
0 0.0390625 0.3642578125 0.0419921875 0.08984375
0 0.56640625 0.6201171875 0.08203125 0.103515625
0 0.63671875 0.369140625 0.0703125 0.0947265625