0 0.833984375 0.4990234375 0.0390625 0.07421875
0 0.7060546875 0.3857421875 0.0498046875 0.076171875
0 0.0224609375 0.7080078125 0.044921875 0.1220703125
0 0.5302734375 0.521484375 0.115234375 0.0546875
0 0.5419921875 0.4404296875 0.0419921875 0.0966796875
0 0.861328125 0.517578125 0.0556640625 0.1142578125
0 0.478515625 0.421875 0.041015625 0.107421875
0 0.3330078125 0.2861328125 0.0439453125 0.087890625
0 0.7099609375 0.458984375 0.064453125 0.09375
0 0.6611328125 0.390625 0.0693359375 0.0947265625
0 0.6005859375 0.416015625 0.0634765625 0.1083984375
0 0.7822265625 0.4375 0.0615234375 0.107421875
0 0.2353515625 0.291015625 0.0439453125 0.0908203125