0 0.5068359375 0.3837890625 0.060546875 0.0556640625
0 0.6025390625 0.455078125 0.0576171875 0.0810546875
0 0.50390625 0.3525390625 0.0537109375 0.0791015625
0 0.4638671875 0.4384765625 0.0908203125 0.0859375
0 0.4560546875 0.474609375 0.064453125 0.10546875
0 0.623046875 0.486328125 0.0576171875 0.091796875
0 0.615234375 0.388671875 0.048828125 0.0771484375
0 0.8076171875 0.388671875 0.0478515625 0.0869140625
0 0.583984375 0.3251953125 0.046875 0.0791015625
0 0.2412109375 0.30859375 0.0380859375 0.0947265625
0 0.2880859375 0.6083984375 0.0556640625 0.119140625
0 0.7861328125 0.4130859375 0.0712890625 0.0947265625
0 0.2578125 0.5625 0.0380859375 0.1103515625
0 0.2958984375 0.4599609375 0.046875 0.09375
0 0.353515625 0.40234375 0.0419921875 0.0947265625
0 0.0341796875 0.3642578125 0.0419921875 0.083984375
0 0.5478515625 0.5400390625 0.0751953125 0.09375
0 0.564453125 0.62109375 0.08203125 0.1015625
0 0.638671875 0.3671875 0.068359375 0.0947265625