0 0.4169921875 0.494140625 0.03515625 0.068359375
0 0.43359375 0.515625 0.03515625 0.0859375
0 0.4931640625 0.4951171875 0.0400390625 0.076171875
0 0.6669921875 0.490234375 0.0361328125 0.08203125
0 0.4736328125 0.4560546875 0.0380859375 0.0458984375
0 0.47265625 0.509765625 0.05078125 0.0810546875
0 0.6904296875 0.498046875 0.0498046875 0.0810546875
0 0.384765625 0.5546875 0.0458984375 0.080078125
0 0.5986328125 0.4462890625 0.0546875 0.087890625
0 0.3662109375 0.6796875 0.044921875 0.09375
0 0.34375 0.2919921875 0.0390625 0.05859375
0 0.5224609375 0.4853515625 0.04296875 0.08203125
0 0.5654296875 0.5478515625 0.0556640625 0.09765625
0 0.373046875 0.2841796875 0.048828125 0.0576171875
1 0.2197265625 0.517578125 0.0341796875 0.09765625
0 0.3984375 0.666015625 0.06640625 0.0849609375
0 0.3447265625 0.4287109375 0.03515625 0.0693359375
0 0.404296875 0.3564453125 0.044921875 0.0703125
0 0.1689453125 0.373046875 0.03125 0.0673828125