0 0.5986328125 0.4111328125 0.046875 0.046875
0 0.537109375 0.4189453125 0.0400390625 0.0810546875
0 0.6171875 0.4404296875 0.0556640625 0.04296875
0 0.009765625 0.55078125 0.01953125 0.0888671875
0 0.826171875 0.4189453125 0.029296875 0.0966796875
0 0.373046875 0.4501953125 0.0400390625 0.1025390625
0 0.5078125 0.44921875 0.0556640625 0.060546875
0 0.671875 0.4287109375 0.0625 0.0732421875
0 0.46875 0.482421875 0.0712890625 0.060546875
0 0.810546875 0.45703125 0.04296875 0.1044921875
0 0.609375 0.484375 0.0625 0.0869140625
0 0.736328125 0.333984375 0.04296875 0.06640625
1 0.244140625 0.4208984375 0.044921875 0.08203125
0 0.705078125 0.4130859375 0.0625 0.0732421875
0 0.5244140625 0.3603515625 0.044921875 0.0791015625
0 0.455078125 0.595703125 0.078125 0.1025390625
0 0.2890625 0.517578125 0.0498046875 0.0869140625
0 0.205078125 0.669921875 0.08203125 0.123046875
0 0.8447265625 0.330078125 0.0703125 0.076171875