0 0.6015625 0.4072265625 0.052734375 0.0478515625
0 0.62109375 0.4345703125 0.0546875 0.04296875
0 0.013671875 0.5498046875 0.0263671875 0.08984375
0 0.513671875 0.4482421875 0.0576171875 0.0625
0 0.6142578125 0.482421875 0.05859375 0.083984375
0 0.677734375 0.42578125 0.0625 0.0703125
0 0.546875 0.4228515625 0.0400390625 0.08203125
0 0.8310546875 0.4208984375 0.02734375 0.1015625
0 0.474609375 0.4794921875 0.0732421875 0.05859375
0 0.740234375 0.333984375 0.044921875 0.0625
0 0.8125 0.455078125 0.0400390625 0.107421875
1 0.248046875 0.41796875 0.0478515625 0.0859375
0 0.7099609375 0.4091796875 0.060546875 0.078125
0 0.458984375 0.591796875 0.076171875 0.1015625
0 0.2958984375 0.517578125 0.05078125 0.0869140625
0 0.3857421875 0.455078125 0.04296875 0.0947265625
0 0.8466796875 0.3291015625 0.068359375 0.076171875
0 0.2109375 0.6689453125 0.0810546875 0.125
0 0.5263671875 0.357421875 0.04296875 0.083984375