0 0.6904296875 0.361328125 0.03125 0.0712890625
0 0.228515625 0.40625 0.03515625 0.0810546875
0 0.197265625 0.412109375 0.029296875 0.0576171875
0 0.5029296875 0.404296875 0.0400390625 0.083984375
0 0.3603515625 0.4365234375 0.0390625 0.08203125
0 0.388671875 0.416015625 0.03515625 0.08203125
0 0.5625 0.45703125 0.037109375 0.0888671875
0 0.513671875 0.5126953125 0.0400390625 0.099609375
0 0.47265625 0.388671875 0.0322265625 0.078125
0 0.3193359375 0.3974609375 0.03515625 0.0791015625
0 0.87890625 0.451171875 0.0322265625 0.083984375
0 0.193359375 0.4580078125 0.0390625 0.08984375
0 0.7890625 0.4990234375 0.0341796875 0.0888671875
0 0.8359375 0.4052734375 0.037109375 0.076171875