0 0.533203125 0.3876953125 0.044921875 0.05859375
0 0.451171875 0.3486328125 0.0419921875 0.0341796875
0 0.5068359375 0.4150390625 0.0576171875 0.0478515625
0 0.6435546875 0.3095703125 0.03125 0.046875
0 0.427734375 0.416015625 0.0478515625 0.0576171875
0 0.541015625 0.357421875 0.05078125 0.0419921875
1 0.763671875 0.37109375 0.0263671875 0.0703125
0 0.634765625 0.4541015625 0.04296875 0.0703125
0 0.6484375 0.3603515625 0.0400390625 0.0634765625
0 0.8837890625 0.3447265625 0.03515625 0.06640625
0 0.314453125 0.365234375 0.0400390625 0.0810546875
0 0.626953125 0.390625 0.0400390625 0.0654296875
0 0.84375 0.494140625 0.046875 0.0791015625
0 0.2255859375 0.578125 0.0703125 0.083984375
0 0.6845703125 0.591796875 0.0498046875 0.07421875
0 0.5302734375 0.30078125 0.044921875 0.060546875
0 0.30859375 0.484375 0.0576171875 0.07421875