0 0.4482421875 0.396484375 0.0400390625 0.060546875
0 0.990234375 0.689453125 0.0185546875 0.12109375
0 0.5859375 0.615234375 0.046875 0.0947265625
1 0.916015625 0.44140625 0.0341796875 0.1015625
0 0.390625 0.4619140625 0.0498046875 0.0888671875
0 0.42578125 0.44140625 0.0546875 0.08203125
0 0.3671875 0.4716796875 0.046875 0.0966796875
0 0.796875 0.3642578125 0.04296875 0.083984375
0 0.9140625 0.3779296875 0.046875 0.05859375
0 0.5146484375 0.447265625 0.0634765625 0.0966796875
0 0.533203125 0.408203125 0.0712890625 0.0810546875
0 0.86328125 0.4765625 0.044921875 0.09375
0 0.6923828125 0.4951171875 0.0498046875 0.08984375
0 0.626953125 0.6796875 0.078125 0.109375
0 0.5615234375 0.5732421875 0.06640625 0.1025390625
0 0.28515625 0.41796875 0.044921875 0.091796875