0 0.7353515625 0.5517578125 0.0419921875 0.068359375
0 0.796875 0.5234375 0.04296875 0.0703125
0 0.6875 0.5078125 0.029296875 0.0498046875
0 0.6982421875 0.5595703125 0.0439453125 0.072265625
0 0.7177734375 0.5048828125 0.037109375 0.06640625
0 0.763671875 0.5 0.0419921875 0.056640625
0 0.837890625 0.5224609375 0.037109375 0.0732421875
0 0.7822265625 0.5625 0.052734375 0.08203125
0 0.7578125 0.6015625 0.0537109375 0.0849609375
0 0.861328125 0.4794921875 0.060546875 0.0732421875
1 0.4326171875 0.5546875 0.02734375 0.072265625
0 0.1171875 0.3623046875 0.03515625 0.0634765625
0 0.404296875 0.4208984375 0.03515625 0.068359375
0 0.4375 0.40234375 0.0302734375 0.0673828125
0 0.32421875 0.49609375 0.0361328125 0.072265625
0 0.17578125 0.3310546875 0.0361328125 0.0625
0 0.6474609375 0.5556640625 0.0654296875 0.0703125