0 0.5224609375 0.4150390625 0.0478515625 0.03515625
0 0.498046875 0.4599609375 0.0400390625 0.0478515625
0 0.4716796875 0.482421875 0.0498046875 0.046875
1 0.4384765625 0.2490234375 0.029296875 0.060546875
1 0.01171875 0.40234375 0.0234375 0.0859375
0 0.701171875 0.474609375 0.0400390625 0.078125
0 0.3232421875 0.439453125 0.0341796875 0.05078125
0 0.5439453125 0.4384765625 0.05859375 0.05078125
0 0.4765625 0.5166015625 0.0556640625 0.0576171875
0 0.455078125 0.443359375 0.037109375 0.0546875
0 0.439453125 0.427734375 0.046875 0.0556640625
0 0.3232421875 0.486328125 0.046875 0.0712890625
0 0.580078125 0.4853515625 0.0634765625 0.0419921875
0 0.689453125 0.423828125 0.0390625 0.052734375
0 0.58203125 0.5146484375 0.06640625 0.05078125
0 0.443359375 0.376953125 0.046875 0.060546875
0 0.6689453125 0.3134765625 0.02734375 0.060546875
0 0.748046875 0.3896484375 0.0341796875 0.06640625
0 0.400390625 0.4013671875 0.052734375 0.0654296875
0 0.4013671875 0.318359375 0.046875 0.0654296875
0 0.7275390625 0.560546875 0.0419921875 0.0791015625