0 0.4326171875 0.4814453125 0.029296875 0.0517578125
0 0.4541015625 0.4443359375 0.03125 0.0390625
0 0.4931640625 0.4921875 0.03515625 0.0703125
0 0.4345703125 0.5322265625 0.0400390625 0.072265625
0 0.40625 0.4541015625 0.03125 0.0439453125
0 0.5166015625 0.4453125 0.03515625 0.0615234375
0 0.46875 0.4931640625 0.04296875 0.076171875
0 0.416015625 0.5400390625 0.0390625 0.072265625
0 0.3837890625 0.5029296875 0.046875 0.07421875
0 0.603515625 0.490234375 0.041015625 0.080078125
0 0.4873046875 0.4140625 0.046875 0.0537109375
0 0.314453125 0.3955078125 0.0341796875 0.05078125
0 0.3486328125 0.474609375 0.0458984375 0.0625
1 0.916015625 0.5458984375 0.0244140625 0.0791015625
0 0.54296875 0.453125 0.0546875 0.0703125
0 0.3095703125 0.62890625 0.0341796875 0.083984375
0 0.2255859375 0.5302734375 0.0390625 0.0732421875