0 0.564453125 0.4287109375 0.0263671875 0.0322265625
0 0.626953125 0.50390625 0.03125 0.0390625
0 0.61328125 0.478515625 0.0263671875 0.03125
0 0.5419921875 0.3955078125 0.0185546875 0.037109375
0 0.583984375 0.455078125 0.0234375 0.0390625
0 0.65625 0.541015625 0.02734375 0.0400390625
0 0.08984375 0.4130859375 0.0322265625 0.0419921875
0 0.1591796875 0.380859375 0.0244140625 0.0341796875
0 0.166015625 0.4443359375 0.029296875 0.0419921875
0 0.162109375 0.509765625 0.029296875 0.04296875
0 0.69140625 0.56640625 0.0322265625 0.0419921875
0 0.072265625 0.5673828125 0.0322265625 0.0498046875
0 0.724609375 0.607421875 0.037109375 0.0498046875
0 0.2021484375 0.61328125 0.0322265625 0.0546875