0 0.435546875 0.484375 0.0556640625 0.10546875
0 0.4033203125 0.4765625 0.0625 0.125
0 0.5361328125 0.5166015625 0.0625 0.1103515625
0 0.28515625 0.443359375 0.0478515625 0.0712890625
0 0.9794921875 0.373046875 0.0400390625 0.08984375
0 0.435546875 0.5927734375 0.0712890625 0.0947265625
0 0.7587890625 0.2763671875 0.05078125 0.083984375
0 0.3251953125 0.458984375 0.0654296875 0.1025390625
0 0.9072265625 0.65234375 0.08203125 0.1201171875
0 0.5751953125 0.5322265625 0.0654296875 0.1201171875
0 0.126953125 0.5185546875 0.078125 0.1025390625
0 0.51953125 0.591796875 0.076171875 0.1123046875