0 0.501953125 0.4091796875 0.0263671875 0.06640625
0 0.5439453125 0.4345703125 0.04296875 0.0751953125
0 0.6259765625 0.4345703125 0.0400390625 0.09375
0 0.0615234375 0.34765625 0.04296875 0.078125
0 0.7197265625 0.4013671875 0.0576171875 0.0927734375
0 0.84765625 0.4423828125 0.03515625 0.09765625
0 0.65625 0.4228515625 0.05078125 0.0927734375
0 0.505859375 0.4638671875 0.044921875 0.0908203125
0 0.591796875 0.4423828125 0.052734375 0.09765625
0 0.681640625 0.486328125 0.06640625 0.091796875
0 0.759765625 0.4814453125 0.04296875 0.08984375
0 0.2626953125 0.658203125 0.052734375 0.10546875
0 0.037109375 0.6455078125 0.0556640625 0.0830078125
0 0.25 0.318359375 0.0419921875 0.0859375