1 0.71484375 0.470703125 0.0419921875 0.046875
0 0.388671875 0.4755859375 0.0419921875 0.044921875
0 0.205078125 0.474609375 0.029296875 0.0625
1 0.482421875 0.24609375 0.0263671875 0.0546875
0 0.3740234375 0.462890625 0.0546875 0.0576171875
0 0.365234375 0.5400390625 0.0546875 0.06640625
0 0.4130859375 0.5087890625 0.0478515625 0.0634765625
0 0.46875 0.537109375 0.068359375 0.05078125
0 0.435546875 0.2998046875 0.04296875 0.068359375
0 0.4658203125 0.451171875 0.046875 0.046875
0 0.4521484375 0.572265625 0.0576171875 0.044921875
0 0.4892578125 0.4814453125 0.068359375 0.0498046875
0 0.30078125 0.689453125 0.06640625 0.0791015625
0 0.2080078125 0.52734375 0.04296875 0.08203125
0 0.6953125 0.416015625 0.0341796875 0.0712890625
0 0.71875 0.515625 0.04296875 0.0712890625
0 0.501953125 0.6083984375 0.0419921875 0.0732421875
0 0.755859375 0.306640625 0.0341796875 0.068359375
0 0.7509765625 0.6962890625 0.044921875 0.0634765625
0 0.380859375 0.603515625 0.07421875 0.083984375
0 0.384765625 0.392578125 0.0634765625 0.060546875