0 0.498046875 0.435546875 0.0341796875 0.0390625
0 0.537109375 0.400390625 0.029296875 0.03515625
0 0.1669921875 0.537109375 0.03125 0.0546875
0 0.6552734375 0.654296875 0.044921875 0.0576171875
0 0.333984375 0.4384765625 0.021484375 0.03515625
0 0.34375 0.583984375 0.0341796875 0.0390625
0 0.3564453125 0.435546875 0.021484375 0.037109375
0 0.21484375 0.556640625 0.0322265625 0.0546875
0 0.1435546875 0.513671875 0.0244140625 0.0556640625
0 0.083984375 0.53125 0.0322265625 0.052734375
0 0.41015625 0.5693359375 0.029296875 0.0478515625
0 0.728515625 0.537109375 0.0244140625 0.046875