0 0.056640625 0.603515625 0.060546875 0.125
0 0.1533203125 0.546875 0.052734375 0.130859375
0 0.677734375 0.443359375 0.0556640625 0.091796875
0 0.484375 0.490234375 0.0556640625 0.1279296875
0 0.62890625 0.4541015625 0.0576171875 0.0859375
0 0.380859375 0.5400390625 0.0576171875 0.1484375
0 0.21875 0.5595703125 0.052734375 0.1435546875
0 0.4443359375 0.5966796875 0.0576171875 0.15234375
0 0.064453125 0.6474609375 0.076171875 0.16015625
0 0.6767578125 0.533203125 0.0654296875 0.1123046875
0 0.1689453125 0.6533203125 0.0810546875 0.146484375
1 0.3349609375 0.3779296875 0.0859375 0.1123046875