1 0.5673828125 0.271484375 0.0341796875 0.068359375
0 0.6875 0.5498046875 0.046875 0.0810546875
0 0.4755859375 0.556640625 0.0390625 0.091796875
0 0.587890625 0.455078125 0.0419921875 0.06640625
0 0.662109375 0.486328125 0.04296875 0.0859375
0 0.5048828125 0.427734375 0.0341796875 0.078125
0 0.5400390625 0.4697265625 0.060546875 0.076171875
0 0.548828125 0.498046875 0.05859375 0.0888671875
0 0.7158203125 0.361328125 0.04296875 0.06640625
0 0.439453125 0.48046875 0.0498046875 0.0791015625
0 0.2998046875 0.4599609375 0.0498046875 0.08203125
0 0.783203125 0.6494140625 0.0478515625 0.0888671875
0 0.4560546875 0.341796875 0.0498046875 0.068359375
0 0.7587890625 0.474609375 0.0478515625 0.0810546875
0 0.501953125 0.3486328125 0.0498046875 0.078125
0 0.904296875 0.3984375 0.05078125 0.07421875