0 0.544921875 0.4580078125 0.0517578125 0.052734375
0 0.435546875 0.408203125 0.04296875 0.0380859375
0 0.48046875 0.45703125 0.0517578125 0.0517578125
0 0.525390625 0.4091796875 0.0576171875 0.046875
0 0.54296875 0.375 0.02734375 0.0615234375
0 0.4169921875 0.3662109375 0.0361328125 0.06640625
0 0.5498046875 0.5068359375 0.0712890625 0.05078125
0 0.4462890625 0.494140625 0.0556640625 0.05859375
0 0.3837890625 0.416015625 0.041015625 0.0703125
0 0.1728515625 0.44921875 0.04296875 0.07421875
0 0.673828125 0.2900390625 0.0478515625 0.0546875
0 0.4521484375 0.2841796875 0.0537109375 0.0654296875
0 0.6962890625 0.42578125 0.0322265625 0.0791015625
0 0.6572265625 0.455078125 0.0341796875 0.08203125
0 0.4580078125 0.6611328125 0.0732421875 0.0859375
0 0.69921875 0.6552734375 0.04296875 0.091796875