0 0.474609375 0.5234375 0.0703125 0.0654296875
0 0.39453125 0.5224609375 0.060546875 0.06640625
0 0.3984375 0.423828125 0.0625 0.0625
0 0.4423828125 0.4716796875 0.0498046875 0.0556640625
0 0.2158203125 0.5009765625 0.04296875 0.091796875
0 0.435546875 0.6875 0.05859375 0.0810546875
0 0.3525390625 0.46875 0.0546875 0.0654296875
0 0.376953125 0.4775390625 0.052734375 0.06640625
0 0.3388671875 0.439453125 0.046875 0.0634765625
0 0.4892578125 0.57421875 0.07421875 0.0703125
0 0.189453125 0.474609375 0.0390625 0.083984375
0 0.642578125 0.3173828125 0.037109375 0.0625
0 0.630859375 0.533203125 0.044921875 0.0791015625
0 0.271484375 0.3310546875 0.05078125 0.07421875
0 0.80078125 0.6875 0.044921875 0.0810546875
0 0.646484375 0.4736328125 0.0419921875 0.07421875
0 0.3935546875 0.5576171875 0.0556640625 0.078125
0 0.49609375 0.40625 0.0390625 0.0625