0 0.5732421875 0.4384765625 0.0498046875 0.044921875
0 0.607421875 0.484375 0.0498046875 0.05859375
0 0.1259765625 0.4150390625 0.0234375 0.0888671875
0 0.650390625 0.521484375 0.0556640625 0.068359375
0 0.455078125 0.505859375 0.046875 0.09375
0 0.552734375 0.4619140625 0.0556640625 0.0419921875
0 0.4453125 0.447265625 0.02734375 0.0556640625
0 0.5458984375 0.498046875 0.0576171875 0.05078125
0 0.4873046875 0.357421875 0.0244140625 0.078125
0 0.45703125 0.6796875 0.0322265625 0.08984375
0 0.537109375 0.552734375 0.0654296875 0.0556640625
0 0.5703125 0.279296875 0.0244140625 0.0791015625
0 0.62109375 0.68359375 0.0634765625 0.0888671875
0 0.884765625 0.48046875 0.04296875 0.0791015625
0 0.701171875 0.3662109375 0.06640625 0.0703125
0 0.3427734375 0.4033203125 0.029296875 0.078125
0 0.7216796875 0.2802734375 0.046875 0.076171875