0 0.3779296875 0.494140625 0.04296875 0.1103515625
0 0.162109375 0.509765625 0.037109375 0.09765625
0 0.1767578125 0.58984375 0.052734375 0.1357421875
0 0.556640625 0.45703125 0.0576171875 0.0888671875
0 0.0205078125 0.580078125 0.0400390625 0.125
0 0.607421875 0.447265625 0.052734375 0.08203125
0 0.056640625 0.546875 0.05078125 0.05859375
0 0.4306640625 0.50390625 0.044921875 0.1201171875
1 0.376953125 0.361328125 0.0654296875 0.091796875
0 0.259765625 0.603515625 0.060546875 0.1357421875
0 0.396484375 0.5458984375 0.05859375 0.1171875
0 0.126953125 0.5546875 0.05859375 0.125
0 0.0888671875 0.677734375 0.0556640625 0.0966796875
0 0.603515625 0.56640625 0.05859375 0.1044921875
0 0.330078125 0.5517578125 0.0634765625 0.1279296875