0 0.65625 0.4501953125 0.0546875 0.1220703125
0 0.6689453125 0.427734375 0.0546875 0.115234375
0 0.5673828125 0.4365234375 0.0615234375 0.0625
0 0.423828125 0.498046875 0.0732421875 0.1083984375
0 0.6015625 0.5263671875 0.0654296875 0.1259765625
0 0.1572265625 0.4326171875 0.11328125 0.0849609375
0 0.5751953125 0.3857421875 0.068359375 0.087890625
0 0.6298828125 0.486328125 0.052734375 0.138671875
0 0.236328125 0.455078125 0.0859375 0.1259765625
0 0.8193359375 0.5615234375 0.0634765625 0.134765625
0 0.9140625 0.4287109375 0.056640625 0.12109375
0 0.7275390625 0.60546875 0.064453125 0.14453125
0 0.4794921875 0.5341796875 0.0712890625 0.123046875
0 0.8359375 0.4345703125 0.103515625 0.111328125
0 0.2958984375 0.515625 0.0986328125 0.125