0 0.5712890625 0.3798828125 0.041015625 0.0859375
0 0.556640625 0.357421875 0.0712890625 0.0859375
0 0.6123046875 0.373046875 0.0419921875 0.0703125
0 0.6240234375 0.4296875 0.052734375 0.0615234375
0 0.88671875 0.244140625 0.0546875 0.048828125
0 0.4609375 0.3349609375 0.0458984375 0.095703125
0 0.7158203125 0.6611328125 0.0625 0.126953125
0 0.505859375 0.33984375 0.0634765625 0.1064453125
0 0.572265625 0.45703125 0.06640625 0.1015625
0 0.591796875 0.51953125 0.0693359375 0.1123046875
0 0.2177734375 0.484375 0.056640625 0.1083984375
0 0.783203125 0.455078125 0.052734375 0.09375
0 0.4228515625 0.419921875 0.0791015625 0.09375
0 0.943359375 0.2666015625 0.0517578125 0.0947265625
0 0.1787109375 0.3974609375 0.0615234375 0.109375
0 0.7734375 0.6640625 0.068359375 0.1162109375
0 0.3564453125 0.42578125 0.068359375 0.0986328125
0 0.7685546875 0.3349609375 0.033203125 0.0771484375
0 0.888671875 0.4697265625 0.068359375 0.0966796875
0 0.73828125 0.517578125 0.0703125 0.09765625