0 0.59765625 0.427734375 0.048828125 0.0390625
0 0.5869140625 0.3955078125 0.0517578125 0.0478515625
0 0.580078125 0.4658203125 0.048828125 0.05859375
0 0.634765625 0.498046875 0.0634765625 0.0791015625
0 0.48046875 0.419921875 0.07421875 0.0498046875
0 0.373046875 0.4345703125 0.033203125 0.08984375
0 0.34375 0.396484375 0.03125 0.0947265625
0 0.5791015625 0.5810546875 0.05078125 0.0849609375
0 0.4990234375 0.46484375 0.0771484375 0.0595703125
0 0.4580078125 0.37109375 0.05859375 0.064453125
0 0.681640625 0.69921875 0.0595703125 0.0546875
0 0.7890625 0.697265625 0.0615234375 0.0625
0 0.5576171875 0.5244140625 0.0732421875 0.06640625
0 0.76953125 0.4404296875 0.0458984375 0.09375
0 0.734375 0.572265625 0.0693359375 0.0908203125
0 0.431640625 0.296875 0.0400390625 0.06640625
0 0.72265625 0.4169921875 0.046875 0.0810546875
0 0.5546875 0.287109375 0.052734375 0.0712890625