0 0.408203125 0.484375 0.0419921875 0.0927734375
0 0.486328125 0.369140625 0.0400390625 0.0517578125
0 0.4482421875 0.4013671875 0.048828125 0.076171875
0 0.416015625 0.5244140625 0.0498046875 0.0888671875
0 0.8603515625 0.384765625 0.046875 0.078125
0 0.46484375 0.5361328125 0.06640625 0.09375
0 0.896484375 0.48046875 0.0556640625 0.0849609375
0 0.5927734375 0.28515625 0.06640625 0.06640625
0 0.283203125 0.431640625 0.0390625 0.09765625
0 0.6220703125 0.59375 0.078125 0.072265625
0 0.826171875 0.572265625 0.0458984375 0.0869140625
0 0.533203125 0.439453125 0.0634765625 0.09375
0 0.5 0.4814453125 0.0625 0.0947265625