0 0.5283203125 0.49609375 0.0498046875 0.0322265625
0 0.505859375 0.4287109375 0.052734375 0.029296875
0 0.513671875 0.4443359375 0.0556640625 0.0322265625
0 0.2080078125 0.50390625 0.0341796875 0.091796875
0 0.66796875 0.4462890625 0.044921875 0.0732421875
0 0.423828125 0.5751953125 0.083984375 0.05859375
0 0.68359375 0.4794921875 0.0390625 0.099609375
0 0.484375 0.5029296875 0.0556640625 0.05859375
0 0.4091796875 0.46875 0.07421875 0.0498046875
0 0.4169921875 0.5126953125 0.07421875 0.0625
0 0.61328125 0.623046875 0.0419921875 0.09765625
0 0.537109375 0.5390625 0.0625 0.083984375
0 0.2548828125 0.470703125 0.037109375 0.0859375
0 0.203125 0.6005859375 0.0341796875 0.1103515625
0 0.3974609375 0.4248046875 0.0732421875 0.052734375
0 0.029296875 0.388671875 0.046875 0.0859375
0 0.5302734375 0.595703125 0.0732421875 0.099609375
0 0.4931640625 0.2890625 0.05078125 0.068359375