0 0.5458984375 0.48828125 0.05078125 0.0888671875
0 0.580078125 0.4765625 0.0478515625 0.0869140625
0 0.6748046875 0.486328125 0.04296875 0.1015625
0 0.4677734375 0.513671875 0.05078125 0.09765625
0 0.537109375 0.412109375 0.0478515625 0.06640625
0 0.521484375 0.5048828125 0.0556640625 0.09375
0 0.2021484375 0.4921875 0.06640625 0.099609375
0 0.236328125 0.599609375 0.046875 0.0859375
0 0.2568359375 0.4345703125 0.0546875 0.0869140625
0 0.615234375 0.421875 0.044921875 0.083984375
0 0.6279296875 0.55078125 0.05859375 0.1044921875
0 0.025390625 0.294921875 0.04296875 0.0712890625
0 0.578125 0.564453125 0.0654296875 0.107421875
0 0.400390625 0.630859375 0.0859375 0.083984375
0 0.724609375 0.490234375 0.046875 0.091796875
0 0.2177734375 0.3974609375 0.060546875 0.0859375
0 0.392578125 0.2978515625 0.0625 0.060546875
0 0.3974609375 0.443359375 0.06640625 0.083984375