0 0.095703125 0.70703125 0.04296875 0.03515625
0 0.900390625 0.546875 0.0546875 0.09375
0 0.916015625 0.4736328125 0.0498046875 0.05859375
0 0.9609375 0.5380859375 0.0556640625 0.0888671875
0 0.607421875 0.4990234375 0.044921875 0.0947265625
0 0.8125 0.4658203125 0.0625 0.0810546875
0 0.05078125 0.4853515625 0.08203125 0.091796875
0 0.6337890625 0.498046875 0.044921875 0.091796875
0 0.638671875 0.4580078125 0.052734375 0.078125
0 0.7060546875 0.5322265625 0.046875 0.0947265625
0 0.751953125 0.47265625 0.0654296875 0.091796875
0 0.498046875 0.369140625 0.052734375 0.083984375
0 0.5654296875 0.4970703125 0.0498046875 0.083984375