0 0.923828125 0.404296875 0.0634765625 0.1044921875
0 0.166015625 0.3720703125 0.044921875 0.09375
0 0.3349609375 0.5625 0.05078125 0.10546875
0 0.591796875 0.470703125 0.0712890625 0.0556640625
0 0.466796875 0.486328125 0.0546875 0.0625
0 0.4423828125 0.38671875 0.099609375 0.05078125
0 0.5771484375 0.3994140625 0.0634765625 0.08203125
0 0.30859375 0.3388671875 0.044921875 0.099609375
0 0.537109375 0.466796875 0.0634765625 0.1025390625
0 0.3828125 0.5537109375 0.068359375 0.09765625
0 0.2822265625 0.2666015625 0.0546875 0.076171875
0 0.224609375 0.365234375 0.0712890625 0.0888671875
0 0.3671875 0.259765625 0.046875 0.0810546875
0 0.9697265625 0.349609375 0.060546875 0.1015625
0 0.6328125 0.4521484375 0.046875 0.0947265625
0 0.7236328125 0.505859375 0.0712890625 0.1044921875