0 0.341796875 0.4775390625 0.0498046875 0.0576171875
0 0.3876953125 0.4599609375 0.0498046875 0.0859375
0 0.427734375 0.466796875 0.0498046875 0.099609375
0 0.2509765625 0.3955078125 0.0546875 0.07421875
0 0.34375 0.533203125 0.0556640625 0.099609375
0 0.9755859375 0.568359375 0.0478515625 0.099609375
0 0.9111328125 0.5888671875 0.0625 0.115234375
0 0.6025390625 0.537109375 0.06640625 0.1044921875
0 0.3125 0.3994140625 0.0712890625 0.091796875
0 0.9677734375 0.419921875 0.0576171875 0.09765625
0 0.177734375 0.4658203125 0.05859375 0.10546875
0 0.4814453125 0.431640625 0.0654296875 0.1025390625