0 0.419921875 0.421875 0.0546875 0.04296875
0 0.43359375 0.4619140625 0.0576171875 0.0478515625
0 0.4765625 0.490234375 0.0556640625 0.0634765625
0 0.521484375 0.4560546875 0.052734375 0.04296875
0 0.263671875 0.470703125 0.0390625 0.09765625
0 0.4208984375 0.44140625 0.0546875 0.060546875
0 0.240234375 0.5048828125 0.0478515625 0.08984375
0 0.54296875 0.4990234375 0.0732421875 0.0634765625
0 0.5263671875 0.408203125 0.0654296875 0.0498046875
0 0.466796875 0.685546875 0.068359375 0.083984375
0 0.544921875 0.5595703125 0.0791015625 0.0498046875
0 0.4296875 0.5224609375 0.0556640625 0.0791015625
0 0.701171875 0.5146484375 0.044921875 0.0859375
0 0.763671875 0.279296875 0.0419921875 0.068359375
0 0.705078125 0.458984375 0.046875 0.068359375
0 0.3896484375 0.2744140625 0.0546875 0.0732421875
0 0.61328125 0.37109375 0.0390625 0.0791015625
0 0.3828125 0.3515625 0.0654296875 0.07421875