0 0.31640625 0.51171875 0.1357421875 0.076171875
0 0.232421875 0.341796875 0.1015625 0.130859375
0 0.236328125 0.45703125 0.0810546875 0.1982421875
0 0.3359375 0.4326171875 0.078125 0.15625
0 0.345703125 0.32421875 0.07421875 0.11328125
0 0.404296875 0.380859375 0.0712890625 0.146484375
0 0.4169921875 0.505859375 0.0869140625 0.1728515625
0 0.470703125 0.384765625 0.08203125 0.185546875
0 0.5869140625 0.51953125 0.0732421875 0.1982421875
0 0.181640625 0.4755859375 0.1015625 0.22265625
0 0.0595703125 0.4091796875 0.10546875 0.208984375