1 0.587890625 0.2451171875 0.0234375 0.05078125
0 0.6376953125 0.439453125 0.037109375 0.072265625
0 0.59765625 0.4248046875 0.0439453125 0.0546875
0 0.6650390625 0.3876953125 0.0400390625 0.0634765625
0 0.5830078125 0.400390625 0.0439453125 0.06640625
0 0.748046875 0.4111328125 0.0400390625 0.072265625
1 0.9375 0.4755859375 0.037109375 0.0791015625
0 0.0947265625 0.419921875 0.03125 0.0703125
0 0.681640625 0.453125 0.0478515625 0.080078125
0 0.4765625 0.41796875 0.0361328125 0.064453125
0 0.662109375 0.53125 0.0546875 0.0693359375
0 0.58203125 0.46875 0.0615234375 0.0654296875
0 0.4267578125 0.3681640625 0.029296875 0.060546875
0 0.6533203125 0.302734375 0.044921875 0.0546875
0 0.556640625 0.310546875 0.029296875 0.0537109375
0 0.490234375 0.4404296875 0.052734375 0.06640625
0 0.5859375 0.6640625 0.0654296875 0.072265625
0 0.197265625 0.6484375 0.0419921875 0.0810546875
0 0.7958984375 0.416015625 0.0322265625 0.078125
0 0.384765625 0.5234375 0.033203125 0.06640625