1 0.3330078125 0.248046875 0.052734375 0.05859375
0 0.439453125 0.4765625 0.0478515625 0.08984375
0 0.39453125 0.478515625 0.0390625 0.09375
0 0.4814453125 0.42578125 0.0498046875 0.0859375
0 0.01953125 0.4326171875 0.0390625 0.08984375
0 0.5234375 0.4560546875 0.0498046875 0.0966796875
0 0.6044921875 0.5439453125 0.0498046875 0.1025390625
0 0.294921875 0.50390625 0.068359375 0.0947265625
0 0.044921875 0.6416015625 0.083984375 0.09765625
0 0.7021484375 0.482421875 0.0576171875 0.09375
0 0.55859375 0.4326171875 0.0478515625 0.0869140625
0 0.3642578125 0.3779296875 0.0625 0.078125