0 0.9912109375 0.4208984375 0.0166015625 0.1015625
0 0.9853515625 0.5625 0.029296875 0.109375
0 0.5400390625 0.462890625 0.0576171875 0.109375
0 0.4912109375 0.4189453125 0.044921875 0.07421875
0 0.396484375 0.529296875 0.0498046875 0.11328125
0 0.224609375 0.474609375 0.06640625 0.0966796875
0 0.66015625 0.505859375 0.05078125 0.107421875
0 0.490234375 0.478515625 0.0625 0.1025390625
0 0.6005859375 0.4638671875 0.0703125 0.1025390625
0 0.349609375 0.5341796875 0.060546875 0.1025390625
0 0.9462890625 0.501953125 0.0732421875 0.1044921875