0 0.076171875 0.423828125 0.0234375 0.0400390625
0 0.482421875 0.552734375 0.0576171875 0.0654296875
0 0.40625 0.537109375 0.0400390625 0.068359375
1 0.2802734375 0.505859375 0.0166015625 0.0654296875
0 0.3291015625 0.4013671875 0.0419921875 0.0498046875
0 0.3740234375 0.474609375 0.0419921875 0.044921875
0 0.3857421875 0.4921875 0.037109375 0.0400390625
0 0.4111328125 0.400390625 0.021484375 0.052734375
0 0.3212890625 0.326171875 0.01953125 0.052734375
0 0.615234375 0.388671875 0.01953125 0.052734375
0 0.431640625 0.4404296875 0.0234375 0.052734375
0 0.376953125 0.3310546875 0.0166015625 0.0556640625
0 0.4541015625 0.478515625 0.03515625 0.04296875
0 0.560546875 0.5107421875 0.021484375 0.0625
0 0.4560546875 0.41796875 0.0185546875 0.060546875
0 0.6865234375 0.541015625 0.0234375 0.0625
0 0.544921875 0.6708984375 0.03125 0.0634765625
0 0.45703125 0.67578125 0.0546875 0.0703125