0 0.7138671875 0.5615234375 0.037109375 0.08203125
0 0.48046875 0.498046875 0.0419921875 0.0576171875
0 0.732421875 0.4912109375 0.05078125 0.0791015625
0 0.263671875 0.4921875 0.0556640625 0.068359375
0 0.509765625 0.4765625 0.05078125 0.0625
0 0.59765625 0.5546875 0.0947265625 0.0712890625
0 0.607421875 0.408203125 0.0859375 0.0556640625
0 0.48046875 0.412109375 0.0546875 0.0400390625
0 0.57421875 0.49609375 0.0732421875 0.05078125
0 0.810546875 0.466796875 0.04296875 0.0869140625
0 0.462890625 0.455078125 0.046875 0.0498046875
0 0.9521484375 0.38671875 0.0390625 0.09765625
0 0.314453125 0.4326171875 0.05859375 0.078125
0 0.767578125 0.4287109375 0.0556640625 0.08203125
0 0.5927734375 0.4462890625 0.0732421875 0.060546875
0 0.9599609375 0.6728515625 0.0478515625 0.1201171875
0 0.908203125 0.283203125 0.03515625 0.08984375
0 0.3818359375 0.62890625 0.08203125 0.107421875
0 0.5556640625 0.2724609375 0.060546875 0.076171875