0 0.5244140625 0.423828125 0.0576171875 0.0810546875
0 0.4775390625 0.4375 0.0419921875 0.052734375
1 0.7197265625 0.4150390625 0.0390625 0.0576171875
0 0.322265625 0.4453125 0.0390625 0.0654296875
0 0.4228515625 0.4140625 0.060546875 0.0654296875
0 0.4521484375 0.427734375 0.0419921875 0.0703125
0 0.490234375 0.37109375 0.052734375 0.060546875
0 0.583984375 0.4765625 0.0703125 0.078125
0 0.4755859375 0.490234375 0.0546875 0.0791015625
0 0.3359375 0.482421875 0.0498046875 0.0810546875
0 0.658203125 0.3076171875 0.0498046875 0.0654296875
0 0.7275390625 0.474609375 0.044921875 0.078125
0 0.783203125 0.3828125 0.0322265625 0.0712890625
0 0.5078125 0.515625 0.0625 0.078125
0 0.4208984375 0.314453125 0.0576171875 0.05859375
0 0.7548828125 0.564453125 0.046875 0.0791015625