0 0.525390625 0.498046875 0.0419921875 0.03515625
0 0.4873046875 0.5458984375 0.052734375 0.044921875
0 0.5068359375 0.5859375 0.0478515625 0.0712890625
0 0.3798828125 0.615234375 0.046875 0.08203125
0 0.3955078125 0.583984375 0.0556640625 0.0478515625
0 0.0732421875 0.47265625 0.037109375 0.0791015625
0 0.240234375 0.5673828125 0.04296875 0.0625
0 0.4228515625 0.548828125 0.05078125 0.052734375
0 0.2822265625 0.517578125 0.0419921875 0.0625
0 0.666015625 0.55859375 0.046875 0.0546875
0 0.779296875 0.556640625 0.0400390625 0.0654296875
0 0.453125 0.466796875 0.0341796875 0.0654296875
0 0.421875 0.505859375 0.0625 0.0546875
0 0.572265625 0.341796875 0.0400390625 0.0654296875
1 0.931640625 0.505859375 0.0419921875 0.0732421875
0 0.455078125 0.7041015625 0.0625 0.0859375
0 0.2841796875 0.3427734375 0.0341796875 0.0576171875
0 0.583984375 0.505859375 0.0400390625 0.0791015625
0 0.017578125 0.71875 0.03515625 0.083984375