0 0.5234375 0.478515625 0.0400390625 0.05078125
0 0.357421875 0.560546875 0.044921875 0.0654296875
0 0.478515625 0.5361328125 0.04296875 0.0869140625
0 0.4423828125 0.572265625 0.05859375 0.076171875
0 0.5615234375 0.50390625 0.0478515625 0.1015625
0 0.361328125 0.3876953125 0.0498046875 0.0810546875
0 0.525390625 0.5576171875 0.060546875 0.0810546875
0 0.3955078125 0.4560546875 0.0556640625 0.09375
0 0.576171875 0.609375 0.060546875 0.0966796875
0 0.662109375 0.5322265625 0.05078125 0.1103515625
0 0.6005859375 0.4951171875 0.06640625 0.1025390625
0 0.197265625 0.5341796875 0.0576171875 0.08984375
0 0.154296875 0.431640625 0.052734375 0.08984375
0 0.6318359375 0.6005859375 0.0703125 0.0888671875
0 0.8212890625 0.505859375 0.0478515625 0.091796875
0 0.1318359375 0.3466796875 0.0576171875 0.0810546875
0 0.3408203125 0.6064453125 0.0810546875 0.0869140625
0 0.4609375 0.416015625 0.068359375 0.0732421875