1 0.3134765625 0.5390625 0.0322265625 0.109375
0 0.4951171875 0.451171875 0.05859375 0.060546875
0 0.5458984375 0.3994140625 0.0576171875 0.0576171875
1 0.0146484375 0.5888671875 0.029296875 0.10546875
1 0.236328125 0.44921875 0.03125 0.1015625
0 0.4345703125 0.30859375 0.0244140625 0.0888671875
0 0.5341796875 0.486328125 0.05859375 0.0791015625
0 0.44140625 0.423828125 0.044921875 0.060546875
0 0.529296875 0.3173828125 0.046875 0.0869140625
0 0.408203125 0.4384765625 0.0478515625 0.0859375
0 0.826171875 0.4375 0.04296875 0.09375
0 0.564453125 0.3798828125 0.05078125 0.0810546875
0 0.439453125 0.35546875 0.044921875 0.076171875
0 0.5986328125 0.572265625 0.068359375 0.09765625
0 0.291015625 0.412109375 0.03515625 0.09375
0 0.5048828125 0.5439453125 0.05859375 0.109375
0 0.4072265625 0.5048828125 0.060546875 0.1025390625
0 0.1826171875 0.3642578125 0.0341796875 0.09375