0 0.8076171875 0.3671875 0.0341796875 0.068359375
0 0.7861328125 0.333984375 0.0244140625 0.0625
0 0.4951171875 0.412109375 0.037109375 0.06640625
1 0.2021484375 0.439453125 0.03515625 0.076171875
0 0.46875 0.529296875 0.052734375 0.0654296875
0 0.306640625 0.5166015625 0.0322265625 0.0791015625
0 0.814453125 0.427734375 0.03515625 0.0791015625
0 0.4853515625 0.32421875 0.0390625 0.0576171875
0 0.4697265625 0.4677734375 0.0546875 0.0576171875
0 0.880859375 0.5595703125 0.029296875 0.083984375
0 0.484375 0.37109375 0.037109375 0.060546875
0 0.388671875 0.486328125 0.044921875 0.078125
0 0.4794921875 0.5712890625 0.0625 0.076171875