0 0.53125 0.306640625 0.0625 0.09375
0 0.5439453125 0.427734375 0.068359375 0.060546875
0 0.4921875 0.44921875 0.0654296875 0.06640625
0 0.53515625 0.4873046875 0.06640625 0.0869140625
0 0.544921875 0.392578125 0.0576171875 0.0498046875
0 0.41796875 0.421875 0.0791015625 0.0625
0 0.416015625 0.4580078125 0.0732421875 0.0712890625
0 0.564453125 0.37890625 0.0546875 0.0791015625
0 0.6064453125 0.55078125 0.046875 0.1015625
0 0.439453125 0.353515625 0.060546875 0.068359375
0 0.845703125 0.435546875 0.04296875 0.1015625
1 0.19921875 0.3583984375 0.044921875 0.0859375
0 0.23046875 0.4580078125 0.044921875 0.1025390625
0 0.4296875 0.314453125 0.046875 0.07421875
0 0.5048828125 0.548828125 0.0654296875 0.115234375
0 0.271484375 0.4228515625 0.0478515625 0.1015625
0 0.34375 0.5361328125 0.04296875 0.1123046875
0 0.412109375 0.5185546875 0.07421875 0.08984375