1 0.291015625 0.5224609375 0.03125 0.1015625
0 0.55859375 0.4716796875 0.05078125 0.07421875
0 0.4287109375 0.28515625 0.03515625 0.0576171875
1 0.0830078125 0.5478515625 0.046875 0.09765625
0 0.533203125 0.4072265625 0.0498046875 0.05078125
0 0.541015625 0.388671875 0.0546875 0.060546875
0 0.2294921875 0.435546875 0.02734375 0.0947265625
1 0.056640625 0.365234375 0.03515625 0.0888671875
0 0.4091796875 0.494140625 0.04296875 0.1015625
0 0.4365234375 0.427734375 0.0576171875 0.0556640625
0 0.8037109375 0.419921875 0.0390625 0.08984375
0 0.533203125 0.306640625 0.0546875 0.08203125
0 0.294921875 0.388671875 0.0390625 0.08984375
0 0.423828125 0.341796875 0.02734375 0.0869140625
0 0.5029296875 0.51953125 0.05859375 0.1015625
0 0.5849609375 0.544921875 0.06640625 0.091796875
0 0.3857421875 0.4404296875 0.0625 0.083984375