0 0.62109375 0.404296875 0.03515625 0.0576171875
0 0.6005859375 0.43359375 0.0419921875 0.08203125
0 0.845703125 0.453125 0.04296875 0.078125
0 0.6142578125 0.4697265625 0.037109375 0.08203125
0 0.818359375 0.5 0.046875 0.07421875
0 0.662109375 0.509765625 0.044921875 0.0732421875
1 0.416015625 0.2705078125 0.029296875 0.05859375
0 0.0625 0.5498046875 0.0400390625 0.083984375
0 0.671875 0.4580078125 0.0400390625 0.068359375
0 0.7919921875 0.515625 0.0625 0.07421875
0 0.544921875 0.4765625 0.0400390625 0.0810546875
0 0.138671875 0.451171875 0.0634765625 0.0732421875
0 0.314453125 0.3974609375 0.0341796875 0.060546875