0 0.18359375 0.41796875 0.0751953125 0.140625
0 0.15625 0.28515625 0.0849609375 0.1328125
0 0.828125 0.60546875 0.126953125 0.203125
0 0.0947265625 0.3212890625 0.0859375 0.1298828125
0 0.51953125 0.4931640625 0.125 0.1630859375
0 0.6044921875 0.6435546875 0.0869140625 0.2060546875
0 0.2958984375 0.478515625 0.140625 0.1650390625
0 0.150390625 0.513671875 0.09375 0.2109375
0 0.62890625 0.51171875 0.14453125 0.162109375
0 0.912109375 0.6337890625 0.1640625 0.1982421875
0 0.0556640625 0.515625 0.103515625 0.1767578125