0 0.740234375 0.412109375 0.029296875 0.07421875
0 0.5419921875 0.4501953125 0.04296875 0.05859375
0 0.515625 0.38671875 0.04296875 0.0703125
0 0.78515625 0.427734375 0.0322265625 0.0859375
0 0.61328125 0.3974609375 0.0419921875 0.0419921875
0 0.572265625 0.474609375 0.0576171875 0.0703125
0 0.5224609375 0.41796875 0.0634765625 0.0634765625
0 0.6767578125 0.4716796875 0.0625 0.0654296875
0 0.22265625 0.380859375 0.0390625 0.068359375
0 0.1865234375 0.28515625 0.03515625 0.0634765625
0 0.583984375 0.5087890625 0.0625 0.0732421875
0 0.5693359375 0.35546875 0.05078125 0.060546875
0 0.333984375 0.646484375 0.0419921875 0.08984375
0 0.5361328125 0.2724609375 0.04296875 0.0576171875
0 0.7421875 0.599609375 0.05859375 0.0859375
0 0.2744140625 0.544921875 0.0390625 0.0869140625
0 0.734375 0.5419921875 0.0556640625 0.078125