0 0.3974609375 0.3544921875 0.0361328125 0.068359375
0 0.5693359375 0.296875 0.0322265625 0.0625
0 0.3984375 0.2548828125 0.033203125 0.0537109375
0 0.3623046875 0.2900390625 0.025390625 0.0546875
0 0.50390625 0.4326171875 0.0419921875 0.060546875
0 0.546875 0.353515625 0.0302734375 0.052734375
0 0.689453125 0.5361328125 0.056640625 0.0751953125
0 0.3134765625 0.4951171875 0.03515625 0.07421875
0 0.490234375 0.4990234375 0.0341796875 0.0751953125
0 0.2578125 0.53125 0.0615234375 0.0703125
0 0.330078125 0.4453125 0.0458984375 0.0703125
0 0.458984375 0.5498046875 0.037109375 0.06640625
0 0.2119140625 0.615234375 0.0478515625 0.0888671875