0 0.4267578125 0.4267578125 0.03125 0.0810546875
0 0.517578125 0.4541015625 0.037109375 0.044921875
0 0.4697265625 0.4736328125 0.0322265625 0.07421875
1 0.337890625 0.2421875 0.02734375 0.046875
0 0.41796875 0.40234375 0.029296875 0.06640625
1 0.6904296875 0.4287109375 0.0244140625 0.076171875
0 0.513671875 0.408203125 0.0322265625 0.03515625
0 0.423828125 0.275390625 0.0390625 0.052734375
0 0.494140625 0.4951171875 0.03515625 0.078125
0 0.6943359375 0.611328125 0.0390625 0.0869140625
0 0.228515625 0.361328125 0.029296875 0.0634765625
0 0.5693359375 0.470703125 0.0478515625 0.0556640625
0 0.19140625 0.314453125 0.029296875 0.0634765625
1 0.9345703125 0.361328125 0.0244140625 0.068359375
0 0.48046875 0.3447265625 0.0419921875 0.0546875
0 0.3701171875 0.5751953125 0.02734375 0.083984375
0 0.2451171875 0.40625 0.02734375 0.068359375
0 0.6015625 0.5224609375 0.03125 0.0703125
0 0.341796875 0.587890625 0.0400390625 0.0888671875