1 0.271484375 0.271484375 0.03515625 0.0625
0 0.4150390625 0.40234375 0.05078125 0.05078125
0 0.349609375 0.4404296875 0.0400390625 0.0498046875
1 0.203125 0.4482421875 0.021484375 0.083984375
0 0.5244140625 0.26953125 0.0234375 0.0634765625
0 0.779296875 0.4697265625 0.029296875 0.0791015625
0 0.7236328125 0.5009765625 0.02734375 0.08203125
0 0.3408203125 0.4169921875 0.0400390625 0.0498046875
0 0.5693359375 0.3369140625 0.029296875 0.06640625
0 0.857421875 0.619140625 0.037109375 0.09765625
0 0.314453125 0.3388671875 0.052734375 0.05859375
0 0.3349609375 0.541015625 0.0322265625 0.0810546875
0 0.42578125 0.6357421875 0.0576171875 0.0869140625
0 0.4091796875 0.5283203125 0.0556640625 0.0810546875