0 0.4951171875 0.5615234375 0.0556640625 0.0947265625
0 0.5087890625 0.447265625 0.0390625 0.0810546875
0 0.4111328125 0.400390625 0.0400390625 0.0654296875
0 0.5341796875 0.3857421875 0.04296875 0.05859375
0 0.451171875 0.541015625 0.044921875 0.083984375
0 0.4365234375 0.4501953125 0.0576171875 0.0810546875
0 0.4677734375 0.474609375 0.0478515625 0.0888671875
0 0.6162109375 0.38671875 0.0634765625 0.0634765625
0 0.666015625 0.369140625 0.0322265625 0.068359375
0 0.568359375 0.525390625 0.0400390625 0.0810546875
0 0.720703125 0.697265625 0.037109375 0.0556640625
0 0.388671875 0.525390625 0.04296875 0.07421875
0 0.6220703125 0.447265625 0.037109375 0.0791015625
0 0.818359375 0.6953125 0.0419921875 0.0625
0 0.7998046875 0.3095703125 0.0400390625 0.068359375
0 0.4814453125 0.34765625 0.052734375 0.0634765625
0 0.37890625 0.421875 0.0576171875 0.0869140625
0 0.283203125 0.482421875 0.06640625 0.0888671875
0 0.841796875 0.4267578125 0.04296875 0.078125