0 0.353515625 0.5478515625 0.046875 0.08203125
0 0.423828125 0.5185546875 0.0419921875 0.0625
0 0.5556640625 0.462890625 0.0390625 0.0810546875
0 0.5107421875 0.486328125 0.046875 0.0869140625
0 0.84765625 0.35546875 0.05078125 0.0732421875
0 0.5849609375 0.5087890625 0.0390625 0.0947265625
0 0.4697265625 0.4677734375 0.0546875 0.08203125
0 0.3935546875 0.4677734375 0.046875 0.076171875
0 0.912109375 0.2802734375 0.04296875 0.0703125
0 0.3876953125 0.5537109375 0.0498046875 0.0947265625
0 0.873046875 0.275390625 0.0419921875 0.0634765625
0 0.90625 0.365234375 0.0400390625 0.07421875
0 0.357421875 0.4619140625 0.0546875 0.08203125
1 0.0419921875 0.412109375 0.04296875 0.083984375
0 0.697265625 0.494140625 0.0556640625 0.0732421875