0 0.388671875 0.44140625 0.0390625 0.0263671875
0 0.279296875 0.4501953125 0.03125 0.0625
0 0.578125 0.4462890625 0.0341796875 0.03515625
0 0.4130859375 0.458984375 0.0390625 0.04296875
0 0.4638671875 0.4765625 0.0498046875 0.0341796875
0 0.3876953125 0.5078125 0.0400390625 0.046875
0 0.2666015625 0.4814453125 0.029296875 0.05859375
0 0.384765625 0.4287109375 0.0419921875 0.0419921875
0 0.55859375 0.427734375 0.029296875 0.05078125
0 0.82421875 0.3857421875 0.0263671875 0.0556640625
0 0.4580078125 0.4501953125 0.04296875 0.0341796875
0 0.251953125 0.435546875 0.0263671875 0.0576171875
0 0.458984375 0.5048828125 0.04296875 0.04296875
0 0.44921875 0.314453125 0.0263671875 0.04296875
0 0.5810546875 0.484375 0.03125 0.0625
0 0.453125 0.4140625 0.046875 0.0400390625
0 0.380859375 0.3115234375 0.037109375 0.05078125
0 0.6708984375 0.513671875 0.029296875 0.05859375
0 0.470703125 0.6318359375 0.037109375 0.0634765625
0 0.37109375 0.626953125 0.0576171875 0.068359375