0 0.466796875 0.5859375 0.0400390625 0.1025390625
0 0.43359375 0.578125 0.05078125 0.08984375
0 0.56640625 0.462890625 0.0546875 0.1015625
0 0.953125 0.67578125 0.0625 0.1044921875
0 0.365234375 0.4306640625 0.0654296875 0.0947265625
0 0.853515625 0.333984375 0.046875 0.08203125
0 0.9365234375 0.3720703125 0.0419921875 0.078125
0 0.5400390625 0.4892578125 0.0576171875 0.109375
0 0.392578125 0.6044921875 0.05078125 0.078125
0 0.787109375 0.4619140625 0.04296875 0.0947265625
0 0.310546875 0.490234375 0.0498046875 0.09375
0 0.890625 0.365234375 0.05859375 0.0947265625
0 0.6103515625 0.4658203125 0.0634765625 0.099609375
0 0.501953125 0.4619140625 0.0634765625 0.1015625
0 0.724609375 0.583984375 0.044921875 0.0947265625