0 0.5947265625 0.44140625 0.0703125 0.05078125
0 0.466796875 0.48828125 0.0634765625 0.0546875
0 0.5849609375 0.4736328125 0.06640625 0.05859375
0 0.46484375 0.447265625 0.060546875 0.0556640625
0 0.509765625 0.4716796875 0.044921875 0.07421875
0 0.61328125 0.572265625 0.044921875 0.099609375
0 0.466796875 0.3544921875 0.0400390625 0.07421875
0 0.4658203125 0.41015625 0.05859375 0.0546875
0 0.580078125 0.521484375 0.068359375 0.05859375
0 0.638671875 0.529296875 0.05078125 0.107421875
0 0.462890625 0.5361328125 0.060546875 0.07421875
0 0.591796875 0.3857421875 0.0400390625 0.07421875
0 0.138671875 0.4619140625 0.0419921875 0.1015625
0 0.943359375 0.314453125 0.0390625 0.091796875
0 0.423828125 0.412109375 0.05078125 0.0791015625
0 0.3603515625 0.4765625 0.0390625 0.09375
0 0.287109375 0.455078125 0.0556640625 0.109375
0 0.83984375 0.486328125 0.0478515625 0.09375
0 0.916015625 0.615234375 0.05078125 0.1015625
0 0.6357421875 0.345703125 0.04296875 0.09375