0 0.484375 0.4677734375 0.046875 0.0478515625
1 0.228515625 0.3505859375 0.029296875 0.0703125
0 0.5654296875 0.435546875 0.046875 0.0400390625
0 0.576171875 0.4208984375 0.0498046875 0.0546875
0 0.4755859375 0.431640625 0.060546875 0.044921875
0 0.5771484375 0.505859375 0.0634765625 0.068359375
0 0.712890625 0.451171875 0.0498046875 0.083984375
0 0.466796875 0.494140625 0.0654296875 0.078125
0 0.5966796875 0.400390625 0.04296875 0.0654296875
0 0.74609375 0.501953125 0.0419921875 0.07421875
0 0.357421875 0.4921875 0.0400390625 0.078125
0 0.455078125 0.361328125 0.03515625 0.0625
0 0.580078125 0.5947265625 0.068359375 0.08203125
0 0.4677734375 0.3857421875 0.0546875 0.0712890625
0 0.185546875 0.6103515625 0.044921875 0.0888671875
0 0.267578125 0.310546875 0.0341796875 0.0634765625
0 0.47265625 0.541015625 0.06640625 0.0791015625
0 0.541015625 0.3232421875 0.0478515625 0.05859375
0 0.6044921875 0.349609375 0.052734375 0.068359375