0 0.400390625 0.447265625 0.037109375 0.060546875
1 0.3369140625 0.5458984375 0.0390625 0.0888671875
0 0.3515625 0.412109375 0.0556640625 0.060546875
0 0.37890625 0.55078125 0.044921875 0.0888671875
0 0.4658203125 0.4931640625 0.0498046875 0.0888671875
0 0.46875 0.4296875 0.037109375 0.0556640625
0 0.626953125 0.330078125 0.0322265625 0.07421875
0 0.3125 0.4013671875 0.037109375 0.0625
0 0.2119140625 0.458984375 0.0419921875 0.0869140625
0 0.841796875 0.607421875 0.044921875 0.091796875
0 0.837890625 0.505859375 0.03515625 0.091796875
0 0.345703125 0.3271484375 0.0546875 0.06640625