0 0.337890625 0.4404296875 0.0419921875 0.068359375
0 0.462890625 0.4404296875 0.03515625 0.0556640625
0 0.3173828125 0.5009765625 0.0341796875 0.0791015625
0 0.5849609375 0.4375 0.03515625 0.083984375
0 0.2451171875 0.455078125 0.037109375 0.08203125
0 0.6103515625 0.4150390625 0.029296875 0.0703125
0 0.671875 0.3232421875 0.0341796875 0.0625
0 0.8525390625 0.333984375 0.05078125 0.0625
0 0.3935546875 0.4873046875 0.04296875 0.078125
0 0.642578125 0.5654296875 0.06640625 0.0810546875
0 0.748046875 0.5712890625 0.068359375 0.0859375