0 0.416015625 0.5185546875 0.0400390625 0.03125
0 0.4892578125 0.5859375 0.052734375 0.0400390625
0 0.51171875 0.5078125 0.0576171875 0.04296875
0 0.513671875 0.4521484375 0.05078125 0.0419921875
0 0.408203125 0.5498046875 0.046875 0.0556640625
0 0.501953125 0.548828125 0.060546875 0.04296875
0 0.4462890625 0.5126953125 0.03515625 0.0556640625
1 0.0859375 0.4560546875 0.037109375 0.0625
0 0.67578125 0.3828125 0.0234375 0.052734375
0 0.294921875 0.5009765625 0.0419921875 0.076171875
0 0.416015625 0.392578125 0.046875 0.0576171875
0 0.427734375 0.3349609375 0.0419921875 0.060546875
0 0.513671875 0.341796875 0.029296875 0.0478515625
0 0.4287109375 0.6005859375 0.060546875 0.06640625
0 0.8544921875 0.44140625 0.0341796875 0.060546875
0 0.6181640625 0.482421875 0.0322265625 0.060546875
0 0.70703125 0.7119140625 0.0478515625 0.0947265625
0 0.9306640625 0.5966796875 0.0390625 0.0712890625
0 0.630859375 0.576171875 0.0341796875 0.06640625
0 0.3603515625 0.6875 0.05078125 0.07421875