0 0.529296875 0.421875 0.0576171875 0.0654296875
0 0.6142578125 0.404296875 0.046875 0.0400390625
0 0.673828125 0.474609375 0.05859375 0.0654296875
0 0.5390625 0.455078125 0.0556640625 0.0634765625
0 0.5146484375 0.384765625 0.044921875 0.06640625
0 0.5732421875 0.4775390625 0.0556640625 0.0732421875
0 0.744140625 0.4091796875 0.029296875 0.0654296875
0 0.7216796875 0.5390625 0.052734375 0.0810546875
0 0.5859375 0.5107421875 0.05859375 0.07421875
0 0.21875 0.3828125 0.037109375 0.068359375
0 0.7978515625 0.4287109375 0.0263671875 0.08203125
0 0.185546875 0.287109375 0.0322265625 0.0634765625
0 0.5361328125 0.275390625 0.0400390625 0.0556640625
0 0.333984375 0.646484375 0.0419921875 0.09375
0 0.251953125 0.53515625 0.044921875 0.0859375
0 0.572265625 0.3583984375 0.052734375 0.060546875
0 0.7529296875 0.607421875 0.05859375 0.0869140625