0 0.642578125 0.5126953125 0.0400390625 0.05859375
0 0.51953125 0.5048828125 0.0634765625 0.0810546875
0 0.384765625 0.4501953125 0.0390625 0.083984375
0 0.6005859375 0.525390625 0.0546875 0.09375
0 0.75390625 0.576171875 0.0576171875 0.0859375
0 0.322265625 0.474609375 0.0478515625 0.08984375
0 0.4931640625 0.37109375 0.0390625 0.08203125
0 0.1943359375 0.50390625 0.044921875 0.0791015625
0 0.486328125 0.533203125 0.052734375 0.0859375
0 0.458984375 0.3681640625 0.0546875 0.08203125
0 0.966796875 0.421875 0.0498046875 0.0810546875
0 0.666015625 0.431640625 0.046875 0.07421875
0 0.40234375 0.4912109375 0.0634765625 0.091796875
0 0.6337890625 0.578125 0.06640625 0.0966796875
0 0.240234375 0.494140625 0.052734375 0.09375
0 0.423828125 0.53125 0.068359375 0.0869140625