0 0.369140625 0.455078125 0.0322265625 0.0390625
0 0.3486328125 0.513671875 0.05859375 0.09375
0 0.505859375 0.513671875 0.044921875 0.0576171875
0 0.5126953125 0.3916015625 0.068359375 0.0859375
0 0.505859375 0.5771484375 0.05078125 0.1044921875
0 0.59375 0.5498046875 0.099609375 0.037109375
0 0.41015625 0.498046875 0.05078125 0.0888671875
0 0.384765625 0.55859375 0.0546875 0.1015625
0 0.52734375 0.3603515625 0.044921875 0.0888671875
0 0.453125 0.548828125 0.0654296875 0.09765625
0 0.5654296875 0.505859375 0.0625 0.0625
0 0.517578125 0.466796875 0.046875 0.07421875
0 0.0341796875 0.521484375 0.052734375 0.09765625
0 0.4404296875 0.4033203125 0.0654296875 0.083984375
0 0.80078125 0.4658203125 0.0546875 0.0966796875
0 0.2587890625 0.4091796875 0.0478515625 0.083984375
0 0.689453125 0.462890625 0.091796875 0.09765625
0 0.1435546875 0.4677734375 0.05859375 0.0791015625