0 0.435546875 0.48046875 0.03125 0.0419921875
1 0.1103515625 0.4482421875 0.0390625 0.068359375
0 0.544921875 0.3876953125 0.04296875 0.0625
0 0.3701171875 0.5419921875 0.0400390625 0.0654296875
0 0.48046875 0.6962890625 0.0390625 0.076171875
0 0.4384765625 0.53515625 0.0390625 0.08203125
0 0.443359375 0.4404296875 0.0400390625 0.046875
0 0.416015625 0.564453125 0.0546875 0.076171875
0 0.5859375 0.603515625 0.052734375 0.0712890625
0 0.7666015625 0.373046875 0.029296875 0.0556640625
0 0.552734375 0.4560546875 0.052734375 0.0625
0 0.681640625 0.720703125 0.0419921875 0.083984375
0 0.478515625 0.494140625 0.05078125 0.0712890625
0 0.6904296875 0.5791015625 0.0400390625 0.06640625
0 0.5595703125 0.3232421875 0.0341796875 0.0556640625
0 0.51171875 0.3232421875 0.0478515625 0.0556640625
0 0.935546875 0.4443359375 0.03515625 0.0634765625
0 0.283203125 0.4931640625 0.04296875 0.0791015625
0 0.658203125 0.470703125 0.0400390625 0.0654296875
0 0.384765625 0.4609375 0.044921875 0.0654296875