0 0.40234375 0.5166015625 0.044921875 0.06640625
0 0.521484375 0.5498046875 0.0576171875 0.052734375
0 0.458984375 0.5078125 0.0419921875 0.068359375
0 0.509765625 0.4072265625 0.04296875 0.05078125
0 0.443359375 0.5732421875 0.04296875 0.08984375
0 0.4853515625 0.4775390625 0.044921875 0.0791015625
0 0.3642578125 0.455078125 0.052734375 0.091796875
0 0.4013671875 0.560546875 0.0625 0.083984375
0 0.4248046875 0.3681640625 0.0341796875 0.076171875
0 0.3818359375 0.345703125 0.0322265625 0.0810546875
0 0.587890625 0.505859375 0.044921875 0.078125
0 0.5439453125 0.41015625 0.052734375 0.0703125
0 0.7802734375 0.474609375 0.0634765625 0.0947265625