0 0.3798828125 0.498046875 0.0341796875 0.0654296875
0 0.357421875 0.47265625 0.0498046875 0.0419921875
0 0.6240234375 0.5126953125 0.044921875 0.068359375
0 0.3388671875 0.5400390625 0.052734375 0.06640625
0 0.35546875 0.572265625 0.0546875 0.0576171875
0 0.470703125 0.53515625 0.0703125 0.0546875
0 0.4375 0.4921875 0.0498046875 0.0556640625
0 0.59765625 0.466796875 0.0419921875 0.0634765625
0 0.2060546875 0.4921875 0.05859375 0.0869140625
0 0.755859375 0.6669921875 0.046875 0.0654296875
0 0.650390625 0.2900390625 0.0341796875 0.060546875
0 0.482421875 0.35546875 0.0341796875 0.0703125
0 0.15234375 0.552734375 0.0419921875 0.0791015625
0 0.4423828125 0.4208984375 0.052734375 0.0732421875
0 0.591796875 0.5888671875 0.0390625 0.08984375
0 0.470703125 0.5888671875 0.06640625 0.0810546875
0 0.341796875 0.447265625 0.0576171875 0.0625
0 0.3408203125 0.2939453125 0.052734375 0.05859375
0 0.3125 0.3525390625 0.052734375 0.06640625
0 0.310546875 0.6337890625 0.0634765625 0.0859375