0 0.423828125 0.431640625 0.0634765625 0.06640625
0 0.42578125 0.58203125 0.0634765625 0.076171875
0 0.4521484375 0.517578125 0.0634765625 0.07421875
0 0.712890625 0.5224609375 0.044921875 0.0732421875
0 0.3828125 0.5224609375 0.052734375 0.0888671875
0 0.505859375 0.546875 0.0634765625 0.078125
0 0.435546875 0.2998046875 0.04296875 0.05859375
0 0.6845703125 0.6240234375 0.046875 0.08203125
0 0.544921875 0.3564453125 0.0322265625 0.068359375
0 0.2060546875 0.4912109375 0.0556640625 0.0859375
0 0.359375 0.443359375 0.04296875 0.0712890625
0 0.2060546875 0.591796875 0.0341796875 0.0810546875
0 0.4541015625 0.349609375 0.0576171875 0.060546875
0 0.8701171875 0.6865234375 0.04296875 0.0859375
0 0.654296875 0.4658203125 0.04296875 0.0810546875
0 0.330078125 0.5498046875 0.0556640625 0.0810546875
0 0.494140625 0.6318359375 0.0634765625 0.0859375