0 0.560546875 0.505859375 0.0419921875 0.09375
0 0.4423828125 0.451171875 0.0498046875 0.03515625
0 0.7001953125 0.5517578125 0.037109375 0.10546875
0 0.248046875 0.4423828125 0.046875 0.0810546875
0 0.4892578125 0.529296875 0.052734375 0.0966796875
0 0.556640625 0.36328125 0.037109375 0.0888671875
0 0.6513671875 0.4033203125 0.03125 0.0869140625
0 0.6142578125 0.521484375 0.0341796875 0.099609375
0 0.8193359375 0.419921875 0.0419921875 0.0947265625
0 0.4951171875 0.396484375 0.037109375 0.07421875
1 0.1123046875 0.470703125 0.03125 0.09375
0 0.3974609375 0.4453125 0.0546875 0.05859375
0 0.4609375 0.376953125 0.037109375 0.08984375
0 0.5048828125 0.4541015625 0.052734375 0.0576171875
0 0.37890625 0.4189453125 0.060546875 0.0654296875
0 0.3681640625 0.3720703125 0.060546875 0.078125
0 0.4033203125 0.556640625 0.078125 0.0869140625