1 0.5546875 0.25390625 0.02734375 0.060546875
0 0.5078125 0.50390625 0.046875 0.05078125
0 0.8125 0.365234375 0.02734375 0.0654296875
0 0.7841796875 0.3369140625 0.0244140625 0.0703125
1 0.103515625 0.4306640625 0.02734375 0.0703125
0 0.49609375 0.41015625 0.0390625 0.06640625
0 0.8173828125 0.4287109375 0.0341796875 0.076171875
0 0.4833984375 0.3232421875 0.03515625 0.0556640625
0 0.46875 0.529296875 0.052734375 0.0634765625
0 0.4462890625 0.4921875 0.029296875 0.07421875
0 0.884765625 0.556640625 0.02734375 0.0859375
0 0.4833984375 0.3701171875 0.03515625 0.0625
0 0.48046875 0.5712890625 0.0634765625 0.08203125