0 0.49609375 0.490234375 0.0791015625 0.05078125
0 0.353515625 0.5029296875 0.0419921875 0.0712890625
1 0.3662109375 0.248046875 0.0390625 0.05859375
0 0.4853515625 0.529296875 0.060546875 0.0859375
0 0.3515625 0.453125 0.052734375 0.04296875
0 0.1689453125 0.466796875 0.0498046875 0.107421875
0 0.314453125 0.517578125 0.0576171875 0.0703125
0 0.3203125 0.2890625 0.0556640625 0.078125
0 0.3359375 0.43359375 0.0625 0.076171875
0 0.896484375 0.607421875 0.052734375 0.1123046875
0 0.13671875 0.49609375 0.0546875 0.09765625
0 0.4658203125 0.4189453125 0.068359375 0.068359375
0 0.5322265625 0.572265625 0.0546875 0.09375
0 0.37109375 0.5654296875 0.0791015625 0.09375
0 0.607421875 0.537109375 0.0498046875 0.107421875
0 0.44140625 0.2890625 0.0419921875 0.068359375
0 0.734375 0.482421875 0.046875 0.099609375
0 0.29296875 0.5986328125 0.08203125 0.1123046875