0 0.5654296875 0.5380859375 0.046875 0.0576171875
0 0.544921875 0.4892578125 0.0400390625 0.04296875
1 0.2890625 0.2431640625 0.03125 0.0478515625
0 0.6044921875 0.5751953125 0.052734375 0.05859375
0 0.3017578125 0.46875 0.0341796875 0.083984375
0 0.5029296875 0.580078125 0.0556640625 0.0703125
0 0.5244140625 0.5166015625 0.044921875 0.0576171875
0 0.3154296875 0.509765625 0.046875 0.09375
1 0.94921875 0.345703125 0.0390625 0.0859375
0 0.4755859375 0.5458984375 0.060546875 0.0634765625
0 0.6728515625 0.4677734375 0.03515625 0.0732421875
0 0.287109375 0.318359375 0.0341796875 0.0625
0 0.447265625 0.513671875 0.06640625 0.060546875
0 0.705078125 0.490234375 0.0400390625 0.08984375
0 0.5341796875 0.45703125 0.04296875 0.0322265625
0 0.359375 0.626953125 0.0400390625 0.091796875
0 0.609375 0.474609375 0.0341796875 0.08984375
0 0.4150390625 0.451171875 0.0419921875 0.078125
0 0.35546875 0.4033203125 0.0322265625 0.07421875
0 0.474609375 0.388671875 0.0498046875 0.068359375
0 0.345703125 0.5390625 0.0400390625 0.083984375
0 0.3994140625 0.314453125 0.0478515625 0.0654296875