0 0.5 0.4111328125 0.02734375 0.0712890625
1 0.552734375 0.2529296875 0.02734375 0.0625
0 0.814453125 0.3583984375 0.0263671875 0.0546875
0 0.5068359375 0.501953125 0.0419921875 0.0576171875
0 0.783203125 0.337890625 0.0263671875 0.0712890625
0 0.814453125 0.4228515625 0.03125 0.08203125
0 0.46484375 0.525390625 0.05078125 0.0712890625
0 0.4794921875 0.3251953125 0.037109375 0.0556640625
1 0.3681640625 0.505859375 0.029296875 0.0810546875
0 0.4814453125 0.37109375 0.0341796875 0.060546875
0 0.908203125 0.583984375 0.0341796875 0.0888671875
0 0.4169921875 0.4853515625 0.0341796875 0.0703125
0 0.4765625 0.572265625 0.05859375 0.078125
0 0.46875 0.4658203125 0.052734375 0.0556640625