0 0.533203125 0.4423828125 0.03125 0.083984375
1 0.4560546875 0.52734375 0.037109375 0.076171875
0 0.5869140625 0.373046875 0.0322265625 0.05078125
0 0.501953125 0.3837890625 0.029296875 0.0634765625
0 0.576171875 0.447265625 0.0400390625 0.0703125
0 0.4150390625 0.404296875 0.03515625 0.078125
0 0.4833984375 0.4228515625 0.0390625 0.0791015625
0 0.6318359375 0.3837890625 0.0263671875 0.0546875
1 0.7578125 0.416015625 0.03125 0.07421875
0 0.638671875 0.443359375 0.05078125 0.0791015625
0 0.4775390625 0.5986328125 0.0576171875 0.083984375
0 0.1884765625 0.3759765625 0.029296875 0.06640625
0 0.29296875 0.2958984375 0.05078125 0.0546875
0 0.162109375 0.525390625 0.046875 0.0810546875
0 0.2490234375 0.6455078125 0.05078125 0.09375
0 0.02734375 0.302734375 0.0478515625 0.068359375