0 0.3203125 0.251953125 0.03125 0.05859375
0 0.5556640625 0.3271484375 0.0546875 0.0546875
0 0.517578125 0.3662109375 0.04296875 0.0546875
0 0.541015625 0.33984375 0.0419921875 0.0390625
0 0.4658203125 0.369140625 0.0498046875 0.044921875
0 0.4208984375 0.6669921875 0.05078125 0.05859375
0 0.458984375 0.345703125 0.0576171875 0.046875
0 0.4658203125 0.2998046875 0.037109375 0.052734375
0 0.318359375 0.3271484375 0.037109375 0.0576171875
0 0.552734375 0.400390625 0.060546875 0.0703125
0 0.119140625 0.28515625 0.0263671875 0.0732421875
0 0.69921875 0.328125 0.03515625 0.0654296875
0 0.529296875 0.5078125 0.0576171875 0.07421875
0 0.4453125 0.4189453125 0.052734375 0.0810546875
0 0.30078125 0.3837890625 0.0390625 0.06640625
0 0.6796875 0.353515625 0.046875 0.076171875
0 0.5888671875 0.2646484375 0.046875 0.0634765625
0 0.583984375 0.666015625 0.060546875 0.06640625
0 0.439453125 0.517578125 0.0400390625 0.0712890625