0 0.7314453125 0.435546875 0.0498046875 0.1025390625
0 0.5615234375 0.474609375 0.06640625 0.099609375
0 0.3291015625 0.3173828125 0.03515625 0.083984375
0 0.3837890625 0.380859375 0.0390625 0.05078125
0 0.541015625 0.501953125 0.05078125 0.1123046875
0 0.4833984375 0.4482421875 0.0634765625 0.1025390625
0 0.515625 0.31640625 0.0625 0.0791015625
0 0.376953125 0.4287109375 0.0732421875 0.091796875
0 0.224609375 0.2734375 0.0419921875 0.0810546875
0 0.328125 0.404296875 0.0498046875 0.0966796875
0 0.416015625 0.498046875 0.076171875 0.1025390625
0 0.029296875 0.552734375 0.0556640625 0.09765625
0 0.1396484375 0.3115234375 0.05078125 0.0859375