0 0.4345703125 0.29296875 0.0244140625 0.05078125
0 0.533203125 0.421875 0.0556640625 0.0498046875
1 0.248046875 0.4443359375 0.029296875 0.09765625
0 0.576171875 0.3759765625 0.05078125 0.0732421875
0 0.544921875 0.396484375 0.0546875 0.0478515625
0 0.1337890625 0.369140625 0.0419921875 0.091796875
0 0.408203125 0.4375 0.0400390625 0.0966796875
0 0.3232421875 0.4130859375 0.0341796875 0.1015625
0 0.4365234375 0.419921875 0.0478515625 0.0654296875
0 0.533203125 0.484375 0.060546875 0.078125
0 0.8203125 0.435546875 0.0400390625 0.09375
0 0.5322265625 0.3173828125 0.0478515625 0.083984375
0 0.2939453125 0.537109375 0.037109375 0.1044921875
0 0.4345703125 0.34765625 0.03125 0.0859375
0 0.505859375 0.5400390625 0.060546875 0.107421875
0 0.4189453125 0.5 0.0498046875 0.10546875
0 0.5966796875 0.568359375 0.068359375 0.0966796875