0 0.4287109375 0.23828125 0.0283203125 0.0390625
0 0.421875 0.453125 0.05078125 0.0849609375
0 0.30078125 0.5400390625 0.056640625 0.078125
0 0.4033203125 0.478515625 0.056640625 0.0810546875
0 0.52734375 0.3505859375 0.0390625 0.0703125
0 0.552734375 0.2685546875 0.04296875 0.083984375
0 0.4736328125 0.439453125 0.0654296875 0.0576171875
0 0.4765625 0.4921875 0.05859375 0.0859375
0 0.4453125 0.3623046875 0.056640625 0.0703125
0 0.732421875 0.50390625 0.0498046875 0.0849609375
0 0.3994140625 0.333984375 0.0478515625 0.08203125
0 0.4072265625 0.2568359375 0.0625 0.0732421875
0 0.41015625 0.5537109375 0.0546875 0.09375
0 0.287109375 0.619140625 0.0732421875 0.1220703125