0 0.4248046875 0.375 0.0400390625 0.052734375
0 0.4609375 0.4580078125 0.0400390625 0.037109375
0 0.98828125 0.408203125 0.0234375 0.0625
0 0.4541015625 0.50390625 0.0478515625 0.0478515625
1 0.4912109375 0.2490234375 0.0263671875 0.0576171875
0 0.4892578125 0.4775390625 0.037109375 0.044921875
0 0.5244140625 0.3740234375 0.0263671875 0.05078125
0 0.546875 0.501953125 0.052734375 0.0400390625
0 0.337890625 0.5048828125 0.0341796875 0.05859375
0 0.5478515625 0.5224609375 0.05078125 0.060546875
1 0.0185546875 0.3935546875 0.021484375 0.068359375
0 0.5224609375 0.3037109375 0.0263671875 0.0478515625
0 0.5556640625 0.400390625 0.029296875 0.0546875
0 0.5322265625 0.416015625 0.0419921875 0.0478515625
0 0.451171875 0.4423828125 0.044921875 0.046875
0 0.4658203125 0.2998046875 0.037109375 0.0498046875
0 0.609375 0.55078125 0.0400390625 0.0576171875
0 0.529296875 0.451171875 0.044921875 0.037109375
0 0.4228515625 0.4033203125 0.0478515625 0.05859375
0 0.4716796875 0.6435546875 0.05859375 0.0625
0 0.5732421875 0.6455078125 0.0400390625 0.07421875