0 0.5107421875 0.3759765625 0.0654296875 0.05078125
0 0.607421875 0.390625 0.0390625 0.037109375
0 0.60546875 0.3701171875 0.0390625 0.0400390625
0 0.1279296875 0.400390625 0.046875 0.08203125
0 0.220703125 0.326171875 0.0322265625 0.0888671875
0 0.236328125 0.513671875 0.037109375 0.09375
0 0.54296875 0.4453125 0.0634765625 0.07421875
1 0.79296875 0.3994140625 0.0322265625 0.0859375
0 0.7509765625 0.625 0.0703125 0.0869140625
0 0.654296875 0.443359375 0.068359375 0.068359375
0 0.5185546875 0.396484375 0.0625 0.07421875
0 0.5693359375 0.2890625 0.0478515625 0.05859375
0 0.5673828125 0.474609375 0.0654296875 0.0732421875
0 0.5654296875 0.337890625 0.046875 0.0625
0 0.30859375 0.6123046875 0.0419921875 0.08984375
0 0.7158203125 0.509765625 0.0556640625 0.0810546875
0 0.72265625 0.38671875 0.0322265625 0.0732421875