0 0.166015625 0.5107421875 0.044921875 0.05859375
0 0.017578125 0.591796875 0.03515625 0.09765625
0 0.46875 0.40625 0.04296875 0.0810546875
0 0.6279296875 0.3857421875 0.037109375 0.0654296875
0 0.6494140625 0.4541015625 0.03515625 0.0732421875
0 0.486328125 0.451171875 0.0498046875 0.0810546875
0 0.1640625 0.416015625 0.046875 0.078125
0 0.5869140625 0.3837890625 0.0634765625 0.06640625
0 0.552734375 0.4462890625 0.0546875 0.0791015625
0 0.091796875 0.2978515625 0.046875 0.0703125
0 0.2119140625 0.5576171875 0.0791015625 0.0869140625
0 0.197265625 0.6708984375 0.0732421875 0.0888671875
0 0.05859375 0.369140625 0.060546875 0.068359375
0 0.67578125 0.4697265625 0.05078125 0.091796875
0 0.7470703125 0.419921875 0.052734375 0.0732421875