0 0.408203125 0.3642578125 0.07421875 0.052734375
0 0.353515625 0.4326171875 0.0390625 0.0712890625
0 0.1845703125 0.4755859375 0.0400390625 0.060546875
0 0.193359375 0.431640625 0.0400390625 0.0703125
0 0.3251953125 0.41015625 0.04296875 0.0478515625
0 0.4150390625 0.419921875 0.060546875 0.05859375
0 0.326171875 0.470703125 0.0498046875 0.0703125
0 0.45703125 0.4580078125 0.060546875 0.0654296875
0 0.767578125 0.4619140625 0.0322265625 0.08203125
0 0.4541015625 0.49609375 0.05078125 0.0703125
0 0.3271484375 0.5244140625 0.0546875 0.0703125
0 0.525390625 0.58984375 0.03125 0.0859375
0 0.369140625 0.5361328125 0.052734375 0.0654296875
0 0.3271484375 0.5869140625 0.0634765625 0.0703125
0 0.513671875 0.41796875 0.0498046875 0.0634765625
0 0.453125 0.544921875 0.046875 0.076171875
0 0.3232421875 0.322265625 0.0556640625 0.0556640625
0 0.2958984375 0.38671875 0.05078125 0.0732421875
0 0.49609375 0.455078125 0.0546875 0.068359375
0 0.64453125 0.3095703125 0.03515625 0.05859375