0 0.51171875 0.517578125 0.0322265625 0.05859375
0 0.4267578125 0.44140625 0.02734375 0.0576171875
0 0.44921875 0.5615234375 0.0419921875 0.0703125
0 0.5029296875 0.5732421875 0.0400390625 0.07421875
0 0.42578125 0.49609375 0.0322265625 0.060546875
0 0.453125 0.4404296875 0.0341796875 0.0556640625
0 0.5712890625 0.3212890625 0.03515625 0.0576171875
1 0.0673828125 0.4541015625 0.03125 0.0703125
0 0.7314453125 0.408203125 0.037109375 0.0654296875
0 0.595703125 0.3828125 0.05859375 0.0625
0 0.654296875 0.314453125 0.03125 0.0556640625
0 0.349609375 0.5126953125 0.046875 0.0712890625
0 0.7646484375 0.4736328125 0.0390625 0.05859375
0 0.7861328125 0.52734375 0.0400390625 0.0703125
0 0.548828125 0.5205078125 0.05859375 0.0712890625