0 0.564453125 0.525390625 0.052734375 0.06640625
0 0.4736328125 0.5283203125 0.04296875 0.07421875
0 0.466796875 0.4775390625 0.04296875 0.05078125
0 0.458984375 0.458984375 0.05078125 0.060546875
0 0.3349609375 0.4970703125 0.0390625 0.07421875
0 0.5302734375 0.546875 0.06640625 0.0712890625
0 0.787109375 0.345703125 0.0322265625 0.05859375
0 0.8349609375 0.4296875 0.0390625 0.0625
0 0.501953125 0.4189453125 0.044921875 0.0498046875
0 0.8349609375 0.373046875 0.0322265625 0.060546875
0 0.482421875 0.375 0.037109375 0.052734375
0 0.908203125 0.5966796875 0.0400390625 0.0810546875
0 0.484375 0.328125 0.04296875 0.052734375
0 0.4794921875 0.576171875 0.068359375 0.0732421875