0 0.7822265625 0.5224609375 0.15234375 0.080078125
0 0.4453125 0.498046875 0.0771484375 0.130859375
0 0.6318359375 0.30078125 0.078125 0.1220703125
0 0.798828125 0.443359375 0.1201171875 0.13671875
0 0.396484375 0.4853515625 0.07421875 0.1875
0 0.232421875 0.4580078125 0.1259765625 0.09765625
0 0.65625 0.43359375 0.1171875 0.2529296875
1 0.314453125 0.6328125 0.08984375 0.13671875
0 0.5986328125 0.4150390625 0.0771484375 0.1982421875
0 0.5361328125 0.4765625 0.09375 0.19140625
0 0.525390625 0.33203125 0.1044921875 0.19140625