0 0.0185546875 0.388671875 0.037109375 0.1650390625
0 0.5498046875 0.525390625 0.0712890625 0.0966796875
0 0.541015625 0.6484375 0.107421875 0.078125
0 0.6005859375 0.5849609375 0.0791015625 0.19140625
0 0.24609375 0.400390625 0.138671875 0.0966796875
0 0.046875 0.3837890625 0.068359375 0.1572265625
0 0.505859375 0.4365234375 0.0634765625 0.1826171875
0 0.4541015625 0.4462890625 0.0703125 0.1826171875
0 0.763671875 0.6005859375 0.0625 0.20703125
0 0.7080078125 0.6015625 0.083984375 0.2275390625
0 0.6083984375 0.7177734375 0.138671875 0.1259765625
0 0.390625 0.521484375 0.0654296875 0.1953125
0 0.26953125 0.640625 0.08203125 0.1904296875