0 0.68359375 0.3056640625 0.0234375 0.046875
0 0.4443359375 0.275390625 0.02734375 0.0322265625
0 0.3935546875 0.349609375 0.02734375 0.0390625
0 0.66796875 0.3701171875 0.02734375 0.0419921875
0 0.4228515625 0.3056640625 0.0302734375 0.0361328125
0 0.7939453125 0.3076171875 0.0224609375 0.041015625
0 0.318359375 0.373046875 0.029296875 0.041015625
0 0.37109375 0.375 0.03515625 0.0439453125
0 0.658203125 0.412109375 0.0263671875 0.0439453125
0 0.30078125 0.4794921875 0.0380859375 0.0419921875
0 0.658203125 0.47265625 0.0283203125 0.046875
0 0.259765625 0.560546875 0.0419921875 0.0546875
0 0.33984375 0.42578125 0.03515625 0.041015625
0 0.6396484375 0.609375 0.03125 0.0556640625
0 0.7978515625 0.5908203125 0.029296875 0.06640625
0 0.6552734375 0.533203125 0.033203125 0.0498046875
0 0.248046875 0.53125 0.037109375 0.05078125
0 0.2041015625 0.623046875 0.048828125 0.060546875