0 0.4765625 0.466796875 0.037109375 0.05078125
0 0.4609375 0.4267578125 0.0341796875 0.0498046875
0 0.396484375 0.466796875 0.05078125 0.0703125
0 0.4453125 0.48828125 0.0400390625 0.06640625
1 0.4521484375 0.244140625 0.0390625 0.046875
0 0.404296875 0.4111328125 0.03515625 0.052734375
0 0.517578125 0.478515625 0.0341796875 0.0712890625
0 0.494140625 0.3125 0.03125 0.052734375
0 0.478515625 0.498046875 0.037109375 0.0654296875
0 0.537109375 0.623046875 0.0341796875 0.0712890625
0 0.328125 0.443359375 0.0556640625 0.0625
0 0.505859375 0.41796875 0.029296875 0.0546875
0 0.5439453125 0.306640625 0.0244140625 0.044921875
0 0.4033203125 0.501953125 0.04296875 0.05859375
0 0.2529296875 0.4462890625 0.0400390625 0.0576171875
0 0.5419921875 0.548828125 0.03125 0.07421875
0 0.4375 0.619140625 0.04296875 0.0791015625
0 0.818359375 0.498046875 0.0390625 0.0625