0 0.015625 0.5263671875 0.03125 0.068359375
1 0.0361328125 0.595703125 0.068359375 0.08984375
0 0.716796875 0.404296875 0.046875 0.068359375
0 0.5244140625 0.404296875 0.0322265625 0.0556640625
0 0.037109375 0.5947265625 0.0703125 0.091796875
0 0.5625 0.412109375 0.052734375 0.083984375
0 0.3525390625 0.4072265625 0.044921875 0.0791015625
0 0.4580078125 0.45703125 0.0556640625 0.091796875
0 0.638671875 0.4345703125 0.046875 0.07421875
0 0.103515625 0.431640625 0.0556640625 0.0869140625
0 0.53125 0.4580078125 0.068359375 0.083984375