0 0.2177734375 0.412109375 0.0390625 0.0634765625
0 0.4501953125 0.484375 0.0341796875 0.0869140625
0 0.35546875 0.361328125 0.0419921875 0.0478515625
0 0.3017578125 0.5 0.03125 0.083984375
0 0.357421875 0.42578125 0.05078125 0.060546875
0 0.455078125 0.4208984375 0.0556640625 0.0390625
1 0.927734375 0.3759765625 0.0322265625 0.076171875
0 0.349609375 0.330078125 0.0478515625 0.0712890625
0 0.677734375 0.490234375 0.0234375 0.08203125
0 0.619140625 0.314453125 0.0322265625 0.06640625
0 0.447265625 0.392578125 0.044921875 0.0341796875
0 0.568359375 0.40625 0.029296875 0.07421875
0 0.3486328125 0.49609375 0.046875 0.0732421875
0 0.52734375 0.369140625 0.03515625 0.0625
0 0.3896484375 0.6279296875 0.060546875 0.0810546875
0 0.4921875 0.62890625 0.046875 0.076171875
0 0.4287109375 0.33984375 0.044921875 0.05078125