0 0.4990234375 0.54296875 0.0693359375 0.04296875
0 0.591796875 0.5068359375 0.037109375 0.0830078125
1 0.0908203125 0.4521484375 0.021484375 0.0673828125
0 0.390625 0.447265625 0.0380859375 0.0634765625
0 0.5185546875 0.453125 0.0400390625 0.046875
0 0.353515625 0.51171875 0.029296875 0.0595703125
0 0.9443359375 0.431640625 0.03515625 0.076171875
0 0.630859375 0.423828125 0.0380859375 0.060546875
0 0.63671875 0.5078125 0.048828125 0.08203125
0 0.8662109375 0.44140625 0.0390625 0.0703125
0 0.619140625 0.4501953125 0.04296875 0.060546875
0 0.673828125 0.5068359375 0.041015625 0.0810546875
0 0.443359375 0.501953125 0.0419921875 0.076171875