0 0.7392578125 0.4130859375 0.03125 0.0732421875
0 0.5166015625 0.3876953125 0.0478515625 0.0654296875
0 0.61328125 0.396484375 0.0419921875 0.037109375
0 0.572265625 0.4755859375 0.0556640625 0.076171875
0 0.5224609375 0.4189453125 0.060546875 0.0625
0 0.6748046875 0.47265625 0.0654296875 0.06640625
0 0.5859375 0.509765625 0.0625 0.0732421875
0 0.2216796875 0.3837890625 0.0400390625 0.06640625
0 0.783203125 0.4306640625 0.0341796875 0.076171875
0 0.185546875 0.2861328125 0.03515625 0.0625
0 0.5361328125 0.2734375 0.04296875 0.0556640625
0 0.330078125 0.6474609375 0.04296875 0.0888671875
0 0.568359375 0.3564453125 0.052734375 0.05859375
0 0.7333984375 0.5419921875 0.0576171875 0.078125
0 0.7421875 0.599609375 0.05859375 0.083984375
0 0.267578125 0.5458984375 0.0498046875 0.0791015625