0 0.3583984375 0.560546875 0.0888671875 0.046875
0 0.8017578125 0.52734375 0.0712890625 0.0791015625
0 0.94921875 0.3193359375 0.0478515625 0.0732421875
0 0.9853515625 0.33203125 0.029296875 0.08203125
0 0.3798828125 0.486328125 0.05859375 0.0654296875
0 0.533203125 0.4765625 0.046875 0.0869140625
0 0.9716796875 0.5634765625 0.052734375 0.08203125
0 0.529296875 0.537109375 0.0703125 0.06640625
0 0.3076171875 0.5107421875 0.0712890625 0.1025390625
0 0.4189453125 0.412109375 0.0498046875 0.1181640625
1 0.1103515625 0.345703125 0.060546875 0.09375