0 0.4814453125 0.3759765625 0.0400390625 0.0634765625
0 0.671875 0.4287109375 0.0244140625 0.076171875
0 0.2177734375 0.353515625 0.029296875 0.0625
0 0.5166015625 0.4501953125 0.03515625 0.046875
0 0.423828125 0.4150390625 0.04296875 0.0546875
0 0.2265625 0.3955078125 0.0341796875 0.068359375
0 0.470703125 0.4755859375 0.0419921875 0.0703125
0 0.42578125 0.2744140625 0.0390625 0.0546875
0 0.443359375 0.435546875 0.0390625 0.0732421875
1 0.935546875 0.361328125 0.0244140625 0.068359375
0 0.5146484375 0.408203125 0.0390625 0.03125
0 0.572265625 0.470703125 0.0576171875 0.0576171875
0 0.5009765625 0.4931640625 0.0390625 0.0732421875
0 0.181640625 0.310546875 0.03125 0.0654296875
0 0.4833984375 0.345703125 0.044921875 0.0556640625
0 0.357421875 0.572265625 0.052734375 0.08984375
0 0.5966796875 0.5224609375 0.052734375 0.06640625
0 0.7021484375 0.611328125 0.0478515625 0.0810546875