0 0.349609375 0.474609375 0.0546875 0.0947265625
0 0.423828125 0.576171875 0.0634765625 0.1103515625
0 0.513671875 0.470703125 0.0419921875 0.052734375
0 0.3193359375 0.466796875 0.03515625 0.0859375
0 0.455078125 0.513671875 0.0478515625 0.1044921875
0 0.646484375 0.4580078125 0.046875 0.078125
0 0.4033203125 0.513671875 0.0556640625 0.08984375
0 0.4990234375 0.529296875 0.0478515625 0.107421875
0 0.5439453125 0.5390625 0.05859375 0.09375
0 0.9609375 0.59375 0.068359375 0.12109375
0 0.7197265625 0.50390625 0.0546875 0.1044921875
0 0.580078125 0.337890625 0.046875 0.0859375
0 0.3203125 0.5498046875 0.04296875 0.0966796875
0 0.115234375 0.455078125 0.0546875 0.109375
0 0.658203125 0.501953125 0.060546875 0.09375
0 0.3427734375 0.57421875 0.076171875 0.1103515625
0 0.5361328125 0.3525390625 0.0498046875 0.09765625
0 0.2255859375 0.3876953125 0.0546875 0.078125
0 0.298828125 0.37109375 0.0888671875 0.091796875