0 0.37109375 0.4814453125 0.0322265625 0.03125
0 0.17578125 0.4599609375 0.0322265625 0.0703125
0 0.388671875 0.41796875 0.03515625 0.0263671875
0 0.4638671875 0.4541015625 0.046875 0.0478515625
1 0.439453125 0.2421875 0.0234375 0.046875
0 0.462890625 0.4833984375 0.04296875 0.0576171875
0 0.349609375 0.5283203125 0.0400390625 0.0556640625
0 0.4619140625 0.4189453125 0.05078125 0.04296875
0 0.4091796875 0.4599609375 0.03125 0.0634765625
0 0.447265625 0.5205078125 0.0390625 0.05859375
0 0.9033203125 0.369140625 0.02734375 0.052734375
0 0.412109375 0.310546875 0.0390625 0.05078125
0 0.46484375 0.611328125 0.03515625 0.060546875
0 0.4853515625 0.3115234375 0.0263671875 0.044921875
0 0.52734375 0.435546875 0.0322265625 0.0546875
0 0.5009765625 0.541015625 0.0263671875 0.06640625
0 0.5341796875 0.5029296875 0.037109375 0.0625
0 0.822265625 0.5029296875 0.0341796875 0.0625
0 0.3349609375 0.6044921875 0.0546875 0.0712890625