0 0.564453125 0.439453125 0.04296875 0.0791015625
0 0.595703125 0.4541015625 0.0419921875 0.0732421875
0 0.5615234375 0.392578125 0.0419921875 0.060546875
0 0.650390625 0.501953125 0.0478515625 0.0810546875
1 0.533203125 0.357421875 0.0322265625 0.0654296875
0 0.6728515625 0.5390625 0.0478515625 0.0654296875
0 0.529296875 0.421875 0.029296875 0.0654296875
0 0.1630859375 0.2890625 0.044921875 0.0625
0 0.7255859375 0.404296875 0.0322265625 0.06640625
0 0.712890625 0.607421875 0.0576171875 0.0810546875
0 0.2099609375 0.3837890625 0.0390625 0.06640625
0 0.4951171875 0.279296875 0.046875 0.05078125
0 0.33203125 0.6513671875 0.0546875 0.0869140625
0 0.2373046875 0.544921875 0.046875 0.083984375