0 0.615234375 0.5126953125 0.0419921875 0.0869140625
0 0.46875 0.474609375 0.0400390625 0.044921875
0 0.369140625 0.498046875 0.0546875 0.0791015625
0 0.4091796875 0.5205078125 0.046875 0.0869140625
0 0.072265625 0.4267578125 0.05078125 0.0869140625
0 0.4599609375 0.52734375 0.0478515625 0.09765625
0 0.5048828125 0.43359375 0.0341796875 0.05078125
0 0.5966796875 0.4892578125 0.037109375 0.0810546875
0 0.1591796875 0.716796875 0.0556640625 0.1025390625
0 0.4404296875 0.455078125 0.0400390625 0.07421875
0 0.65234375 0.51171875 0.0390625 0.0888671875
0 0.541015625 0.4501953125 0.04296875 0.0869140625
0 0.517578125 0.4931640625 0.05859375 0.08203125
1 0.923828125 0.4951171875 0.0400390625 0.08984375
0 0.2734375 0.529296875 0.052734375 0.0869140625
0 0.369140625 0.330078125 0.0419921875 0.06640625
0 0.0478515625 0.326171875 0.044921875 0.06640625
0 0.4208984375 0.5888671875 0.06640625 0.08984375
0 0.310546875 0.4755859375 0.0419921875 0.091796875