0 0.6123046875 0.474609375 0.046875 0.060546875
0 0.517578125 0.529296875 0.0390625 0.0419921875
0 0.55078125 0.4521484375 0.044921875 0.0791015625
0 0.48828125 0.611328125 0.0576171875 0.09765625
0 0.5693359375 0.521484375 0.0634765625 0.0703125
0 0.529296875 0.5908203125 0.0546875 0.08984375
0 0.619140625 0.60546875 0.0419921875 0.0947265625
0 0.9248046875 0.330078125 0.0712890625 0.0966796875
0 0.4853515625 0.572265625 0.05078125 0.09375
0 0.6953125 0.48046875 0.0556640625 0.05078125
0 0.5068359375 0.45703125 0.05078125 0.107421875
0 0.7958984375 0.451171875 0.0419921875 0.08203125
0 0.341796875 0.494140625 0.0400390625 0.10546875
1 0.1474609375 0.431640625 0.05078125 0.09375
0 0.638671875 0.529296875 0.06640625 0.09375