0 0.3740234375 0.474609375 0.0703125 0.10546875
0 0.5390625 0.509765625 0.0771484375 0.0947265625
0 0.16015625 0.330078125 0.05078125 0.0869140625
0 0.3974609375 0.5380859375 0.0703125 0.09765625
0 0.0771484375 0.45703125 0.0546875 0.087890625
0 0.478515625 0.6494140625 0.05078125 0.0673828125
0 0.357421875 0.443359375 0.0517578125 0.09375
0 0.2919921875 0.462890625 0.052734375 0.09375
0 0.458984375 0.486328125 0.0673828125 0.0869140625
1 0.70703125 0.306640625 0.03515625 0.08203125
0 0.61328125 0.5869140625 0.078125 0.10546875
0 0.8603515625 0.4541015625 0.0546875 0.078125
0 0.70703125 0.4873046875 0.064453125 0.0869140625