0 0.490234375 0.42578125 0.0498046875 0.0771484375
0 0.55859375 0.4716796875 0.056640625 0.078125
0 0.5439453125 0.421875 0.0439453125 0.048828125
0 0.078125 0.294921875 0.05859375 0.06640625
0 0.501953125 0.5078125 0.076171875 0.0966796875
0 0.12890625 0.3671875 0.0478515625 0.087890625
0 0.01953125 0.626953125 0.0390625 0.1015625
0 0.2978515625 0.361328125 0.046875 0.0908203125
0 0.4501953125 0.4453125 0.0517578125 0.09765625
0 0.1328125 0.4404296875 0.05078125 0.095703125
0 0.388671875 0.640625 0.0654296875 0.0830078125
1 0.89453125 0.326171875 0.04296875 0.0908203125
0 0.7646484375 0.4599609375 0.046875 0.0927734375
0 0.6171875 0.5673828125 0.0546875 0.09375
0 0.626953125 0.4677734375 0.0546875 0.08203125
0 0.2060546875 0.3349609375 0.052734375 0.0703125