0 0.591796875 0.5361328125 0.0546875 0.080078125
0 0.572265625 0.4775390625 0.046875 0.0966796875
0 0.666015625 0.4638671875 0.05078125 0.08984375
0 0.630859375 0.490234375 0.0625 0.0966796875
1 0.9375 0.3291015625 0.04296875 0.091796875
0 0.349609375 0.392578125 0.0400390625 0.078125
0 0.720703125 0.4599609375 0.0615234375 0.09375
0 0.5302734375 0.3759765625 0.05078125 0.08203125
0 0.22265625 0.419921875 0.0439453125 0.0712890625
0 0.12890625 0.3427734375 0.041015625 0.0908203125
0 0.529296875 0.451171875 0.05078125 0.09765625
0 0.0771484375 0.35546875 0.0546875 0.078125
0 0.03125 0.2890625 0.05859375 0.078125
0 0.8916015625 0.470703125 0.052734375 0.0830078125
0 0.8046875 0.4619140625 0.041015625 0.1015625