0 0.5654296875 0.447265625 0.0400390625 0.068359375
0 0.41015625 0.65625 0.05078125 0.0546875
0 0.880859375 0.4404296875 0.0537109375 0.0732421875
0 0.44921875 0.4306640625 0.05078125 0.08984375
0 0.412109375 0.4697265625 0.0703125 0.0986328125
0 0.09375 0.373046875 0.0498046875 0.08984375
1 0.8154296875 0.3095703125 0.0419921875 0.0859375
0 0.1796875 0.3369140625 0.05859375 0.09375
0 0.435546875 0.5126953125 0.0625 0.0869140625
0 0.5458984375 0.5029296875 0.0859375 0.091796875
0 0.2490234375 0.330078125 0.0498046875 0.087890625
0 0.5087890625 0.474609375 0.068359375 0.0791015625
0 0.119140625 0.4384765625 0.06640625 0.0859375
0 0.5703125 0.57421875 0.0859375 0.09765625
0 0.7373046875 0.4697265625 0.0625 0.08203125