0 0.5234375 0.4248046875 0.0380859375 0.0771484375
0 0.54296875 0.443359375 0.0419921875 0.0576171875
0 0.5791015625 0.5859375 0.05859375 0.0576171875
0 0.4619140625 0.4658203125 0.0517578125 0.0859375
0 0.4970703125 0.439453125 0.041015625 0.08203125
0 0.58984375 0.6328125 0.09375 0.09765625
0 0.5966796875 0.482421875 0.052734375 0.095703125
0 0.451171875 0.4306640625 0.04296875 0.068359375
0 0.4033203125 0.3701171875 0.05078125 0.0859375
0 0.748046875 0.4599609375 0.044921875 0.0927734375
0 0.2158203125 0.29296875 0.056640625 0.0703125
0 0.4150390625 0.5078125 0.0556640625 0.0927734375
0 0.2998046875 0.3291015625 0.04296875 0.0810546875
0 0.2158203125 0.373046875 0.0498046875 0.083984375
0 0.568359375 0.5 0.072265625 0.09375
0 0.6826171875 0.451171875 0.052734375 0.08203125
1 0.9296875 0.322265625 0.0419921875 0.091796875
0 0.2119140625 0.4482421875 0.0556640625 0.0869140625
0 0.50390625 0.4970703125 0.0673828125 0.0966796875