0 0.458984375 0.484375 0.0546875 0.08984375
0 0.375 0.4716796875 0.0595703125 0.10546875
0 0.736328125 0.5029296875 0.05078125 0.08203125
0 0.568359375 0.640625 0.0595703125 0.083984375
0 0.693359375 0.5869140625 0.06640625 0.1025390625
0 0.31640625 0.45703125 0.052734375 0.09765625
0 0.0595703125 0.3330078125 0.0390625 0.08984375
0 0.1982421875 0.4736328125 0.0693359375 0.0966796875
0 0.052734375 0.4814453125 0.052734375 0.0966796875
0 0.43359375 0.5625 0.06640625 0.103515625
1 0.619140625 0.306640625 0.05078125 0.080078125
0 0.5703125 0.5302734375 0.0791015625 0.1064453125
0 0.8486328125 0.48046875 0.0537109375 0.08984375