0 0.470703125 0.3388671875 0.0419921875 0.04296875
0 0.4599609375 0.4365234375 0.044921875 0.0322265625
0 0.68359375 0.3720703125 0.0263671875 0.0869140625
0 0.458984375 0.361328125 0.04296875 0.044921875
0 0.5546875 0.4560546875 0.05859375 0.05859375
0 0.494140625 0.423828125 0.04296875 0.0576171875
0 0.3818359375 0.373046875 0.029296875 0.068359375
0 0.7939453125 0.341796875 0.0341796875 0.0703125
0 0.552734375 0.3154296875 0.0341796875 0.0654296875
0 0.5498046875 0.365234375 0.046875 0.044921875
0 0.5517578125 0.408203125 0.052734375 0.052734375
0 0.458984375 0.396484375 0.046875 0.0498046875
0 0.546875 0.482421875 0.0498046875 0.0859375
0 0.4013671875 0.31640625 0.0341796875 0.076171875
0 0.447265625 0.4716796875 0.05078125 0.05859375
0 0.861328125 0.638671875 0.0419921875 0.0966796875
0 0.7177734375 0.4326171875 0.0390625 0.0810546875
1 0.8466796875 0.41796875 0.0400390625 0.0791015625
0 0.3056640625 0.404296875 0.0263671875 0.091796875
0 0.783203125 0.287109375 0.03125 0.0732421875
0 0.197265625 0.4140625 0.04296875 0.078125
0 0.4423828125 0.61328125 0.0556640625 0.091796875