0 0.509765625 0.498046875 0.060546875 0.05859375
0 0.4951171875 0.517578125 0.05859375 0.0322265625
0 0.470703125 0.490234375 0.052734375 0.0791015625
0 0.4951171875 0.5419921875 0.0625 0.0400390625
0 0.724609375 0.4755859375 0.044921875 0.0888671875
0 0.5771484375 0.4765625 0.0576171875 0.05859375
0 0.6044921875 0.521484375 0.068359375 0.0634765625
0 0.474609375 0.4404296875 0.052734375 0.046875
0 0.4140625 0.529296875 0.0400390625 0.1044921875
0 0.6630859375 0.5615234375 0.03515625 0.107421875
0 0.560546875 0.4150390625 0.052734375 0.0703125
0 0.8271484375 0.5478515625 0.044921875 0.1044921875
0 0.162109375 0.498046875 0.0400390625 0.09765625
0 0.435546875 0.4150390625 0.052734375 0.0888671875
0 0.751953125 0.396484375 0.0322265625 0.091796875
0 0.5849609375 0.568359375 0.05078125 0.0947265625
0 0.759765625 0.52734375 0.0478515625 0.0947265625
0 0.501953125 0.5830078125 0.0625 0.068359375
0 0.52734375 0.294921875 0.0419921875 0.0654296875
0 0.443359375 0.294921875 0.060546875 0.0654296875