0 0.482421875 0.595703125 0.021484375 0.0634765625
0 0.3798828125 0.5390625 0.0576171875 0.0380859375
0 0.4677734375 0.38671875 0.0283203125 0.08203125
0 0.4833984375 0.4111328125 0.0400390625 0.05859375
0 0.6240234375 0.525390625 0.03515625 0.109375
0 0.37890625 0.580078125 0.064453125 0.0791015625
0 0.5078125 0.6005859375 0.0595703125 0.0703125
0 0.4658203125 0.498046875 0.06640625 0.0634765625
0 0.4892578125 0.5458984375 0.078125 0.0673828125
0 0.2001953125 0.515625 0.0419921875 0.109375
0 0.3642578125 0.5078125 0.05859375 0.0537109375
0 0.4609375 0.4521484375 0.064453125 0.0712890625
0 0.8955078125 0.478515625 0.0380859375 0.0966796875
0 0.3349609375 0.3984375 0.052734375 0.0849609375
0 0.3544921875 0.48046875 0.0595703125 0.056640625
0 0.2958984375 0.4453125 0.033203125 0.0634765625
0 0.619140625 0.3310546875 0.0283203125 0.087890625
0 0.6640625 0.59375 0.0419921875 0.1162109375
0 0.1689453125 0.5595703125 0.05078125 0.095703125
0 0.384765625 0.611328125 0.0673828125 0.0791015625
0 0.2890625 0.3349609375 0.05859375 0.08203125