0 0.4658203125 0.4287109375 0.07421875 0.1220703125
0 0.1396484375 0.763671875 0.05078125 0.033203125
0 0.51953125 0.421875 0.080078125 0.16015625
0 0.384765625 0.388671875 0.0810546875 0.1435546875
0 0.697265625 0.3974609375 0.0791015625 0.1181640625
0 0.7919921875 0.6123046875 0.109375 0.15625
0 0.3916015625 0.4619140625 0.087890625 0.1171875
0 0.5712890625 0.419921875 0.072265625 0.158203125
0 0.6865234375 0.451171875 0.09765625 0.115234375
1 0.951171875 0.677734375 0.0751953125 0.181640625
1 0.2568359375 0.2705078125 0.06640625 0.1025390625
0 0.7099609375 0.62109375 0.0888671875 0.1533203125