0 0.431640625 0.4599609375 0.0390625 0.03515625
0 0.4365234375 0.439453125 0.0419921875 0.029296875
0 0.4609375 0.478515625 0.04296875 0.0478515625
0 0.650390625 0.453125 0.037109375 0.052734375
0 0.412109375 0.423828125 0.0400390625 0.060546875
1 0.501953125 0.244140625 0.0322265625 0.05078125
0 0.427734375 0.515625 0.05078125 0.05859375
0 0.6259765625 0.2978515625 0.0234375 0.0546875
0 0.650390625 0.50390625 0.037109375 0.0732421875
0 0.521484375 0.458984375 0.0654296875 0.0400390625
0 0.517578125 0.4267578125 0.0576171875 0.04296875
0 0.6171875 0.376953125 0.0244140625 0.0576171875
0 0.5185546875 0.4951171875 0.0625 0.046875
0 0.7001953125 0.412109375 0.037109375 0.05859375
0 0.529296875 0.6015625 0.04296875 0.0810546875
0 0.5205078125 0.544921875 0.0712890625 0.05078125
0 0.2978515625 0.4638671875 0.029296875 0.0810546875
0 0.4560546875 0.296875 0.037109375 0.05859375
0 0.2607421875 0.4990234375 0.0400390625 0.0703125
0 0.416015625 0.357421875 0.0419921875 0.05859375
0 0.4365234375 0.5927734375 0.0576171875 0.08203125