0 0.53125 0.44921875 0.068359375 0.068359375
0 0.462890625 0.3955078125 0.0517578125 0.05859375
0 0.4697265625 0.3447265625 0.0390625 0.05859375
0 0.412109375 0.3203125 0.0380859375 0.0634765625
0 0.51953125 0.4853515625 0.0390625 0.078125
0 0.5380859375 0.3583984375 0.0595703125 0.056640625
0 0.453125 0.466796875 0.0478515625 0.06640625
0 0.5537109375 0.3212890625 0.0458984375 0.0625
0 0.515625 0.3974609375 0.0595703125 0.064453125
0 0.3935546875 0.4765625 0.041015625 0.0810546875
0 0.3173828125 0.4130859375 0.04296875 0.072265625
0 0.7021484375 0.4677734375 0.041015625 0.08203125
0 0.677734375 0.39453125 0.0390625 0.068359375
0 0.8193359375 0.291015625 0.0283203125 0.060546875
0 0.802734375 0.3408203125 0.0361328125 0.0810546875
0 0.453125 0.6162109375 0.0595703125 0.0859375
1 0.84765625 0.4208984375 0.044921875 0.0751953125
0 0.208984375 0.4150390625 0.0478515625 0.0703125
0 0.9150390625 0.64453125 0.0517578125 0.0849609375