0 0.455078125 0.38671875 0.029296875 0.080078125
0 0.482421875 0.5947265625 0.021484375 0.064453125
0 0.37890625 0.5390625 0.056640625 0.0380859375
0 0.4609375 0.451171875 0.0615234375 0.0712890625
0 0.3779296875 0.580078125 0.0654296875 0.0791015625
0 0.5068359375 0.6005859375 0.060546875 0.0703125
0 0.4658203125 0.4970703125 0.068359375 0.0625
0 0.365234375 0.5068359375 0.0576171875 0.0537109375
0 0.4892578125 0.5458984375 0.078125 0.0673828125
0 0.6220703125 0.5283203125 0.0380859375 0.109375
0 0.2001953125 0.513671875 0.03515625 0.109375
0 0.896484375 0.478515625 0.0390625 0.0966796875
0 0.5 0.427734375 0.033203125 0.0859375
0 0.3544921875 0.48046875 0.0615234375 0.0546875
0 0.2900390625 0.455078125 0.044921875 0.064453125
0 0.6650390625 0.59375 0.0439453125 0.1171875
0 0.384765625 0.611328125 0.06640625 0.0791015625
0 0.6181640625 0.330078125 0.02734375 0.08984375
0 0.16796875 0.560546875 0.05078125 0.0947265625
0 0.330078125 0.3994140625 0.0634765625 0.0869140625
0 0.2890625 0.3349609375 0.0576171875 0.08203125